x;y;acc_x;acc_y;jerk_x;jerk_y
-0,000363813072541373;0,020298412375535858;0,016377798673094454;0,007032185495795762;-0,019357665540013037;-0,015273170752703735
-0,001356767291734043;0,021133395535169866;-0,002979866866918583;-0,008240985256907973;0,005407379634478245;-0,004498836761079095
-0,0016946095640029348;0,022249666114635705;0,0024275127675596614;-0,012739822017987068;-0,0040736323762817425;0,00565968611606571
-0,0021516465109485696;0,023036297283825228;-0,0016461196087220811;-0,007080135901921358;0,00042592097675125257;0,006986852433884416
-0,0025115829471918185;0,023313335572295264;-0,0012201986319708286;-9,32834680369421e-05;0,0017423758462870587;-0,0024664351807108797
-0,00293736416778395;0,023307168424688447;0,0005221772143162301;-0,002559718648747822;-0,005995450372211691;-0,003086463004852602
-0,003411953333654915;0,023297269938360152;-0,005473273157895461;-0,005646181653600424;0,0028267747122592835;-0,00172262061991868
-0,003865655410953231;0,023184982706081946;-0,002646498445636178;-0,007368802273519104;-0,0007959390545082407;0,006492494993066145
-0,004538288414567365;0,022846848207659722;-0,0034424375001444185;-0,0008763072804529592;0,011113487444979142;-0,0021989321552737806
-0,005316781356006947;0,02221396161829673;0,007671049944834724;-0,00307523943572674;0,0031408759397045793;0,0016925842674540004
-0,006232971797452305;0,021546022737715626;0,010811925884539303;-0,0013826551682727395;-0,004319396414927706;0,004911515642409714
-0,006842320241104274;0,020755074279705448;0,0064925294696115965;0,0035288604741369745;0,0034641034549251215;0,0020554169497541963
-0,0070191916493746705;0,019908819614964362;0,009956632924536718;0,005584277423891171;-0,00661653812909041;0,0027001924152439405
-0,006936361878860604;0,019203719369188754;0,003340094795446308;0,008284469839135111;0,008618512683775142;-0,002585041993978243
-0,006455266791365068;0,018721990220368794;0,01195860747922145;0,005699427845156868;-0,008663534365501671;-0,001124590279599158
-0,00584056791205168;0,018571639865114238;0,003295073113719779;0,00457483756555771;-0,01157438410283207;-0,006655282395104545
-0,004747524733569435;0,018649266623665957;-0,00827931098911229;-0,0020804448295468347;0,0070170749320668385;-0,001639804339835571
-0,003522678630538398;0,018909886884839983;-0,0012622360570454516;-0,003720249169382406;-0,007072921949676306;-0,000936281674616124
-0,002629004967071852;0,01908728935283214;-0,008335158006721757;-0,00465653084399853;0,004004132990776593;0,0037163771229442033
-0,001785820745887125;0,019115881854048996;-0,004331025015945164;-0,0009401537210543265;-0,004588199295830684;-0,009573461643975045
-0,001276042844971268;0,01895821312150591;-0,008919224311775848;-0,010513615365029372;8,833287524299613e-05;-0,0002945500467748108
-0,0009395059446932175;0,018762938240120656;-0,008830891436532852;-0,010808165411804183;0,0017733407738579447;0,003901248421040504
-0,0009597380168862009;0,018147118744134223;-0,007057550662674907;-0,0069069169907636785;0,002354594071101789;0,0010899989201804683
-0,0013332057465404983;0,017098972631675625;-0,004702956591573118;-0,00581691807058321;0,005482846614938551;0,0033087503572267196
-0,001988975502701792;0,01577454983958648;0,000779890023365433;-0,0025081677133564906;-0,00045684930348773717;0,004506928290206991
-0,002832863522526011;0,014217450324674004;0,0003230407198776958;0,0019987605768505;0,0021216868164543323;0,003324054468200416
-0,003645555941415612;0,01256002410122727;0,002444727536332028;0,005322815045050916;0,003867771402413109;0,0020576995389349206
-0,004445326731510105;0,010982548300854557;0,006312498938745137;0,007380514583985837;-0,001780334733886918;-0,0004694931596280205
-0,005147308420151318;0,009617985102283878;0,004532164204858219;0,006911021424357816;0,0028325344285244913;-0,0045571115673469775
-0,005596790151242724;0,008548642487072634;0,00736469863338271;0,0023539098570108385;-0,005017391222621764;0,004889897597432219
-0,005864985314139802;0,007755740728835703;0,002347307410760946;0,0072438074544430575;0,006243635428138328;-0,0066974384905712225
-0,005838592531701572;0,007056995364879205;0,008590942838899274;0,000546368963871835;-0,004443108642093324;0,005870583810740765
-0,005718307452832904;0,006648002299100429;0,0041478341968059496;0,0064169527746126;-0,004371108822723763;-0,007173182248104398
-0,0052543846604082645;0,006260863991876527;-0,0002232746259178131;-0,0007562294734917985;0,003196710340210712;0,0016118706271231742
-0,004624548500111387;0,0061304037956371295;0,002973435714292899;0,0008556411536313757;-0,0019978084282776185;0,0019611229454561674
-0,004003643324851223;0,005969694420458059;0,0009756272860152806;0,002816764099087543;-0,006366218457741102;-0,000937230063906197
-0,003263800721019342;0,005843210691424244;-0,005390591171725821;0,001879534035181346;0,0028098599304764785;0,0035178606022372994
-0,0024849330257468503;0,005829397526353931;-0,0025807312412493427;0,0053973946374186454;0,0036630496889958793;-0,0010030131312871726
-0,0019216889773433913;0,005890765722690872;0,0010823184477465365;0,004394381506131473;-0,000638709930166393;0,010769722668040327
-0,001461674178589906;0,006168029704524558;0,0004436085175801435;0,0151641041741718;0,0033774916872015455;-0,0015904705519612927
-0,0009583666419265592;0,006621068946603503;0,003821100204781689;0,013573633622210507;-0,0009951029413179727;-0,006016231829449631
-0,00043731476456000673;0,007680672355649321;0,0028259972634637164;0,007557401792760876;0,0040299893455313825;-0,002131921690183919
0,00023658112099781336;0,009283221109583559;0,006855986608995099;0,005425480102576957;-0,006035505842285533;-0,007628804416834362
0,001023516897094182;0,01118806593522823;0,0008204807667095658;-0,0022033243142574044;-0,0006857930664771299;0,003466287790064637
0,0020846921375503548;0,013309929964975983;0,00013468770023243593;0,0012629634758072328;-0,0016240833307721997;-0,011724039600795766
0,00317868660867491;0,015343661022153437;-0,0014893956305397638;-0,010461076124988533;-0,0022079539262084696;-0,010444665733253422
0,004278068587808763;0,01742791061836318;-0,0036973495567482334;-0,020905741858241955;-0,00043049317465303216;0,004629849390138663
0,005317874741721025;0,019093717169573383;-0,0041278427314012656;-0,016275892468103292;-0,001569395397784057;0,013633503179943662
0,006209786913363358;0,019923294046453908;-0,0056972381291853225;-0,00264238928815963;0,00552492564016932;0,0018242382419390024
0,00693658537574964;0,0201018352246103;-0,00017231248901600216;-0,0008181510462206276;-0,004303800701823485;-0,008711294793335322
0,00743549431296851;0,02017468083124031;-0,004476113190839487;-0,00952944583955595;0,0024928563050972685;-0,002818645872188996
0,007927510750626738;0,02021480039602149;-0,0019832568857422184;-0,012348091711744946;-0,002053601538496208;0,01788792268119549
0,008240482660651388;0,019873742127220435;-0,0040368584242384264;0,005539830969450543;0,007018126476561165;-0,0008523142152564445
0,00847412429524635;0,019038760189949582;0,0029812680523227386;0,004687516754194099;-0,003583413428877358;-0,003501432415592809
0,008546291592871774;0,01842537149145675;-0,0006021453765546192;0,0011860843386012898;-0,006089219177741412;-0,0022033003472846646
0,008737709612590107;0,017999483463131682;-0,006691364554296031;-0,0010172160086833748;0,0048560021143318755;0,0015401210704831803
0,008905041817246256;0,017621038808350666;-0,0018353624399641555;0,0005229050617998054;-0,0019128112140588682;0,007965560403531635
0,008804719439730564;0,017201905513222315;-0,0037481736540230237;0,00848846546533144;0,0017116156858674736;-0,002616479507139169
0,008630982564616304;0,016803688420565958;-0,00203655796815555;0,005871985958192272;-0,002334515431887396;0,0008527722972812568
0,008307318743341124;0,016745009946522855;-0,004371073400042946;0,006724758255473529;0,0005823589819219654;-0,004288624235751215
0,007902192603339723;0,016921210910807446;-0,003788714418120981;0,0024361340197223136;0,0064910853923332845;4,5730823931444675e-05
0,007322223527336603;0,017366402205310976;0,0027023709742123037;0,0024818648436537583;-0,0005420869101411818;-0,00677902900529137
0,006590705874608645;0,0179090388606034;0,002160284064071122;-0,004297164161637612;-0,003598752878421499;-0,005189578205538281
0,0059672830608491784;0,018550950109641973;-0,001438468814350377;-0,009486742367175893;0,005378157477459303;-0,006031915060018933
0,005430271609652556;0,019020974792215043;0,003939688663108926;-0,015518657427194826;0,0010872017272423595;-0,0007828056953887996
0,0048357214058819195;0,019111529780101076;0,005026890390351285;-0,016301463122583626;-0,001965545359367979;0,004351937557880714
0,00439875874863564;0,018581338470899315;0,0030613450309833062;-0,011949525564702912;-0,006680725745037627;0,010826176457054137
0,004162871707003411;0,01739908863679421;-0,003619380714054321;-0,0011233491076487745;0,010964187907004597;0,009433542870600164
0,004049438466610515;0,01573885778010099;0,007344807192950276;0,00831019376295139;-0,003681684203563934;0,0034877037437380243
0,003791229997655446;0,01403369295910182;0,0036631229893863415;0,011797897506689414;-0,006823221619069758;0,003725430664426377
0,003826813816418388;0,012660935888620701;-0,0031600986296834166;0,015523328171115791;0,001692923143701286;-0,004248320609867462
0,004008922554756784;0,011760094718407162;-0,0014671754859821307;0,01127500756124833;0,002023958597926312;-0,007649829763459903
0,004064627347907843;0,011480186675038254;0,0005567831119441813;0,003625177797788426;-0,002335612228633918;-0,005730654090041476
0,004061645121619616;0,011651278934119278;-0,0017788291166897369;-0,00210547629225305;-0,007631862370812523;-0,00809264220072109
0,0040809342198091575;0,011967378305111841;-0,00941069148750226;-0,01019811849297414;0,012680837366144587;0,0007706225479165996
0,004029070153331109;0,01219925862441428;0,0032701458786423276;-0,00942749594505754;-0,0020030277620859266;0,010660885832977307
0,0036007784273529705;0,012023214203997755;0,001267118116556401;0,001233389887919767;-0,0066620513790883185;0,0036243498103417093
0,003303292536520525;0,011470069945778927;-0,005394933262531917;0,004857739698261476;-2,5826796050974765e-05;0,0018669084633488042
0,003056491370350335;0,010966261283076892;-0,005420760058582892;0,0067246481616102805;0,011000990517895097;-0,0037180661007343296
0,002593892873678869;0,010656762208305312;0,005580230459312205;0,003006582060875951;-0,0046967316768020545;-0,006622084795843197
0,0019144639746640866;0,010616249059998147;0,0008834987825101503;-0,0036155027349672464;-0,005512786954531734;-0,0006136391864420276
0,0014582442940217928;0,010695999194126019;-0,004629288172021583;-0,004229141921409274;0,007519436341685568;-0,010669271102089761
0,0010373645646799049;0,0106311292188552;0,0028901481696639846;-0,014898413023499035;0,0017920278005713747;0,0055339040794673
0,0004313133084571537;0,010397093566728011;0,004682175970235359;-0,009364508944031735;-0,002665443315897985;0,0069887564651823775
-5,91320209790381e-05;0,00956712139366086;0,0020167326543373745;-0,002375752478849358;-0,003203161234285677;0,01040885871049152
-0,0003622903116058155;0,00836256886283244;-0,0011864285799483027;0,008033106231642162;0,0016841792335132461;0,005781027281838408
-0,0005847792960590979;0,007062986232850046;0,0004977506535649434;0,01381413351348057;0,003067029565527197;0,008858721756809768
-0,0008547254237103125;0,006084727852133338;0,0035647802190921403;0,022672855270290337;0,0018043459577138724;-0,0072279486910843405
-0,0011047615252189292;0,0056590348119558535;0,005369126176806013;0,015444906579205997;-0,0028437642897458683;-0,010336396693300054
-0,0012122064179638605;0,0061402559825899814;0,0025253618870601444;0,005108509885905943;-0,0010283565248107515;-0,007696525387612424
-0,0011048862636365512;0,00723927341639235;0,0014970053622493928;-0,002588015501706481;0,00023616959085127898;-0,004168639695774218
-0,0008965516338268361;0,008542631245630957;0,0017331749531006718;-0,006756655197480699;0,0010699585479267415;-0,006014975168828096
-0,0006283367895271452;0,009742468454801303;0,0028031335010274133;-0,012771630366308795;0,0006476872214931598;-0,011415629354220302
-0,0002907949471034275;0,010672039456072422;0,003450820722520573;-0,024187259720529097;-0,00971573110733586;-0,004934892415279141
0,00015887223536138674;0,01109074524269119;-0,0062649103848152875;-0,029122152135808238;-0,002484473541729119;0,013969491541487689
0,0007465722467270239;0,010541960640488793;-0,008749383926544407;-0,01515266059432055;0,006403737578618455;0,00553371662914777
0,0010836758427000496;0,008828289952854066;-0,0023456463479259518;-0,00961894396517278;-0,0005904451043902137;-0,005106526502122538
0,001070804081611299;0,006508512841446518;-0,0029360914523161655;-0,014725470467295318;-0,0012708189270465263;0,002539537085187546
0,0009641064666055103;0,003803977971432058;-0,004206910379362692;-0,012185933382107772;0,0034027550101137574;0,007359498947965601
0,0007399651935070749;0,0005104242827257857;-0,0008041553692489344;-0,004826434434142171;0,0009243533868353894;0,005342224392970524
0,0003475475052341319;-0,003270566741264797;0,00012019801758645504;0,0005157899588283527;0,006565489981037807;0,002976363941881874
-7,703639780876851e-05;-0,007244615142621067;0,006685687998624262;0,0034921539007102265;-0,0030734072179952714;-0,003580083361927222
-0,0004968123801482107;-0,011198031945624203;0,003612280780628991;-8,792946121699563e-05;-0,0038088482901102866;0,004269627340884097
-0,0006491608425426823;-0,01501176259259893;-0,00019656750948129562;0,004181697879667101;0,010067185672683953;0,00617210719356881
-0,0006570180737119943;-0,018829010418022336;0,009870618163202657;0,010353805073235911;-0,01141726991956277;0,0012018776938147457
-0,0006727380052605581;-0,02247899032825906;-0,001546651756360113;0,011555682767050657;-0,002155678868830724;-0,001612798680076133
-0,00029363321028101576;-0,025714818035566345;-0,003702330625190837;0,009942884086974524;0,009203683628886138;-0,0011748933049413601
2,3605514444122178e-05;-0,028488418432191603;0,0055013530036953015;0,008767990782033164;-0,0011703011161929913;0,0033601094891650973
0,00019275101416162664;-0,030864303465337882;0,00433105188750231;0,012128100271198261;-0,004373842164388526;-0,0016168808137915214
0,0005819506340269432;-0,032889468867202835;-4,279027688621623e-05;0,01051121945740674;-0,0005428520127752808;-0,009601895513205783
0,001144392329392352;-0,03442951025821986;-0,000585642289661497;0,0009093239442009571;0,0030454500580169262;0,002128984572403736
0,0017051224136823123;-0,03554910287094061;0,0024598077683554292;0,003038308516604693;0,00340708418454741;-0,0004870324936324666
0,0022424268063858128;-0,036632322525893324;0,005866891952902839;0,0025512760229722264;-0,007769286700868155;0,005134787720622369
0,0028781235098235304;-0,03759400984018185;-0,0019023947479653164;0,0076860637435945955;-0,0016060010680608444;-0,000960471160278864
0,0037484958913773614;-0,03845364611355149;-0,003508395816026161;0,0067255925833157315;0,0012636007621504436;0,0019690865955155346
0,00454277248301258;-0,03900583983717734;-0,002244795053875717;0,008694679178831266;0,0023088961903496713;0,0038169554752004453
0,005196713242006752;-0,039289009857470567;6,41011364739541e-05;0,012511634654031711;-0,0028097147364461728;-0,004405141420563696
0,005760862198845895;-0,03922439271061054;-0,0027456135999722187;0,008106493233468015;0,002896519179623802;0,0018935892488654016
0,006327575201143997;-0,038659310177589244;0,00015090557965158347;0,010000082482333417;-0,0020702400605017435;0,00027752078876552844
0,006784463659443209;-0,03776996791522923;-0,00191933448085016;0,010277603271098945;0,001924267002586466;0,0014269395522590322
0,0072473883409284855;-0,036480622353575874;4,932521736306095e-06;0,011704542823357977;0,002601639874414974;-0,007939331535209648
0,007633539643179755;-0,034780172661078565;0,00260657239615128;0,003765211288148329;-0,0022775060759651633;-0,0013035820777732576
0,008019888246300478;-0,032611541255646935;0,0003290663201861166;0,0024616292103750714;-0,0004010599871150933;0,009199365137297466
0,00851049974526725;-0,030292301398689374;-7,199366692897669e-05;0,011660994347672538;-0,005253316785083173;-0,002051201567224381
0,009014273897041469;-0,02787459637331681;-0,00532531045201215;0,009609792780448156;-0,00033225497649791436;-0,006282816810980696
0,009515168302138527;-0,024990451574037342;-0,005657565428510064;0,0033269759694674605;-0,0012010850263187711;-0,006102251373243939
0,0098030502891551;-0,02172191506353995;-0,006858650454828835;-0,002775275403776478;0,005621640343833112;-0,009424650500418852
0,00986462965903127;-0,01832029951426386;-0,0012370101109957232;-0,01219992590419533;0,001061017041918244;0,0030061558251974763
0,009651863010714287;-0,015029694981138826;-0,00017599306907747914;-0,009193770078997854;-0,004007362776793394;-0,009842925583878226
0,009389615957957474;-0,012227087484181607;-0,004183355845870873;-0,01903669566287608;0,00887137533890009;0,0006611537737955531
0,009120329182437563;-0,009792230790384302;0,004688019493029216;-0,018375541889080527;-0,0026898527014721507;0,004218924025720494
0,008683708173082817;-0,008118841923102041;0,0019981667915570656;-0,014156617863360033;-0,0013932102010552894;0,0008514233928442472
0,008434607943449239;-0,007180474731383;0,0006049565905017762;-0,013305194470515785;-0,0009729732971612282;0,006109556736915184
0,008265434385477945;-0,00680837225419836;-0,00036801670665945196;-0,007195637733600602;-0,006502707072586267;0,004593833653931179
0,00812045909112672;-0,006968477555834353;-0,006870723779245719;-0,002601804079669423;0,002896875023442158;0,00942226464347748
0,00796076312850912;-0,007416408366814369;-0,003973848755803561;0,006820460563808056;0,0014509795294405103;0,003709846397231681
0,007526238214721688;-0,007968411340981162;-0,0025228692263630503;0,010530306961039737;-0,0042048821494907185;-0,013244005493478761
0,006932759350702115;-0,008247595892595633;-0,006727751375853769;-0,002713698532439024;0,01023279795571326;0,002928220725562952
0,0062383657176280196;-0,008105568165768514;0,0035050465798594915;0,00021452219312392828;-0,002522038056352427;0,002331659432472155
0,005274862029519774;-0,008072088380238956;0,0009830085235070646;0,0025461816255960834;0,008950360013430261;0,00560634290562112
0,004451560204605907;-0,008030027706984442;0,009933368536937326;0,008152524531217203;-0,010012632750590417;-0,002042651607585877
0,0036675787206323237;-0,007886119768706084;-7,926421365309078e-05;0,0061098729236313265;0,00551556847138196;-0,008313757872282473
0,003280931978136233;-0,007416110849179038;0,005436304257728869;-0,002203884948651147;0,001228302527142358;0,013131237551403968
0,0028911146670940187;-0,006701707012706738;0,006664606784871227;0,010927352602752821;-0,002852836363236938;-0,00025772182372589547
0,002718749526360959;-0,006075458574180485;0,003811770421634289;0,010669630779026926;0,005210428789056767;0,005488727743323242
0,0028129686570227486;-0,0050121160315441185;0,009022199210691056;0,016158358522350168;-0,012182679284466036;-0,011788126494873069
0,00305965860454991;-0,003521988257746675;-0,0031604800737749794;0,004370232027477099;0,00559217914385525;-0,000518675319001051
0,003667236520504713;-0,0013855261430552248;0,0024316990700802704;0,0038515567084760477;-0,005298152781198814;0,00010086774140272148
0,004148395233508517;0,000925745252735309;-0,002866453711118544;0,003952424449878769;0,0054904768222173855;-0,007003330298396879
0,004726821909315533;0,003391078916864885;0,0026240231110988416;-0,0030509058485181095;-0,0066922609023468;-0,004874795082872668
0,005190590436677806;0,006014509558989611;-0,004068237791247958;-0,007925700931390778;-0,0012276122083981766;-0,0026559205433361044
0,005759319888484033;0,008515903967173614;-0,005295849999646135;-0,010581621474726882;0,002431745170667521;-0,006126495866359577
0,006165319828640341;0,010700270338101985;-0,002864104828978614;-0,01670811734108646;0,0012375339481081882;0,0023319194376466568
0,006359485768810804;0,012461371850041281;-0,001626570880870426;-0,014376197903439802;0,003250230568882101;-0,0072624708365905954
0,0064390875158221225;0,013554148668337119;0,001623659688011675;-0,021638668740030398;-0,006263296727394868;0,0035559314053320024
0,0064536264275986245;0,014071877570495364;-0,004639637039383193;-0,018082737334698396;0,0009010646430250291;0,0021567739088481086
0,006533111726895593;0,013724059723052394;-0,003738572396358164;-0,015925963425850287;0,007199483175749227;0,011525461809409165
0,006427011544617234;0,012652932382221488;0,003460910779391063;-0,0044005016164411215;-0,005736320900201125;0,006208466403001045
0,006171368466484548;0,010944766504356569;-0,002275410120810062;0,0018079647865599235;0,006149775537402896;-0,0034579999283096408
0,0060541618195275055;0,009060580561834007;0,0038743654165928343;-0,0016500351417497172;-0,0037200597913691347;0,00775958622124133
0,005845938767738059;0,007248713210773841;0,00015430562522369962;0,0061095510794916125;0,004956985492460209;-0,0014256074204307273
0,005792690332612327;0,005370844454043687;0,005111291117683908;0,004683943659060885;-0,0013392081221929308;0,00517733763089059
0,005745614122495543;0,0037373577404931965;0,0037720829954909774;0,009861281289951476;-0,006049667050888524;-0,011826315105885162
0,005902989557086114;0,002291228773305142;-0,002277584055397547;-0,0019650338159336866;0,007392869236347188;0,0014372442862384364
0,006211248311496326;0,0012395510577151462;0,005115285180949641;-0,0005277895296952502;0,0007939578173629669;-0,0043937898345776764
0,006428403703690635;0,0001092719894878033;0,005909242998312608;-0,004921579364272927;0,000368978587393487;0,0020608617767768483
0,0068501705031229305;-0,0010421186599273496;0,006278221585706095;-0,0028607175874960783;-0,006179748035795102;0,004645562167306876
0,007508307022487729;-0,0023903724839134197;9,847354991099344e-05;0,0017848445798107973;-0,0024667436340094773;-0,005812931126445063
0,008417572405280772;-0,003853055011399333;-0,002368270084098484;-0,004028086546634266;0,004042199866299612;0,005717963559501618
0,009330776730070255;-0,005244343755692814;0,0016739297822011279;0,0016898770128673524;-0,0018694315222221036;0,0005348767921846131
0,010149250251495798;-0,006796755961851666;-0,00019550174002097576;0,0022247538050519655;-0,009188810432384342;0,01057018813679031
0,011034680964209388;-0,008281573087495823;-0,009384312172405318;0,012794941941842275;0,0005965405779974065;0,010003946940428637
0,011912291607322135;-0,009677400060937903;-0,008787771594407912;0,022798888882270912;-0,002855440479261895;-0,01544324666017824
0,012414529763538674;-0,010561429356706292;-0,011643212073669806;0,007355642222092673;0,005914094768512068;0,0025456450399499453
0,012565257055978893;-0,010533503097183842;-0,005729117305157738;0,009901287262042618;-0,005769234541689594;-0,004594525919210113
0,012250255865472322;-0,010211351148777689;-0,011498351846847332;0,0053067613428325056;0,003294859071588746;-0,005447202752512814
0,01170608998275944;-0,009493147709889828;-0,008203492775258586;-0,0001404414096803086;0,0024468858829809204;-0,011210502167284975
0,010701990026172666;-0,008562673817288667;-0,005756606892277666;-0,011350943576965283;0,002650838673106448;-0,009911484632857237
0,009369750358575547;-0,0076378175810747195;-0,0031057682191712177;-0,02126242820982252;0,004126919807847948;0,014875340455887315
0,007807246415287322;-0,0071669990879393835;0,0010211515886767303;-0,0063870877539352056;0,0004865626125992034;0,004767047174211697
0,006120511743232249;-0,0075466777231969475;0,0015077142012759337;-0,0016200405797235085;0,003012309336601328;0,0023873459719935264
0,004474623134724244;-0,00818183986861192;0,004520023537877262;0,0007673053922700179;0,0017756691072360817;-0,003938726847254687
0,0028890430942672776;-0,008881803637215833;0,006295692645113343;-0,0031714214549846687;6,837133715462129e-05;0,004168926136189771
0,0014842639953254009;-0,009551075190128945;0,0063640639822679645;0,0009975046812051025;0,001618076273963714;0,006645874185015915
0,00033131260218805805;-0,010347203601241445;0,007982140256231679;0,007643378866221018;0,0019063518462853028;-0,007989906717879802
-0,0005670762316585662;-0,01110343182510574;0,009888492102516981;-0,0003465278516587844;0,002776115449073432;-0,01050365774684453
-0,0011461794552559232;-0,011553924894321194;0,012664607551590414;-0,010850185598503315;-0,0049395715221892955;0,009344611757244325
-0,0013297429947526011;-0,012018279077602998;0,007725036029401118;-0,0015055738412589892;0,002433342122277596;0,003516523322370624
-0,0010067222321856622;-0,012916640684824936;0,010158378151678714;0,0020109494811116346;-0,00339024076372417;0,004886306404011664
-0,00037470002844267877;-0,013875225245697233;0,006768137387954544;0,006897255885123299;-0,005876539009442142;-0,0024406228030249277
0,0006636573013674532;-0,014753371827325066;0,0008915983785124024;0,004456633082098371;-0,001804091258340343;-0,0006291214898528352
0,001972740126695767;-0,015355628173547967;-0,0009124928798279405;0,003827511592245536;-0,004437613346522047;0,00485173164267555
0,003317486887164577;-0,015779619196486933;-0,005350106226349988;0,008679243234921086;0,0009667915201293786;0,001264643168811752
0,004625733932440269;-0,016050509755736075;-0,004383314706220609;0,009943886403732838;-0,0019964186960167163;-0,00662871484393629
0,005719976728661962;-0,015974230585588375;-0,006379733402237325;0,003315171559796548;-0,0033525141692268;-0,004113602551932827
0,0066388869366348306;-0,015500195959291363;-0,009732247571464125;-0,0007984309921362787;0,007230290154348534;-0,00026367636286939167
0,0073026078085182055;-0,014893554470602487;-0,002501957417115591;-0,0010621073550056703;-0,007141151536824375;0,006507118005821988
0,007577038777543016;-0,014318850221599065;-0,009643108953939966;0,005445010650816318;0,007996218096138152;-0,003467782776668704
0,007751391449883203;-0,013786630266795868;-0,0016468908578018138;0,0019772278741476135;-0,001724592740081271;-0,0025316237172238742
0,007540019764065791;-0,013036609885960018;-0,003371483597883085;-0,0005543958430762608;-0,003605084926248059;-0,007550692568940309
0,007262772443936306;-0,012207500390158265;-0,006976568524131144;-0,00810508841201657;0,009285613557879824;0,0072532856127594525
0,006850665779891498;-0,01140056672807956;0,00230904503374868;-0,0008518027992571175;-0,004192197975971174;-0,0034080633680386163
0,006159496374881445;-0,010917836602481518;-0,0018831529422224935;-0,004259866167295734;0,008905854662835444;-0,0018329491199914338
0,005560688771221339;-0,010469178588853762;0,0070227017206129505;-0,006092815287287168;-0,008860952195934219;-0,0084219001615215
0,004886555049872332;-0,010190915221917837;-0,001838250475321268;-0,014514715448808668;0,006647574228933278;0,006597550422158371
0,004493329397347844;-0,010156364466473396;0,00480932375361201;-0,007917165026650297;0,000635740177488256;0,008241810220483092
0,004026573725810505;-0,010702402328981302;0,005445063931100266;0,00032464519383279544;-0,006649355427224848;0,0019348585340385194
0,0037521910044176466;-0,011565126792555221;-0,001204291496124582;0,002259503727871315;0,00260596570009948;-0,0031665567506848347
0,0036956108402687988;-0,012414865448375827;0,001401674203974898;-0,0009070530228135198;-0,003943226865156815;9,069632347924461e-05
0,0035908590162749675;-0,013174223955081582;-0,0025415526611819172;-0,0008163566993342752;-0,0015687106253900879;0,008194010524140705
0,0035421741604401325;-0,013969864582699876;-0,004110263286572005;0,007377653824806429;0,002030785783245531;-0,0021557485399963383
0,0033918271981580204;-0,014798159478291542;-0,002079477503326474;0,005221905284810091;0,005636628968836821;0,0013993898056753329
0,0030770697044130288;-0,015331348220890951;0,003557151465510347;0,006621295090485424;-0,002570927203096006;-0,006305755986607875
0,0026791331105349776;-0,015655660752097955;0,000986224262414341;0,000315539103877549;-0,0034155243351016856;0,0028072460996410586
0,0024234825752773403;-0,015715121479685543;-0,0024293000726873445;0,0031227852035186077;0,005377137413579501;-0,003136651893689224
0,002207281010516277;-0,01576196064311803;0,0029478373408921565;-1,386669017061637e-05;-0,0005771274554575226;0,003877272843501367
0,0018939074428477197;-0,01568388839840977;0,002370709885434634;0,0038634061533307507;0,005015937662405871;-0,0007883777057665076
0,0016984473688148485;-0,015606370821308337;0,007386647547840505;0,003075028447564243;-0,007476801835140538;-0,0032630744910095433
0,001597815690199363;-0,015374316998073675;-9,0154287300033e-05;-0,00018804604344530018;0,0014200188497369287;0,0037529563618917683
0,0017926499134974976;-0,01501926203693644;0,0013298645624368957;0,003564910318446468;0,005049339862058133;0,0029413774576757534
0,0019838779653036306;-0,01467172891753702;0,006379204424495029;0,0065062877761222215;-0,0097757091774607;-0,00252182400765788
0,0022283005996072396;-0,01418159938539974;-0,0033965047529656706;0,003984463768464341;-0,0004789314661664129;-0,005462958051077216
0,00272789141089065;-0,01343121834221757;-0,0038754362191320835;-0,0014784942826128744;0,005657128947860107;0,0019237881200369622
0,0030916220320554334;-0,012521458748296828;0,0017816927287280238;0,0004452938374240878;-0,007100717719558378;-0,008566778488564908
0,003300335204454933;-0,0116708389256806;-0,005319024990830354;-0,00812148465114082;0,00288156302434682;-0,0030014747573237632
0,0035803160860035546;-0,01080240734956741;-0,002437461966483534;-0,011122959408464583;0,0017658742171732245;0,005094116551278283
0,0036475359679189615;-0,01025883515949985;-0,0006715877493103095;-0,006028842857186301;0,004968224777088151;0,006168814615083507
0,003617257371175027;-0,010160181345770876;0,0042966370277778415;0,00013997175789720595;-0,0006298934421041791;0,0019057605247446707
0,0035601152644586798;-0,010302681246329352;0,0036667435856736624;0,0020457322826418767;-0,0030677890779952782;-0,0014528534977509278
0,003674838638853447;-0,010439582276571942;0,0005989545076783842;0,0005928787848909489;0,005787088772782889;-0,001800247588297832
0,00393623175667516;-0,010494654015508855;0,006386043280461273;-0,001207368803406883;-0,006044421564304223;0,006453944715551219
0,004221583054804009;-0,010526010603050131;0,0003416217161570506;0,005246575912144336;0,0012949814371900625;-0,0044733772874708255
0,004762376084151308;-0,010605661942727683;0,0016366031533471131;0,0007731986246735101;-0,004901424552121489;-0,014014040149905427
0,00531683398214489;-0,010475450245919461;-0,0032648213987743757;-0,013240841525231917;0,0065685790728331195;0,009960501576701586
0,0059367560062723555;-0,010314310604124298;0,0033037576740587438;-0,003280339948530331;-0,006229035836527674;0,0031999864132244427
0,006426085174448847;-0,010682804623338411;-0,0029252781624689306;-8,035353530588818e-05;-0,002821415489588447;0,007611316551147496
0,0070475646495876875;-0,011182512240493738;-0,0057466936520573775;0,007530963015841607;0,0021063400943117927;-0,003534589013823086
0,0075520329982277715;-0,011685433999061301;-0,0036403535577455848;0,003996374002018521;0,000736669222705183;-0,005534838044313595
0,00782663360078556;-0,011887117236995199;-0,002903684335040402;-0,0015384640422950735;0,004338817394316241;0,006052265527935696
0,007955620061033526;-0,011928945514848356;0,0014351330592758393;0,004513801485640623;-0,005666722685976289;-0,008414586289246129
0,007968459147879874;-0,012032312354393318;-0,004231589626700449;-0,003900784803605506;0,0012625320029938658;0,005828574111108931
0,008038703557097257;-0,011955127134512654;-0,0029690576237065835;0,0019277893075034247;0,0006754295021048073;-0,0006810328630632578
0,007939684381246622;-0,01203397330677621;-0,002293628121601776;0,0012467564444401669;0,0006806260271387254;-0,006159246469712054
0,007721902900447723;-0,012035707906739627;-0,0016130020944630508;-0,004912490025271887;0,0022650835048265427;0,009331278525479492
0,007412376294784753;-0,01198757224892544;0,000652081410363492;0,004418788500207604;-0,00032758771997662417;0,004193923211541772
0,007038329605343261;-0,012135936192122127;0,0003244936903868678;0,008612711711749377;-0,00014140782478536118;0,013073079436974278
0,006690366172316309;-0,012107548595310512;0,00018308586560150664;0,021685791148723654;0,0033665947396737117;-0,014603219342099821
0,006355382486904831;-0,01173465253002892;0,0035496806052752183;0,007082571806623833;-0,0028761457483090502;-0,0033200907783965117
0,006027722236117414;-0,010494324818798383;0,0006735348569661681;0,0037624810282273213;0,0001294448799697423;0,0008106898476213098
0,005842049209541006;-0,008970694235302891;0,0008029797369359104;0,004573170875848631;-0,0008395254171326139;-0,0007838100143442023
0,005683317577243244;-0,007296564410678307;-3,6545680196703456e-05;0,003789360861504429;-0,005099704552696177;-0,002464978416283077
0,005556705134422919;-0,005439507751019777;-0,0051362502328928805;0,0013243824452213518;0,005967518339903735;-0,0127834581763469
0,005428630864394726;-0,003430876656901071;0,0008312681070108546;-0,011459075731125548;-0,001254734984021566;0,002565183319377877
0,005095106585050817;-0,001369270264973511;-0,0004234668770107114;-0,008893892411747671;-0,0013516138851132758;0,0025037067808072327
0,0047948330299873426;0,00023397309770902767;-0,0017750807621239872;-0,006390185630940438;0,0047501325959104085;0,006026150593495323
0,00447762079984344;0,0014814607639216594;0,0029750518337864212;-0,0003640350374451151;-0,008007182016219486;0,0028545384971356905
0,004089405339214577;0,0024733410048966733;-0,005032130182433064;0,0024905034596905753;0,0037387867865566887;-0,0011838075972400927
0,003820191951937172;0,003450659844373883;-0,0012933433958763757;0,0013066958624504826;-0,0024725487907723345;0,0006438489518865304
0,003349693357362444;0,004527598822238715;-0,0037658921866487102;0,001950544814337013;-0,0030304154007580082;0,0050757540698761205
0,0028274610269526605;0,0056568056346015675;-0,0067963075874067184;0,0070262988842131335;0,008653370185628808;-0,004062873974532005
0,002154593009076929;0,0068640342395379;0,0018570625982220895;0,0029634249096811283;-0,001843323151358954;-0,0019134325089527338
0,0012098726877049289;0,008352314799842758;1,3739446863135496e-05;0,0010499924007283945;0,004882311034840957;0,0028813641959148095
0,00033943487026181216;0,00995913235653486;0,004896050481704092;0,003931356596643204;0,0017572380359065325;-0,0029369273188012135
-0,0005304533693067791;0,0116079496092561;0,006653288517610625;0,0009944292778419905;-0,0010163745580997231;-0,0042301805840406215
-0,0012044995896072067;0,013414021125843065;0,005636913959510902;-0,003235751306198631;0,0029370850418569197;-0,008609206229407584
-0,0016124142692032092;0,015259869813543712;0,008573999001367821;-0,011844957535606215;-0,004154072355516757;0,00021923289502384646
-0,0017948523904187759;0,016976288448996412;0,004419926645851065;-0,011625724640582369;-0,005908988815307211;0,003404494254304613
-0,0016343305515796294;0,018218908783024866;-0,0014890621694561464;-0,008221230386277756;0,006757466120291917;-0,0035522995310822703
-0,0012970116469064406;0,018996500131430023;0,005268403950835771;-0,011773529917360026;-0,002122499339858211;-0,004157688786261882
-0,0010192552290114974;0,01944524226438407;0,00314590461097756;-0,015931218703621908;0,0016796252244208037;0,004031659941392429
-0,0005307626530831235;0,019423043200643718;0,004825529835398364;-0,011899558762229479;-0,004467800722741003;0,002200570982083372
8,356610728435282e-05;0,018763595388758488;0,0003577291126573602;-0,009698987780146107;-0,0005569659617036121;0,008058850170867715
0,0008909160610677636;0,01762816522638408;-0,0001992368490462519;-0,0016401376092783915;-0,00236165246427986;0,0039920153249614065
0,001712575179357469;0,016104775552803825;-0,002560889313326112;0,002351877715683015;0,0005393921531910983;0,002979706423628048
0,0025262648236853242;0,014515780374852436;-0,0020214971601350135;0,005331584139311063;-0,0077292110396768865;-0,005276935257372495
0,003237518895480135;0,013020860305528369;-0,0097507081998119;5,4648881938568206e-05;-0,0007845936536002573;0,004890171018852363
0,003867913080869545;0,011739203601776741;-0,010535301853412157;0,004944819900790931;0,007641229533054475;0,0008568771756031768
0,004108278938266479;0,010459732853302659;-0,0028940723203576824;0,005801697076394108;-0,002992973479132882;-0,0025289300235146472
0,003927232721526927;0,009378054900860213;-0,0058870457994905645;0,0032727670528794606;0,0026935641257253423;-0,0007377308393523019
0,0036304236119730675;0,008528444831473532;-0,003193481673765222;0,0025350362135271587;-0,002508890061512045;-0,007478865840216703
0,0030981326704395858;0,007809745444202028;-0,005702371735277267;-0,004943829626689544;0,01291886544411109;0,002950989673487836
0,002438102461955495;0,007192447505471612;0,007216493708833822;-0,0019928399532017083;-0,0013710514615814066;0,001108706222287953
0,0015499773840603132;0,006377396381673613;0,005845442247252416;-0,0008841337309137554;-0,00420606965718817;0,0037146225226495216
0,0009505120545184845;0,0054826316597475465;0,0016393725900642458;0,0028304887917357663;-0,00023023030934183567;-0,0008879100981412646
0,0005848644148667524;0,0045525015885849295;0,00140914228072241;0,0019425786935945016;0,0011712639806153269;-0,004029686755419329
0,0002847916788175902;0,0037355910690917435;0,002580406261337737;-0,0020871080618248272;0,009505983598606485;0,006451610999348566
4,108463399732438e-05;0,0029963836973423367;0,012086389859944221;0,0043645029375237385;-0,015452592840106931;0,0007337111434555753
-9,940616036943196e-05;0,0021736920031199375;-0,00336620298016271;0,005098214080979314;0,003746447554412778;0,0017301682640397213
0,00024355863966158057;0,0015255804263984876;0,0003802445742500677;0,006828382345019035;-0,005988680767048537;-0,002111233231389672
0,0004518753204860847;0,0010813974129162103;-0,0056084361927984695;0,004717149113629363;0,005164406944776899;-0,0063029530390089385
0,0006754017842805915;0,0009103496932346944;-0,0004440292480215706;-0,0015858039253795753;0,008647053519261563;0,001536078045214495
0,0006745908003631595;0,000927987938098353;0,008203024271239992;-4,972588016508017e-05;-0,011623215752722293;-0,004348158628280226
0,0006560186465248648;0,0008821940259468287;-0,0034201914814823015;-0,004397884508445306;0,005235517884356;-0,0006582580717316884
0,0009655674635361697;0,000834411078588701;0,0018153264028736987;-0,005056142580176995;0,0024502625673054786;0,002170596383859233
0,0011383086212881826;0,0006107127508927612;0,004265588970179177;-0,0028855461963177616;-0,0013481358310439735;0,0018608975861334233
0,0013836628351551433;0,00018476871998974152;0,0029174531391352038;-0,0010246486101843384;0,004761864658051028;-0,001819203495452294
0,0017996406078292712;-0,0003565971587659886;0,007679317797186232;-0,0028438521056366323;-0,006150440043227769;0,005158031932739636
0,002332316506068807;-0,0009389489819290923;0,001528877753958463;0,0023141798271030037;0,0009396672546405221;0,0022715771437460397
0,0031721651161957924;-0,0016350548893176611;0,002468545008598985;0,004585756970849043;-0,0054608130924991005;-0,0026920064052548473
0,004073168836481116;-0,00223859360362211;-0,0029922680839001153;0,001893750565594196;0,00022851145809608953;-0,0009240857879021791
0,0050729143571104;-0,002658702039092597;-0,002763756625804026;0,000969664777692017;0,0034021466093032693;-0,0036837700096132853
0,005952969154383678;-0,003003060451939316;0,0006383899834992435;-0,0027141052319212683;-0,009765142264333865;0,0030829609221410537
0,006722473686624796;-0,003308632273678355;-0,009126752280834621;0,00036885569021978537;-0,002598167762339759;0,006232658535879745
0,007517513818205883;-0,0037227683046942442;-0,01172492004317438;0,006601514226099531;-0,0011767230154733077;-0,0029895837809180703
0,007947483858553586;-0,004122150108101342;-0,012901643058647688;0,0036119304451814604;-0,0005640950610525386;0,003048743874259366
0,007908457097174313;-0,004257471342464458;-0,013465738119700227;0,006660674319440826;0,005951748378069388;-0,0003210293715952828
0,007353364613449133;-0,004248315359020317;-0,007513989741630839;0,0063396449478455436;-0,006044241031363917;-0,005617439304390723
0,0062596426049359435;-0,003972732402798542;-0,013558230772994756;0,0007222056434548207;0,00747545563474504;0,0034169412670120927
0,00486536100675752;-0,003443563648662945;-0,006082775138249716;0,0041391469104669135;-0,0003234064097343836;-0,008243603431438977
0,0029287501776593073;-0,002885506668789156;-0,0064061815479840994;-0,0041044565209720635;0,010341412554855642;-0,001856317305930659
0,0007488283430311054;-0,0021618838124966896;0,003935231006871542;-0,0059607738269027224;0,0011039666153215139;-0,0020037766494246864
-0,0016873407535164604;-0,0016024392170431064;0,005039197622193056;-0,007964550476327409;-0,003555892044463521;0,009944769473350757
-0,003966100609789165;-0,0012814255746656316;0,001483305577729535;0,001980218997023348;0,005397220219611434;0,007047116260729042
-0,006043292561174147;-0,0012789939513412536;0,0068805257973409695;0,00902733525775239;-0,003112812391794312;-0,0031530240169893517
-0,008061152289449947;-0,0011973535681359415;0,0037677134055466577;0,005874311240763038;0,004916068541734875;-0,0029351190687478823
-0,009803790985832108;-0,0007546197746205337;0,008683781947281533;0,002939192172015156;-0,009911684564826662;0,0027275699844496078
-0,011395721145992403;-7,691353147460441e-05;-0,001227902617545129;0,0056667621564647636;0,006224740675404905;-0,009742385209329019
-0,012640300028261438;0,000718360398551931;0,004996838057859776;-0,004075623052864255;0,0016047804817851952;-0,007809576584013628
-0,013933995015232277;0,001740304814837057;0,006601618539644971;-0,011885199636877883;0,0012084464558864694;-0,006392061806088714
-0,015027816479888725;0,0025992243090076127;0,0078100649955314405;-0,018277261442966597;-0,0030927379431132662;0,008215130819933504
-0,015857573202959375;0,0029827358177030535;0,004717327052418174;-0,010062130623033093;0,002566501027597645;0,0069796690419603735
-0,016374927326208766;0,00263515686867983;0,0072838280800158195;-0,0030824615810727193;0,0012665849935428741;-0,0027768993128858208
-0,01670358836736143;0,0018850926947352829;0,008550413073558694;-0,00585936089395854;-0,005637535345530631;0,0017287994474457433
-0,016740896285313462;0,001011730057547827;0,0029128777280280627;-0,004130561446512797;-0,003345220827960127;0,014497903996444489
-0,016436187680323146;-9,600701539797061e-05;-0,0004323430999320643;0,010367342549931692;-0,004299473414946575;0,0075435310224094415
-0,016014963966211708;-0,0013689665462042798;-0,0047318165148786395;0,017910873572341134;0,005095279182992074;-0,0009076153699839745
-0,015611033976097553;-0,0022272323750133216;0,00036346266811343453;0,01700325820235716;7,8219318237982e-05;-0,008693563278409845
-0,015396376646578542;-0,002369063260928718;0,00044168198635141653;0,008309694923947314;0,00259225943673852;-0,010404288319130865
-0,015167180810334994;-0,001830763818749828;0,0030339414230899364;-0,0020945933951835513;-0,0016008557037617277;0,0014652915646651311
-0,014920317694637392;-0,0009600765796130453;0,0014330857193282087;-0,0006293018305184202;0,001143806823655391;-0,0018783206176271952
-0,01455209692201619;-0,00017317307628360486;0,0025768925429836;-0,0025076224481456154;-0,0007623242779016826;-0,005559733409561028
-0,01412655272062186;0,0005885583538250989;0,0018145682650819173;-0,008067355857706644;-0,003201925487041235;-0,0073014530553635465
-0,013597932817508186;0,0012499848860079781;-0,0013873572219593178;-0,01536880891307019;-0,0055558350938537115;-0,002030729743729972
-0,012996730183791234;0,0015887171838825914;-0,006943192315813029;-0,017399538656800162;-0,0006486244736961244;0,013815903823472819
-0,012451021838952657;0,0013126971252343973;-0,007591816789509154;-0,0035836348333273434;9,894004124427758e-05;0,012483797381481091
-0,0121830411867466;0,0003406955203141965;-0,007492876748264876;0,008900162548153748;0,0010647167043915662;-0,006202252891228898
-0,01221873320612091;-0,0007746514779390979;-0,00642816004387331;0,0026979096569248497;0,001457804930179829;-0,0011103250529051582
-0,012554140295425814;-0,0015339919742662425;-0,004970355113693481;0,0015875846040196914;0,005063170376284287;0,0007751078460518507
-0,01314667378648565;-0,002185416084316393;9,28152625908063e-05;0,002362692450071542;-0,0014803910921248886;0,0014507274723164001
-0,013938021482093227;-0,002773336810205756;-0,0013875758295340823;0,0038134199223879423;-0,0017579345753706566;-0,006024323518221991
-0,01472565656719717;-0,0032667498380922573;-0,003145510404904739;-0,002210903595834049;0,0049650044780171765;-0,0073508274451227484
-0,015568794685482477;-0,003607626069083241;0,0018194940731124376;-0,009561731040956797;0,003336324702925053;0,0008407304535743149
-0,016537753219963973;-0,004036938443907586;0,005155818776037491;-0,008721000587382483;-0,0016523703510743504;0,0013838778072305519
-0,017433931991520973;-0,004848720060370204;0,0035034484249631404;-0,007337122780151931;-0,001905098518695414;-0,0008666701838325325
-0,018123878012036472;-0,00600934170032812;0,0015983499062677264;-0,008203792963984463;0,009696409824690833;0,007271661687241693
-0,018673686095553445;-0,007463448251492115;0,011294759730958559;-0,0009321312767427703;-0,0014734118718280342;0,0040401544005310985
-0,01915956018281971;-0,009245706521215487;0,009821347859130525;0,0031080231237883282;0,000359456571454253;0,001991072064546018
-0,019193643880847634;-0,011065250042008569;0,010180804430584778;0,005099095188334346;-0,0043043550521553176;0,003881218484639626
-0,018834873664510334;-0,01276047263785012;0,00587644937842946;0,008980313672973972;-0,0013076853160866597;0,004760826572875132
-0,018068871270949645;-0,014251731426158296;0,0045687640623428005;0,013741140245849104;-0,0032013922224697344;0,003873312434599485
-0,017067810902251776;-0,015383777667547513;0,001367371839873066;0,01761445268044859;-0,00023449609548059636;-0,006720842357449852
-0,015883999971060197;-0,015966178299102768;0,0011328757443924697;0,010893610322998737;-0,00086304867359005;-0,0004701063511681203
-0,014645494166273693;-0,015844000823440077;0,00026982707080241974;0,010423503971830617;-0,0033304521725923686;0,010438723172566722
-0,013361673331711493;-0,015286078934857436;-0,003060625101789949;0,02086222714439734;0,002122496129055046;-0,0023517362621374993
-0,012067059414317195;-0,014311216887401572;-0,0009381289727349029;0,01851049088225984;-0,0014314398600139833;-0,01042771210061652
-0,010894870500994493;-0,012501865754169814;-0,002369568832748886;0,008082778781643318;0,0025973373330838156;-0,009130212628589818
-0,00976020674658119;-0,009952094985647662;0,00022776850033492946;-0,0010474338469464994;0,0010841340885521245;0,0005215311405363243
-0,00872032574547784;-0,007079013065859778;0,001311902588887054;-0,0005259027064101751;-0,005615357277948124;0,004881312160566809
-0,007671334004361095;-0,004247828499949754;-0,00430345468906107;0,0043554094541566335;0,0049258019000832515;-0,012791393082676933
-0,006569866159688867;-0,0014376800422961366;0,0006223472110221812;-0,0084359836285203;-0,004817385832401516;-0,012871174716713521
-0,005640536502579081;0,0015466847935237458;-0,004195038621379335;-0,02130715834523382;0,006604353467782112;0,010924944204203035
-0,0046863129570284085;0,004193610284202816;0,002409314846402777;-0,010382214141030785;-0,002698396000360384;0,005226879276073584
-0,003899890956332909;0,005988249441072534;-0,00028908115395760714;-0,005155334864957201;-0,004134228123806254;0,006511484234293929
-0,0030170963617812993;0,0073676000323010206;-0,004423309277763861;0,0013561493693367288;0,004856557783694503;-0,007939600194668078
-0,0021458650133879932;0,008540737228931219;0,0004332485059306418;-0,0065834508253313495;-0,0020247078082078207;0,0023033844682710247
-0,0014515660361052415;0,009768120400334887;-0,001591459302277179;-0,004280066357060325;-0,003558401665863256;0,004097065991316401
-0,0007399371185852644;0,0107321655387253;-0,005149860968140435;-0,00018300036574392387;0,0015216522472853641;0,0037398410162803875
-9,196657315637432e-05;0,011525008022833301;-0,003628208720855071;0,0035568406505364636;0,0029054043662286415;-0,007942402048744246
0,00035000953354689837;0,012310530492311544;-0,0007228043546264294;-0,004385561398207782;-0,0016760530503145687;-0,005072102819197288
0,0006468572914159682;0,013238326587811246;-0,002398857404940998;-0,00945766421740507;-0,002633006123350299;0,003923804667982755
0,0009147928750999808;0,013990700227382639;-0,005031863528291297;-0,005533859549422315;0,008305461774704329;-0,0026357867716523264
0,0010867741625863534;0,014364767298257827;0,0032735982464130314;-0,008169646321074642;-0,005528579038506443;0,00022743643180545003
0,0010574809089410743;0,01451747998715612;-0,002254980792093412;-0,007942209889269192;0,002014538597836509;-0,0035533319556413923
0,0011591315851523165;0,01434340682321143;-0,00024044219425690266;-0,011495541844910584;-0,00462988174362762;0,0029496584201245124
0,001170583029679822;0,013851645263695972;-0,004870323937884523;-0,008545883424786072;0,0023243965744109835;0,007308838639602466
0,0011724167864370515;0,012900062030384091;-0,0025459273634735394;-0,0012370447851836053;0,005432517612626109;-0,000493137705613711
0,0009794375856789;0,011606643460080768;0,0028865902491525697;-0,0017301824907973162;-0,010174612590272896;0,00704329037501536
0,0006846212903818071;0,010263743098370099;-0,007288022341120326;0,0053131078842180435;0,01114817849902321;0,0019208667936014556
0,0005052686050508169;0,00885163543702754;0,0038601561579028835;0,007233974677819499;-0,005698934755669134;-0,0005810931918236728
3,4395026075013566e-05;0,0076520520910537;-0,0018387785977662507;0,006652881485995826;0,009546690228509817;0,0025385064291039983
-0,0002820723065846744;0,0067418277321926404;0,007707911630743566;0,009191387915099825;-0,007827596191760301;-0,00632876119672221
-0,0006720907831550123;0,0060977186327714145;-0,00011968456101673491;0,0028626267183776144;1,405817468132925e-05;0,001153815746482656
-0,0007537927944956075;0,0058212650499541805;-0,00010562638633540566;0,00401644246486027;0,002087367890795694;-0,003200600396388892
-0,0008402821882768723;0,005659316535872052;0,001981741504460288;0,0008158420684713785;-0,004490412689538665;0,0014164895084000928
-0,0009309966375115532;0,005658025720384334;-0,0025086711850783767;0,0022323315768714713;0,006670877139483753;0,002933630408789051
-0,0009424414265678225;0,005689368587635472;0,004162205954405376;0,005165961985660522;-0,006575399567815936;-0,010832967388774983
-0,001054233063027227;0,005810004717961468;-0,0024131936134105594;-0,005667005403114461;0,0013159609975081712;-0,00012958640022503465
-0,0009995364613104164;0,0061372793277138845;-0,0010972326159023882;-0,005796591803339496;-0,003344882937975635;0,004293693417706912
-0,0010413676041300282;0,006237873721341724;-0,004442115553878023;-0,001502898385632584;0,004884746891847511;0,0013351937220051624
-0,0011270880515857355;0,006106604442835982;0,0004426313379694881;-0,00016770466362742154;0,0024521541421417582;0,002165452930062095
-0,0013904931211965637;0,005915219228904938;0,0028947854801112463;0,0019977482664346735;-0,004258384910064174;-0,0021068478996257023
-0,0016361929372886125;0,005717125828428797;-0,0013635994299529275;-0,00010909963319102878;-0,0039121489634530646;0,0071330329916761415
-0,0017661013341762114;0,005598942358610042;-0,005275748393405992;0,007023933358485113;0,008930271772882324;0,0014791907822189754
-0,0019505537082619272;0,005476394903463647;0,003654523379476332;0,008503124140704088;0,0005429262515504463;-0,0010387632064280672
-0,002346036018083883;0,005634804782656655;0,004197449631026778;0,007464360934276021;-0,00135562091306346;-0,006815658763609206
-0,0025953373927267856;0,006133339627477827;0,0028418287179633184;0,000648702170666815;0,001144719202284858;-0,003970348053157879
-0,0026767407821286166;0,00693044890967004;0,003986547920248176;-0,0033216458824910644;-0,00928663830667191;0,006183884917347282
-0,002644471022811915;0,007753506278688926;-0,005300090386423734;0,0028622390348562177;0,012223467144683385;-0,002646120380060041
-0,0024527393466852866;0,00844369781240817;0,006923376758259651;0,00021611865479617687;-0,007301167986237367;-0,007479336001515152
-0,0024730112860156073;0,009248378907521662;-0,0003777912279777154;-0,007263217346718975;0,002364505712813325;-0,0025578433917777255
-0,002216348155015542;0,010061704748827002;0,0019867144848356097;-0,0098210607384967;-0,003282403464105174;0,0008831715434798326
-0,0019747966731345854;0,01058450189626358;-0,0012956889792695644;-0,008937889195016868;-0,0006569347598573763;0,0001581068648894013
-0,0016537766118602042;0,010714456614160293;-0,0019526237391269408;-0,008779782330127467;0,003293362946943521;-0,0059488273354365295
-0,0013845841097566058;0,01048689576425633;0,0013407392078165804;-0,014728609665563996;0,0019913888307054473;0,001590601689974852
-0,001193496557218085;0,009908143621147269;0,0033321280385220278;-0,013138007975589144;-0,0059637030638427435;0,01037746032355591
-0,0009487794363669009;0,008740247091415647;-0,0026315750253207157;-0,002760547652033235;0,005427972025929128;0,005817739819997239
-0,0005707771939748358;0,00704683024266046;0,0027963970006084126;0,003057192167964004;-0,0009855890933075538;0,006680474005729277
-0,00029803795259559926;0,005242991487823943;0,0018108079073008588;0,009737666173693281;-0,004001343054300865;0,006642165728229003
8,655716880797375e-05;0,0035614404197059873;-0,0021905351470000063;0,016379831901922284;0,0065370048701625105;-9,53522307234611e-05
0,0005435846065035811;0,0022693959985357623;0,004346469723162504;0,016284479671198823;-0,009299819323236928;-0,00359229846883944
0,0009129906383191882;0,0016325448534424286;-0,004953349600074423;0,012692181202359383;0,008245658840032907;0,000884317197618209
0,0014562554590612955;0,0016470728951970479;0,003292309239958484;0,013576498399977592;-0,000771963739260792;-0,01009291245473977
0,001801386295800426;0,0021692881850460424;0,002520345500697692;0,003483585945237823;-0,003330313969891148;-0,006024288734397525
0,0022782095021378957;0,003234563410894141;-0,0008099684691934561;-0,0025407027891597017;0,01012984058181797;-0,006469776710773242
0,002855846528503273;0,004439182074551752;0,009319872112624514;-0,009010479499932944;-0,012979044065457204;0,0029839870844542427
0,003401084816100912;0,005542172626642975;-0,0036591719528326905;-0,006026492415478701;0,003680951523112222;-0,0010794901641101307
0,004319117988203532;0,00628474399873688;2,177957027953148e-05;-0,007105982579588832;-0,0016387970368497567;-0,005594457164371264
0,005090784282192844;0,006786255674211638;-0,0016170174665702253;-0,012700439743960096;0,0003406722590540423;0,009541717709620617
0,005863321758993337;0,007003528046502842;-0,001276345207516183;-0,0031587220343394784;0,0008878407874135519;-0,0007110546528661943
0,0065711785371310215;0,006712782829035642;-0,0003885044201026311;-0,0038697766872056727;-0,007236747818899603;0,011279727128967298
0,007227981506968059;0,006295688730194863;-0,007625252239002234;0,007409950441761626;0,001481613989273406;0,0016800455233201839
0,00786924430000099;0,005723803563865857;-0,006143638249728828;0,00908999596508181;0,0006317862838711996;-0,0006700099865661058
0,008205497003473833;0,005448316415207316;-0,005511851965857628;0,008419985978515704;0,005477175506686749;-0,00044564319467929603
0,008296004176957522;0,0055364291051520475;-3,467645917087925e-05;0,007974342783836408;-0,008203837409943238;-0,006114333501585967
0,008166037271806906;0,0059613412342374075;-0,008238513869114117;0,001860009282250441;0,002021778494757376;0,003453012695673996
0,008034683308289456;0,006705227074676223;-0,006216735374356741;0,005313021977924437;0,0019867902840508544;-0,007621528703497971
0,00757378879000744;0,007523513286405057;-0,004229945090305887;-0,0023085067255735336;0,0041543082090202965;-0,010075085671461093
0,006864224856751155;0,008554320377250868;-7,56368812855901e-05;-0,012383592397034626;-0,00010970484074705744;0,008829208608797823
0,005985463119882634;0,009492787199073737;-0,00018534172203264754;-0,0035543837882368035;0,00493596147276798;-0,003976470952016364
0,005103675907762689;0,009935910325015222;0,004750619750735333;-0,007530854740253168;-0,004578089322343035;-1,7744012406034626e-05
0,004214475026761439;0,010236858099427235;0,00017253042839229793;-0,0075485987526592024;0,004645864326337269;0,0057582067951447435
0,003515298935789602;0,010236571684229121;0,004818394754729567;-0,001790391957514459;-0,00797864186783951;0,0049837163870720125
0,002823024061953457;0,00993434131892464;-0,003160247113109943;0,0031933244295575536;0,005851456147500034;0,0028133297693844206
0,0023234849783064946;0,009560495275319578;0,0026912090343900914;0,006006654198941974;0,001337333983772386;-0,006533259090298005
0,0016975360101351344;0,00931438220889682;0,0040285430181624775;-0,0005266048913560306;-0,01157577725810156;-0,004868667216026218
0,001179235403339378;0,00930853531043174;-0,007547234239939082;-0,0053952721073822485;0,004237014522239069;0,011020759934709634
0,0008220765172701207;0,00928162421631242;-0,0033102197177000137;0,005625487827327386;-0,0015190409415760213;-0,0019376267634869104
0,00016302826160330007;0,009038902237897809;-0,004829260659276035;0,003687861063840475;0,005671887951431059;0,006649108339654819
-0,0006284287827715211;0,009021199772576293;0,0008426272921550244;0,010336969403495294;0,00015268215908679703;-0,004757761773483887
-0,0016130562535173838;0,009151011749808398;0,0009953094512418215;0,005579207630011407;0,0024561949392005317;-0,0051724473033203655
-0,002563978632577045;0,009694302503180314;0,003451504390442353;0,00040676032669104134;0,000654905761445515;0,002963748687851847
-0,0034750886335870343;0,010460761561752685;0,004106410151887868;0,0033705090145428884;0,0035456609412187617;-0,0004841990471615154
-0,004248138458979329;0,0112434910333927;0,00765207109310663;0,002886309967381373;0,0005267011215149275;0,00222577178349459
-0,004856931878296109;0,012161040865614427;0,008178772214621557;0,005112081750875963;0,003886722151996702;-0,015098679917797064
-0,005159642453888624;0,013194043096531412;0,01206549436661826;-0,009986598166921101;-0,0050141196058932636;-0,0029844630122983218
-0,005135202140896276;0,014431528597483435;0,007051374760724996;-0,012971061179219423;-0,006248473397572729;0,01299700004672466
-0,004628142053239198;0,015269550171758612;0,0008029013631522669;2,593886750523744e-05;-0,0012008759015933804;0,007209454391888748
-0,00383902697515312;0,015588729298865015;-0,00039797453844111347;0,007235393259393985;-0,00042875991593435;-0,005824502594912906
-0,0030177958425409513;0,015908945980671624;-0,0008267344543754634;0,0014108906644810792;-0,0005453680946116667;-0,011943329551691584
-0,0022124836914664274;0,016518578392853995;-0,00137210254898713;-0,010532438887210505;-0,0028246939034291436;0,007025888883962106
-0,001440240918566922;0,01718464643161561;-0,004196796452416274;-0,0035065500032483987;-0,005455982715010356;0,0009294368940372943
-0,0007228822476269016;0,017429416914888803;-0,00965277916742663;-0,0025771131092111044;0,0031760580510503157;-0,009020615268524657
-0,00017339543478353233;0,01753392539803206;-0,006476721116376314;-0,011597728377735761;0,0074744191109948135;-0,00854357387616278
-1,0019788637228222e-05;0,017535349356806874;0,0009976979946184988;-0,02014130225389854;-0,0023890163674998455;0,004856939271274063
-0,00010571298714597672;0,017072864180472255;-0,0013913183728813468;-0,015284362982624478;-4,9197928075498786e-05;0,01256284580272976
-0,00016149826586998525;0,015804726913981697;-0,0014405163009568456;-0,002721517179894717;-0,0023995692318815346;-0,004207172679988047
-0,00027293627950924766;0,013925215128186159;-0,00384008553283838;-0,006928689859882764;0,006265798334042818;0,0021411992948049685
-0,0004419949451867839;0,011936842655194834;0,002425712801204438;-0,0047874905650777955;-0,0011462524871303278;0,0035626224547291585
-0,0007646570321778554;0,009671322587808196;0,00127946031407411;-0,001224868110348637;-0,0010780634498773548;0,005619738854846297
-0,0009902906071207493;0,007214302897818447;0,00020139686419675534;0,00439487074449766;-0,005275346785859503;-0,00040853349099822384
-0,001164745769500679;0,004708288483414752;-0,005073949921662747;0,003986337253499436;0,002883167251196167;-0,00251265681946284
-0,001331145057312738;0,002378068898790964;-0,0021907826704665803;0,0014736804340365964;-0,006161325490621615;-0,0007373246749807286
-0,0017005023419913075;0,00020730280430715335;-0,008352108161088195;0,0007363557590558678;0,00829037179561009;-0,0008158629784385252
-0,0021574909334885397;-0,0019045160728151933;-6,173636547810585e-05;-7,950721938265737e-05;-0,002606830589649632;0,0056375500134144
-0,0029485638514293;-0,0039868807195753055;-0,002668566955127738;0,005558042794031742;0,0026344272481108877;-0,00786094311589483
-0,0037421062239891847;-0,006072425655110724;-3,413970701685032e-05;-0,0023029003218630884;-0,003180244853176556;-0,0052821810273235015
-0,004642391274754179;-0,007935648878884873;-0,0032143845601934062;-0,00758508134918659;0,0018197006716041408;-0,0009436980349993851
-0,005544041913799846;-0,009890988115533544;-0,0013946838885892654;-0,008528779384185975;0,008687127904129621;0,007664973853834273
-0,006574267935253251;-0,01214973060614968;0,007292444015540356;-0,0008638055303517023;-0,008737718384382948;0,008887382718401116
-0,007660281312250226;-0,014749624272133255;-0,0014452743688425918;0,008023577188049413;0,001414164698515491;-0,006141681487156103
-0,008454596928625586;-0,017384070159330897;-3,110967032710077e-05;0,0018818957008933102;-0,000513359553744569;0,0062532192069089665
-0,00930672351975465;-0,019697572959006565;-0,0005444692240716698;0,008135114907802277;0,009039166852021802;0,002764391440491787
-0,0101600944976968;-0,021935799930646496;0,008494697627950132;0,010899506348294064;-0,005226640851918374;0,003645269276662866
-0,011035244244601814;-0,02384862230597434;0,003268056776031758;0,01454477562495693;-0,0007552468522842304;-0,0029309161369120984
-0,011570606086388824;-0,025325464427370423;0,0025128099237475277;0,011613859488044831;0,0048749945387003835;-0,006999371999787618
-0,011975245657134563;-0,026220515523768223;0,007387804462447911;0,004614487488257213;-0,010385517887493534;0,004224474791816091
-0,012279372830930401;-0,026651012240644235;-0,0029977134250456228;0,008838962280073304;0,006985683621696104;-0,0039839335217690675
-0,012287987826228324;-0,026896929457989955;0,003987970196650481;0,004855028758304236;-0,000527890672370801;0,0032731409305168935
-0,012416511358528072;-0,026789288184132745;0,00346007952427968;0,00812816968882113;-0,0029497089175323232;-0,0002535710519712131
-0,012385516082961798;-0,026487445759943364;0,0005103706067473568;0,007874598636849917;-0,00181205484512309;-0,004074447012291316
-0,01221611762642434;-0,02586047654820114;-0,0013016842383757332;0,003800151624558601;3,2904493172170035e-05;0,0011905573161353766
-0,012026304345616986;-0,024918523390984916;-0,0012687797452035632;0,0049907089406939775;0,0023059891211640315;-0,000142077446911415
-0,01188855843434466;-0,023824564168786352;0,0010372093759604684;0,0048486314937825625;-0,0031021502279382496;-0,003090822528433068
-0,01180156371288048;-0,022530976588960028;-0,002064940851977781;0,0017578089653494944;-0,002729215243152616;-0,008906239607263278
-0,011673080616377878;-0,0210434437493824;-0,004794156095130397;-0,007148430641913783;0,0052350060014537125;5,346314624543602e-05
-0,011627195153954389;-0,01948559855119079;0,0004408499063233151;-0,007094967495668347;0,005333321477313191;-0,0016455437842088916
-0,011773075935336115;-0,018213690578675733;0,005774171383636506;-0,008740511279877239;-0,004924633815909074;0,010686038584713453
-0,011901322720464909;-0,017225581305987413;0,0008495375677274319;0,0019455273048362143;0,002223088010888552;-0,00909081966059927
-0,011798602650248242;-0,01658709248449418;0,003072625578615984;-0,0071452923557630554;0,005781032876984615;0,00517206566692513
-0,011661901077322479;-0,0158707825708075;0,0088536584556006;-0,0019732266888379257;-0,00799554586982909;0,007633754505619206
-0,011402294481252075;-0,015440284351351339;0,0008581125857715088;0,00566052781678128;0,001702635024353527;-0,0023058717144373575
-0,01078854154695765;-0,015088715199448696;0,002560747610125036;0,0033546561023439225;-0,004707480620193438;0,001402092335369698
-0,010140464109232361;-0,014510724934874803;-0,0021467330100684023;0,0047567484377136204;0,0032544611713398452;-0,00822453779166854
-0,009389956767102072;-0,013798548426207154;0,001107728161271443;-0,00346778935395492;0,002778682989350828;0,006957444078883546
-0,00872531874537452;-0,01289610198003096;0,003886411150622271;0,003489654724928626;-0,006547359532967617;0,0002631974831252548
-0,00801637159719611;-0,01213236710801296;-0,002660948382345346;0,0037528522080538806;0,004901706949729495;-0,005617998346474334
-0,007151968002992808;-0,011229046046997817;0,002240758567384149;-0,0018651461384204537;-0,00036467327600292476;0,0030696827984852404
-0,00639400234408332;-0,010175610897660519;0,0018760852913812243;0,0012045366600647867;;
-0,005546406342478467;-0,009196781593860039;;;;
-0,004623766929218365;-0,008169770823656967;;;;
