x;y;acc_x;acc_y;jerk_x;jerk_y
-0,008308225732255755;0,01841336875117157;0,0011346619032983063;-0,013197393578329608;0,003948204061336891;0,01019717904296591
-0,0080509515587178;0,016932841395968533;0,005082865964635197;-0,003000214535363699;0,000984451918564;0,006953564751628949
-0,007748290909047914;0,014924418297632311;0,006067317883199197;0,00395335021626525;0,0001877961270784212;0,007323631510195078
-0,007242315620792619;0,012795986617881543;0,006255114010277618;0,011276981726460328;-0,003244452753888072;0,006034137657202149
-0,006493647617209356;0,010825688946781384;0,0030106612563895463;0,017311119383662477;-0,004979913896148935;-0,0158762807106316
-0,005494775053214989;0,00930647054473964;-0,001969252639759389;0,0014348386730308749;0,0030655102088637115;-0,002242944633302213
-0,004375476038965039;0,008479696918044392;0,0010962575691043225;-0,0008081059602713381;-0,007630883145898312;1,2525505594385145e-06
-0,0033349471303054656;0,007710316838270382;-0,00653462557679399;-0,0008068534097118996;0,0011662278225310699;-0,00826874151724781
-0,002250567918881719;0,006908612520085516;-0,00536839775426292;-0,00907559492695971;0,002692960183132854;0,0032399708845706754
-0,001427573730529732;0,006074634065512176;-0,002675437571130066;-0,005835624042389034;-0,0017633540151326642;0,0003960717138783085
-0,0008193154523482619;0,004877631813860446;-0,00443879158626273;-0,005439552328510726;0,00019512932818796253;0,018328728302297547
-0,0003180746770119942;0,003447204600513156;-0,004243662258074768;0,012889175973786821;0,0006889830782470805;-0,013265380660397556
5,614434873764092e-06;0,0017991952940254361;-0,0035546791798276873;-0,00037620468661073506;0,004871166231236275;-0,0073955199637742546
0,00015955705643653172;0,0006667530264891893;0,0013164870514085873;-0,00777172465038499;-0,002704724991457981;0,0008508764043813621
0,0001713125108061919;-0,0004807374285114869;-0,0013882379400493939;-0,0069208482460036275;-0,00753421558789496;0,007145174306906539
0,00023572744723219553;-0,0019390968695275628;-0,008922453527944353;0,00022432606090291157;0,004593433324926803;0,005959351925315624
0,00024461286605622344;-0,003674290240383784;-0,00432902020301755;0,006183677986218536;0,004692512219093708;-0,0024317508381777736
-0,00010339985623752284;-0,0054005105688038875;0,00036349201607615775;0,0037519271480407623;0,003526519408030261;0,0072388734877509575
-0,0006245733866519711;-0,006879383777775251;0,003890011424106419;0,01099080063579172;-0,0014135347277527584;-0,006179730694872321
-0,001131207236423373;-0,008208179900824984;0,0024764766963536605;0,004811069940919399;-0,0004957886979936252;-0,004657425130016962
-0,0014822406292305183;-0,009097343998443048;0,0019806879983600353;0,00015364481090243687;0,005576903951777852;0,005870782627569376
-0,0017342149541835171;-0,009794065298424335;0,007557591950137887;0,006024427438471813;0,0019736756761572563;-0,0035612554904574933
-0,0019069617592021144;-0,010484640805969525;0,009531267626295144;0,00246317194801432;0,00022697172169083846;0,0023408648986762426
-0,0017774048862151963;-0,010934239215975843;0,009758239347985982;0,0048040368466905625;-0,00980161158091658;0,01142152508751254
-0,0012665973081764724;-0,011285310748061588;-4,3372232930598276e-05;0,016225561934203103;-0,0016436725712872524;-0,00038701395060627974
-0,0003654601562183091;-0,011444220806279711;-0,0016870448042178507;0,015838547983596823;0,0015715973159009869;-0,00011849992007686994
0,0005339421064226302;-0,010954108387129709;-0,0001154474883168638;0,015720048063519954;0,0008407067307889191;-0,007875026609137081
0,0013658625768948555;-0,009830454048635834;0,0007252592424720553;0,007845021454382872;-0,00493944665153475;-0,008923200214645502
0,002193165147834406;-0,008077997787601161;-0,004214187409062695;-0,0010781787602626297;-0,0033451948373448975;-0,005505730333678141
0,0030494780884728393;-0,006011740668391174;-0,007559382246407592;-0,006583909093940771;0,0047768961772572255;-0,02102297964813321
0,003737223532748764;-0,003988610699591691;-0,0027824860691503667;-0,02760688874207398;0,000523247517277517;0,0009044212784033723
0,0041225936871683855;-0,0022288370945498393;-0,0022592385518728497;-0,02670246746367061;0,003729249295468265;0,007682966923092213
0,004396664398821993;-0,001573339039190947;0,0014700107435954152;-0,019019500540578396;-0,0015680030006029327;0,014689099085857346
0,004580365568400685;-0,001985939682378879;-9,799225700751757e-05;-0,00433040145472105;-0,0002777765743283839;0,006593687647107299
0,0048228671677231945;-0,0031593203471899467;-0,00037576883133590144;0,002263286192386249;0,000825618162436384;0,004401390605998812
0,005061449076765403;-0,0045059170701898564;0,00044984933110048253;0,006664676798385061;-0,005377372810124237;-0,004060348451867424
0,005285000232554176;-0,005761982345494316;-0,004927523479023754;0,002604328346517637;0,00407157931863944;0,004615837537488593
0,005526545361586968;-0,006751460548863374;-0,0008559441603843143;0,00722016588400623;-0,00835603221396275;0,013308212262413854
0,005570989551458809;-0,007636765618371726;-0,009211976374347064;0,020528378146420084;6,109567849553466e-05;0,0016267508981626377
0,0055811959749152784;-0,00823326405251983;-0,00915088069585153;0,022155129044582722;-0,005106738485130546;-0,003903201137601342
0,005222923343397866;-0,008008627360811128;-0,014257619180982076;0,01825192790698138;0,004690179559548924;-0,01718515777712186
0,004498615484046391;-0,006897785507319118;-0,009567439621433152;0,0010667701298595206;0,0030851659956537825;-0,006794890101434789
0,003204002857455633;-0,005056866537547854;-0,0064822736257793695;-0,005728119971575268;0,0017520324034266954;-0,01218534785732546
0,0015266926460075492;-0,0031732767625822084;-0,004730241222352674;-0,017913467828900728;0,004218433933375093;-0,001825601381223868
-0,00040990851047170945;-0,0015188117864795736;-0,000511807288977581;-0,019739069210124596;0,002672137351170445;-0,0065998279400595675
-0,0025357193158450746;-0,000580885523532968;0,002160330062192864;-0,026338897150184164;0,006071632257726445;0,0028078059116014784
-0,004682002412777543;-0,0004325220289913463;0,008231962319919309;-0,023531091238582685;-0,0037677898563395623;0,010369174954731837
-0,006741872307222297;-0,0013377144204570908;0,004464172463579746;-0,013161916283850848;-0,0013544338425709734;0,01440867531839609
-0,00847246370887028;-0,0031841504614661433;0,003109738621008773;0,0012467590345452417;-0,006535356916455404;0,02285509987782891
-0,010024488211975071;-0,005557063153829229;-0,0034256182954466308;0,024101858912374152;0,009373058291550274;-0,013172019023000775
-0,011452123170239512;-0,007880105484810506;0,005947439996103643;0,010929839889373377;0,0050407214032540115;-0,012278159541941086
-0,013016782860321818;-0,009239073459296816;0,010988161399357654;-0,0013483196525677088;-0,004137468727636484;-0,012093777948202933
-0,01434354495055998;-0,010160847838208191;0,00685069267172117;-0,013442097600770642;0,0028073995081085434;0,006463330458311711
-0,015230780584823835;-0,011136555003222274;0,009658092179829714;-0,00697876714245893;-0,005123950504062169;0,003685887346076444
-0,01584398851221884;-0,012649946072267184;0,0045341416757675446;-0,0032928797963824863;0,0063944674953223535;-0,0006512099488817369
-0,01607087275242066;-0,014442487827010452;0,010928609171089898;-0,003944089745264223;-0,006864535938067795;-0,000534384187418302
-0,016116391325591777;-0,016366744773609016;0,004064073233022103;-0,004478473932682525;-0,010199086177410999;0,009767026669712742
-0,0157247655319193;-0,018448765310018152;-0,006135012944388896;0,0052885527370302166;0,0025875429393944493;0,007554674743566192
-0,015170576808925937;-0,020709924803734587;-0,0035474700049944463;0,012843227480596409;0,003098453077819585;0,013151344925906971
-0,014861788603708128;-0,022759542187969814;-0,0004490169271748612;0,02599457240650338;0,00477743160865135;-0,007906095959836934
-0,014694899198690098;-0,024295430472981185;0,004328414681476489;0,018088476446666446;0,003214478754317851;-0,011170527306617273
-0,014545970470759064;-0,02479153586173242;0,00754289343579434;0,006917949140049173;-0,0020374052455987557;0,007373478849448056
-0,014223905155568971;-0,024564102192617;0,005505488190195584;0,01429142798949723;-0,004120798525174496;0,0020291023148867326
-0,013600124102947102;-0,024059950557899612;0,0013846896650210883;0,016320530304383962;0,0005709309082636005;0,004534145409785251
-0,01275612352271741;-0,02298414180360233;0,0019556205732846887;0,020854675714169213;0,0005202070058548391;-0,011049673216004752
-0,011856735355886876;-0,021255511837129693;0,002475827579139528;0,009805002498164461;-0,0015894745537589905;-0,006717055355391077
-0,010879122366124955;-0,01869269484209029;0,0008863530253805374;0,003087947142773384;-0,010628399246541409;0,0051558855571872675
-0,00980247627319745;-0,015737677747124305;-0,009742046221160872;0,008243832699960651;-0,00037264143818982465;-0,007768995452529487
-0,008690376059254726;-0,012659142766447386;-0,010114687659350696;0,0004748372474311646;0,011221748944898385;-0,015567930893878867
-0,007967957694158435;-0,009250854477772042;0,0011070612855476891;-0,015093093646447703;0,0016868224644578933;-0,0048597264153249775
-0,0076501268354361735;-0,00582357269919945;0,0027938837500055824;-0,01995282006177268;-0,0008887929815631357;0,002261060725622467
-0,007288013525292004;-0,0030000146664847663;0,0019050907684424467;-0,017691759336150213;-0,0037834804341853323;0,0026349807452589816
-0,00681414486514761;-0,0009745694362409894;-0,0018783896657428856;-0,015056778590891232;0,0071194722356648366;0,00413718998942382
-0,0062640725742655196;0,0003432054205567784;0,005241082569921951;-0,010919588601467412;0,0011457323576943845;0,00897715996250105
-0,005789135870013143;0,001058709133718897;0,0063868149276163355;-0,001942428638966362;-0,007187312293501377;0,0025323719332391442
-0,00510455586296389;0,0013374293028223193;-0,0008004973658850417;0,0005899432942727822;0,0017550824099931694;-0,0038796874743594265
-0,004164503258809983;0,0015384523263670868;0,0009545850441081277;-0,003289744180086644;-0,008385932060053641;-0,0019198154160276967
-0,0032564705492914778;0,0017630730816827658;-0,007431347015945514;-0,005209559596114341;0,004487318704092434;-0,0020449180187889493
-0,002310254438008647;0,0018561040697949792;-0,0029440283118530794;-0,00725447761490329;-0,00036517582312133035;-0,0077957674061238935
-0,001661292207363637;0,0017407526740626186;-0,0033092041349744097;-0,015050245021027184;-0,005241157092220328;-0,012522636899236904
-0,0011300911091927505;0,0013352221737341265;-0,008550361227194738;-0,027572881920264088;0,00651564482288966;0,013078173627579265
-0,0007312581764208401;0,00032768187256454733;-0,002034716404305078;-0,014494708292684823;-0,005436258487591706;0,016064847434543873
-0,0006744396927367193;-0,0017827737054155958;-0,007470974891896784;0,0015701391418590505;0,01150431852044145;0,008676727745318233
-0,0006990098652248015;-0,004473017615103132;0,004033343628544666;0,010246866887177283;-0,0009485129794619476;0,00920560901428831
-0,0010224190333887552;-0,007100455959116306;0,0030848306490827183;0,019452475901465593;-0,006975097255004153;0,012172417666674568
-0,0011844944564109222;-0,009318019627642388;-0,0038902666059214344;0,03162489356814016;0,004559214717018874;0,007455673187749978
-0,0012231766534697805;-0,010757484260109846;0,0006689481110974393;0,03908056675589014;0,0006573473361689702;-0,015069268715543732
-0,001417469514765496;-0,010931953149851698;0,0013262954472664096;0,024011298040346407;0,002366764661855897;-0,01978057642699825
-0,0015850044516173144;-0,009543199369357946;0,0036930601091223064;0,004230721613348157;-0,008510583221463225;-0,011729777542854092
-0,001699487570578476;-0,007193993667250336;-0,0048175231123409185;-0,007499055929505935;-0,0007641301054071362;-0,015668959698497534
-0,0016662482851747453;-0,0046755591006088;-0,005581653217748055;-0,02316801562800347;0,00551895287813689;-0,012348910585090841
-0,0018257099242646516;-0,0024570867711475016;-6,270033961116445e-05;-0,03551692621309431;-0,0024806759394403258;0,008070553106940433
-0,00220843769206448;-0,001165335066806342;-0,0025433762790514902;-0,027446373106153877;0,007138655084234322;0,020442296363648197
-0,002593673473448755;-0,0012942604109889544;0,004595278805182831;-0,00700407674250568;7,591314344913835e-05;0,007788441668801896
-0,0030806443059950895;-0,002521040679417722;0,00467119194863197;0,000784364926296216;-0,005187092703752838;0,016803541344135434
-0,003383803986334111;-0,004027984017546717;-0,0005159007551208683;0,01758790627043165;0,0020186174113249328;0,010470046785776274
-0,0035001159887278533;-0,0055035527586238635;0,0015027166562040645;0,028057953056207924;0,0023421025800448997;0,008608542608310524
-0,003637064021326431;-0,0062756052488837435;0,003844819236248964;0,03666649566451845;0,002046199941397417;-0,007180272983130662
-0,0037139033876768452;-0,0059253396168953065;0,005891019177646381;0,029486222681387786;-0,011268781241860926;-0,01565857378323328
-0,003636949984577301;-0,004108414158326132;-0,005377762064214545;0,013827648898154507;0,003662377412681328;-0,015568171236461856
-0,003324355814371902;-0,001112039792501446;-0,0017153846515332166;-0,0017405223383073487;0,0039478287379909605;-0,023932284413448968
-0,0032268721267350847;0,0024374405292494202;0,002232444086457744;-0,025672806751756316;0,0022296395338549657;-0,008100733233883717
-0,003198003825159596;0,005917299957467993;0,0044620836203127096;-0,03377353998564003;-0,00305855997106292;-0,006782594663179375
-0,0030798377601257976;0,008370247115616312;0,0014035236492497896;-0,04055613464881941;-0,003391725470539682;0,014559959032241943
-0,002783188350279491;0,009472252674339031;-0,001988201821289892;-0,025996175616577466;0,00433976937208036;-0,002099381307533413
-0,0024303979944631923;0,008952012847108974;0,0023515675507904676;-0,02809555692411088;-0,004070050740895295;0,021264214841507062
-0,0021571357114984896;0,007391925995215817;-0,0017184831901048275;-0,006831342082603817;0,0007819082507047846;0,030208889623268988
-0,001789810726502168;0,004708016866358225;-0,0009365749394000429;0,02337754754066517;0,005639691223094465;0,010264894673553189
-0,0014912250691100398;0,0017508540541964811;0,004703116283694422;0,03364244221421836;-0,003943024879375293;-0,0045950643312890616
-0,0012301024092939133;-0,00027120685633865663;0,0007600914043191295;0,0290473778829293;0,0028731838034536834;-0,009762940686439646
-0,0007808550981300097;-0,0009475700783050599;0,003633275207772813;0,019284437196489652;-0,001223678027530808;-0,008979610141079467
-0,000301204130793341;-0,00046203818495429115;0,0024095971802420048;0,010304827055410186;-0,005451132490174898;0,0028945455153568528
0,0003237778448542402;0,0007948711962560636;-0,0030415353099328933;0,013199372570767039;-0,0038658758542244667;-0,014890519223474195
0,0010451437077115015;0,002463973659682826;-0,00690741116415736;-0,0016911466527071567;-0,0015704127324060006;-0,014169656587869367
0,0016448481581714473;0,00466105102594027;-0,00847782389656336;-0,015860803240576524;0,0005467767216857863;0,0006697546807741678
0,0019682561620650986;0,006790482526089428;-0,007931047174877574;-0,015191048559802356;0,007390696868442959;-0,004100835398067937
0,0019525512100962155;0,008285481896615524;-0,0005403503064346157;-0,019291883957870293;-0,0008409280989838397;0,0140600499021179
0,0016196043711322293;0,009172839324749526;-0,0013812784054184554;-0,0052318340557523935;-0,0010702726517799119;0,011219290918545177
0,0012650435199108585;0,009288521394568717;-0,0024515510571983673;0,005987456862792784;0,001510847495812373;-0,009190740015288523
0,0008552315324727494;0,009194930102157812;-0,0009407035613859943;-0,0032032831524957395;0,00282142721453665;0,01267053187224576
0,00034735750274670577;0,009340837084258619;0,001880723653150656;0,009467248719750021;0,00021135580440902885;0,00542381248177265
-0,00019814466943477772;0,009358612740259595;0,0020920794575596847;0,01489106120152267;0,00027319105149375966;-0,006872399443266147
-0,000668417895490235;0,009755078345050574;0,0023652705090534444;0,008018661758256523;0,0008518866077240686;-0,012527906442012043
-0,0010550079432433048;0,010747186397902458;0,003217157116777513;-0,00450924468375552;0,0039757979970608155;-0,010372917067753062
-0,0013469871706342368;0,012060040921084604;0,0071929551138383285;-0,014882161751508582;0,009345698311296086;-0,004808044821453583
-0,0015102801133540682;0,013192525656916528;0,016538653425134414;-0,019690206572962166;-0,0043457563207081745;-0,009023306896977223
-0,0013858548515203668;0,01372972392268811;0,01219289710442624;-0,02871351346993939;-0,0022777583746445285;-0,004248702647881714
-0,0005998834526812886;0,013479313925541204;0,009915138729781711;-0,0329622161178211;-0,010734041140233228;0,013038084134536415
0,0006738038303348392;0,012080363389596723;-0,0008189024104515163;-0,019924131983284687;-0,0026836306315729253;0,02341754287907903
0,0023440966625422354;0,009362924208939397;-0,0035025330420244416;0,003493410895794344;0,0014577767561466115;0,012973050601020969
0,003981633398331571;0,005848519748950684;-0,00204475628587783;0,016466461496815313;-0,009541483470766582;-0,0010181465417421973
0,005479068812439929;0,002473851724793746;-0,011586239756644412;0,015448314955073116;-0,0028241955544706376;0,0013867677519218621
0,006894713975113174;-0,00024215783949058036;-0,01441043531111505;0,016835082706994978;0,0023146283343557505;0,0028409897328560488
0,007846909547520643;-0,002340234805571982;-0,012095806976759299;0,019676072439851026;0,011623956062593283;-0,00435912094749321
0,008222687707483509;-0,0037649084633735847;-0,00047185091416601654;0,015316951492357816;-0,0028277590906843897;-0,0035359576634232254
0,008114633588376002;-0,004402539223581146;-0,0032996100048504062;0,011780993828934591;0,0038098957891215535;-0,012599165477434116
0,007987705432701856;-0,004427491924094395;0,0005102857842711472;-0,0008181716484995244;0,0008525568744907619;0,004582776161723312
0,007728792876833693;-0,00398120487145026;0,0013628426587619091;0,0037646045132237876;-0,0014005040542935665;0,004650854285355277
0,007490291752336377;-0,003567644684746106;-3,766139553165737e-05;0,008415458798579065;-0,0024131484389092184;-0,001461960563423563
0,007306304334189537;-0,003003500317513001;-0,0024508098344408757;0,006953498235155502;-0,007717464705874283;-0,0008372677753543181
0,0071208104602214295;-0,002102737598336733;-0,010168274540315159;0,0061162304598011835;0,006992213250864687;-0,0002925297879400393
0,0068372841928756875;-0,000923834949754245;-0,0031760612894504714;0,005823700671861144;0,0004677322367794279;-0,01419764217247809
0,00614702694391734;0,0004997169172202904;-0,0027083290526710435;-0,008373941500616947;0,01085436463206911;-0,004389623941158771
0,005329727243380973;0,0021562168110692715;0,008146035579398067;-0,012763565441775718;0,00366693012551339;0,003480503589424394
0,004404094380737764;0,003477759044893575;0,011812965704911457;-0,009283061852351324;-0,0032210643389355975;0,010495687106074514
0,0038043029412704785;0,004288758661046849;0,00859190136597586;0,0012126252537231902;-0,004992813744607916;0,007188531725782182
0,0036770301299996503;0,004728435803106071;0,003599087621367944;0,008401156979505373;-0,004227956407865066;-0,0022769405394553605
0,0038934333733678574;0,00521661795531422;-0,0006288687864971221;0,006124216440050012;0,002446990012161726;-0,007275670575831061
0,004253800121590782;0,006040846386702584;0,001818121225664604;-0,0011514541357810493;3,6173174356363136e-05;-0,006357510808797817
0,0045890121183538215;0,007110043475692949;0,0018542944000209671;-0,007508964944578866;-0,006682819509549326;-0,01321289514064844
0,004996948964143445;0,008133182399252072;-0,004828525109528359;-0,020721860085227306;0,0014749635851430964;-0,008175962981086499
0,005479057585933908;0,00885596272502804;-0,0033535615243852623;-0,028897823066313805;0,006235253356133147;0,020330538427729666
0,005768025203343236;0,008749868647394915;0,0028816918317478846;-0,008567284638584138;0,009658603419400391;-0,0017819101358210604
0,005922850359777154;0,007487861647109239;0,012540295251148276;-0,010349194774405199;0,002076143339806963;0,012379818477886127
0,006192943189480987;0,0058831632612801965;0,014616438590955239;0,0020306237034809285;-0,012287442119762182;0,004240783219540724
0,00696464782923075;0,0038644970844749467;0,0023289964711930566;0,006271406923021652;-0,006023300998151904;-0,002588668148079183
0,008321010012618724;0,0019270558558089337;-0,003694304526958847;0,003682738774942469;-0,002253976750814346;0,020701692783746485
0,00977053205485442;0,00024047090406378695;-0,005948281277773193;0,024384431558688954;0,0021135374155831776;-0,015295784748193209
0,011072281916011761;-0,001298804496683661;-0,0038347438621900154;0,009088646810495746;8,993296243270388e-05;-0,011492505073503197
0,012136100526058175;-0,0018627026350835508;-0,0037448108997573115;-0,002403858263007451;-0,004000918043311152;-0,010706440824598117
0,01304652938161699;-0,002063054901063611;-0,007745728943068464;-0,013110299087605568;0,0017375266040444703;0,0010103132133480117
0,01380716580118551;-0,002359561497563969;-0,006008202339023994;-0,012099985874257556;0,0007556742723697218;0,01631249966549548
0,014257973063031294;-0,003180480057568549;-0,005252528066654272;0,0042125137912379235;0,007278022653678606;0,006370698339215788
0,014468452231316115;-0,004485398052543432;0,0020254945870243346;0,010583212130453712;0,004537624104641369;-0,006355570944028999
0,014468830276934767;-0,005621815495868799;0,006563118691665704;0,004227641186424713;-0,006654060737876555;-0,002562635827402876
0,014550228106034393;-0,006334904453976015;-9,094204621085122e-05;0,0016650053590218372;0,00013198759861521303;0,005082600998825959
0,014894150682800648;-0,0068788877646262445;4,104555240436181e-05;0,006747606357847796;-0,003989517039477419;0,003736038953791626
0,015234435577718466;-0,0073562708609156;-0,0039484714870730575;0,010483645311639422;0,0050447929745653375;-0,00710041504161904
0,01557636229473246;-0,007563749702891044;0,00109632148749228;0,003383230270020382;-0,002965828772079626;0,009932458948132578
0,01576035015226353;-0,007351882732400911;-0,0018695072845873462;0,01331568921815296;0,0004830753872498428;-0,0022275952783780556
0,015988190869294296;-0,007004686551109962;-0,0013864318973375034;0,011088093939774904;0,0009995080263112688;-0,006217878358740381
0,016141251294941563;-0,006124862801092895;-0,0003869238710262346;0,004870215581034523;-0,005954235328741231;0,008122593015666257
0,016238854444695333;-0,004801515293484832;-0,0063411591997674654;0,01299280859670078;0,004197750641071085;0,0004862766167208349
0,016320980639608053;-0,0032833591626353882;-0,0021434085586963803;0,013479085213421615;-0,004877452521418024;-0,010484057220288792
0,016149460466530072;-0,0012454906879179127;-0,0070208610801144045;0,0029950279931328233;0,0094898271713314;-0,03393878205514897
0,015892203951104238;0,001331541195336427;0,0024689660912169953;-0,030943754062016146;0,0006549514972160608;-0,006304519856144802
0,015354112992473827;0,00402837419831608;0,003123917588433056;-0,03724827391816095;-0,0031514802486506954;0,023693805958622693
0,014914780677492098;0,005487457038815087;-2,7562660217639312e-05;-0,013554467959538255;0,0035894618296160585;0,0008710854158247155
0,014600405066047688;0,0054566089225876555;0,0035618991693984192;-0,01268338254371354;-0,0031563079779154957;0,004785929172045712
0,014284926948194575;0,004883582087978695;0,00040559119148292355;-0,007897453371667827;-0,0027185283667584548;0,008941087036207288
0,014111924797117396;0,0038032199516211916;-0,0023129371752755312;0,0010436336645394603;-0,0045271500237010764;0,020622536299310212
0,013955146293699537;0,002406959680396976;-0,006840087198976608;0,021666169963849673;-0,0013543714336549106;-0,0054520823728498
0,013705850303270655;0,0010524447557543385;-0,008194458632631518;0,016214087590999873;0,005687084926641828;-0,00821712274733661
0,01318295082488271;0,0005645766296656879;-0,0025073737059896906;0,007996964843663263;-0,0023651128260127607;-0,00536772124783786
0,012332273001189503;0,0007252720072170323;-0,004872486532002451;0,0026292435958254028;0,010218882351598624;-0,009441267805290636
0,011381300229256708;0,0012058459785149072;0,0053463958195961725;-0,006812024209465233;0,002900775872986594;-0,009541546577136972
0,010235427996043815;0,001791589693645798;0,008247171692582767;-0,016353570786602205;-0,007292149212166976;0,004839370863060809
0,00930341159561477;0,00210485244039808;0,0009550224804157903;-0,011514199923541395;5,90440522977298e-05;0,014550502084917434
0,008701282062889035;0,0017639723556862733;0,00101406653271352;0,0030363021613760387;-0,001238710391983061;0,008982871499165539
0,008137353429379933;0,000962524274032811;-0,000224643859269541;0,012019173660541577;-0,008382694602937418;-0,01194996597432173
0,00761398745717937;0,00028252827883439014;-0,00860733846220696;6,920768621984565e-05;-0,000919828805261258;0,0020452995598268828
0,007081635730608026;8,329923005763248e-05;-0,009527167267468217;0,0021145072460467284;-0,004513305240047796;0,008396812317982538
0,006204990465548403;-0,00011316151127033135;-0,014040472507516014;0,010511319564029266;0,011308762861600888;-0,003687170804375516
0,004947258509790053;-0,00022504196275642606;-0,0027317096459151258;0,00682414875965375;0,004748532667170902;-0,015077557621237048
0,0031279076537310607;8,353036831864984e-05;0,002016823021255776;-0,008253408861583298;0,004439031051139249;-0,020614357114379846
0,001199288411835464;0,0006650686497798758;0,0064558540723950245;-0,028867765975963144;0,007375751984387849;0,01160960204797213
-0,0006486579092099018;0,0009164705767777698;0,013831606056782873;-0,017258163927991014;-0,00119107575794785;0,004304646448201704
-0,0022383700673594665;1,3161864737138047e-05;0,012640530298835023;-0,01295351747978931;-0,0037080241254215385;0,005018363361333475
-0,0032748179832377163;-0,0015804734044231343;0,008932506173413485;-0,007935154118455835;0,004129279040597622;0,0013172405113630256
-0,003805644687162565;-0,003692249372774979;0,013061785214011107;-0,00661791360709281;-0,004913587559831234;0,008707087126038723
-0,0039791711441508745;-0,006121431505865057;0,008148197654179873;0,0020891735189459137;-0,009274752255281571;0,007329192089344766
-0,0036302261925787397;-0,008815330183238847;-0,001126554601101698;0,00941836560829068;-0,0044686984524645035;-0,0005706167797830397
-0,0029553533348394096;-0,011425661919854802;-0,0055952530535662015;0,00884774882850764;0,00023625579004506875;-0,0019157418444108454
-0,0023255426611441476;-0,013659259032139128;-0,005358997263521133;0,006932006984096795;0,003360791848798561;-0,0036173613365878543
-0,0019195421095915338;-0,01553894619128315;-0,0019982054147225717;0,0033146456475089403;-0,00405668117188273;0,0049955343304409205
-0,0017279014485797653;-0,0171413530710633;-0,0060548865866053014;0,00831017997794986;-0,001825863039654714;0,008181912596678165
-0,0016161890041568997;-0,018611174124943092;-0,007880749626260015;0,016492092574628026;0,0017364661056861047;0,00397158678673093
-0,0017466720231982462;-0,019748587979704888;-0,006144283520573911;0,020463679361358955;0,0030052766593672356;0,0005330765134418103
-0,002192385027289993;-0,020226318131481565;-0,003139006861206675;0,020996755874800765;-0,0002502530569263167;0,00163147658393209
-0,0028838693722046966;-0,019885501108803882;-0,003389259918132992;0,022628232458732855;0,002497612272484323;-0,0010338006489354346
-0,003700913991567667;-0,01870481385113417;-0,0008916476456486688;0,02159443180979742;0,004684734582989805;-0,0016740547599095046
-0,0046535290076559575;-0,016618997295115144;0,0037930869373411363;0,019920377049887916;0,0007483981908541909;-0,016304566584067093
-0,0056418099295701945;-0,01366940346670422;0,004541485128195327;0,0036158104658208234;0,006982098160194461;-0,013480519696440749
-0,006478367373990785;-0,00992299455629778;0,011523583288389788;-0,009864709230619925;-0,00577623338248659;-0,011776843161019637
-0,007133265413283564;-0,006031953227258507;0,0057473499059031985;-0,021641552391639562;0,006354342272048064;-0,004763332430164469
-0,007327220121040751;-0,0025355002674440305;0,012101692177951262;-0,02640488482180403;0,007975088961337695;-0,0009725326667704981
-0,007291280832561809;9,529059670486352e-05;0,020076781139288957;-0,02737741748857453;-0,012349019667377573;-0,002205287094260336
-0,006771273856964818;0,0016698860679815958;0,007727761471911385;-0,029582704582834865;-0,005694074291229437;0,024044560845229473
-0,005448195635796268;0,002149384839715347;0,002033687180681948;-0,005538143737605392;-0,0061952921992816865;0,006486313402906861
-0,0038160069557512627;0,0014455754281357037;-0,004161605018599739;0,0009481696653014689;0,0031028500956352748;0,0025559839594307826
-0,0021024707884789795;0,0005202402670518446;-0,0010587549229644638;0,0035041536247322515;-0,0013493954031911295;0,008516179632945257
-0,0005553988219506858;-0,00036716810741995576;-0,0024081503261555934;0,012020333257677509;-0,016852520535322643;0,011905905375344125
0,0009493229476590294;-0,0011144103369024661;-0,019260670861478237;0,023926238633021634;0,011557803884841442;-0,00986837798467833
0,002357718704222521;-0,001380839236077876;-0,007702866976636795;0,014057860648343305;-0,001492928159740621;-0,01912377822431841
0,002995687626326883;-0,0006902185899324206;-0,009195795136377416;-0,005065917575975104;0,006307462944747488;-0,007310303438663596
0,003325541869365773;0,0005627164821467671;-0,0028883321916299276;-0,0123762210146387;-0,00034945275230474637;0,012500505128249413
0,0032875643069495667;0,0016130148511869506;-0,003237784943934674;0,0001242841136107134;-0,007518065553597825;6,193147993970027e-05
0,003134053456868163;0,002168264379641586;-0,010755850497532499;0,00018621559355041367;0,015727398056687693;-0,007639997996643853
0,0028510312090293723;0,00272848527264065;0,004971547559155194;-0,00745378240309344;-0,0014794585758628256;0,004186691707708995
0,0021377749412892816;0,0032961547893817305;0,0034920889832923685;-0,0032670906953844447;0,0064967778641815965;0,0038834294313178502
0,001623380575915399;0,0035656730099990737;0,009988866847473965;0,0006163387359334055;-0,004746325305642056;-0,009100048846958822
0,0012486697698732107;0,003704507602801039;0,005242541541831909;-0,008483710111025417;-0,003139454147803894;0,003980008173140842
0,0012735136377299814;0,00386799574504034;0,002103087394028015;-0,004503701937884574;0,0032345951029346884;-0,0014694729621874264
0,0015080591672600283;0,003692135482838625;0,0053376824969627035;-0,005973174900072001;-0,007474114747363758;0,0070624979715012345
0,0018267281925511958;0,0033361271431215267;-0,0021364322504010547;0,0010893230714292337;0,0013783017725846128;0,008594559368812836
0,0023589045177208716;0,0027411918074015484;-0,0007581304778164419;0,00968388244024207;0,0017810819866507302;-0,009121845147505497
0,002805623552874505;0,0021898293945387397;0,0010229515088342883;0,0005620372927365724;0,0005568844192109235;0,007889342272384539
0,003222017368915481;0,0020258222792856133;0,0015798359280452118;0,008451379565121112;0,006427311685172174;-0,009032847088794309
0,0036793292453098283;0,0018842966557419503;0,008007147613217386;-0,0005814675236731973;-0,0005289908319972975;-0,01238134791912611
0,004199834558825984;0,0020808262148031315;0,007478156781220088;-0,012962815442799307;0,001682772380363337;-0,005597169934351352
0,005040625776870835;0,002254097072917385;0,009160929161583425;-0,01855998537715066;-0,006738347946670442;-0,006813195787245645
0,00618054326616449;0,0019088553133196659;0,0024225812149129833;-0,025373181164396304;-0,006532130660637903;0,006878626415944174
0,007686897921921482;0,0008212141386359207;-0,004109549445724919;-0,01849455474845213;-0,002223993664763918;0,015206291969816654
0,009290155826274992;-0,0012813542826236768;-0,006333543110488837;-0,0032882627786354757;-0,0034622656888100845;0,0076099117647544234
0,010729031752799508;-0,0041237048938213595;-0,009795808799298922;0,004321648986118948;0,003509629520806745;0,007166823945441464
0,011914565954904468;-0,007097586016164461;-0,006286179278492177;0,011488472931560412;-0,004848509528295131;0,015848085219871577
0,012708267805037473;-0,009898601179062804;-0,011134688806787307;0,02733655815143199;-0,000449694630021924;0,004843044982995037
0,013250522484030788;-0,012240077424698731;-0,011584383436809231;0,032179603134427026;0,006351748764899967;-0,004108086963250046
0,013347389610752613;-0,01348809134427738;-0,005232634671909264;0,02807151617117698;0,005296558638090809;-0,00696676935088808
0,01298088140000207;-0,013448921138478946;6,392396618154494e-05;0,0211047468202889;0,0010124065096948631;-0,00958754102309195
0,012405067802375153;-0,012286890285833435;0,001076330475876408;0,01151720579719695;0,0006213694988359553;-0,00317755260554603
0,0118318111633955;-0,010280669560376366;0,0016976999747123633;0,00833965319165092;-0,004149208414005345;-0,009808357768050766
0,011301607743450903;-0,00781376060303142;-0,002451508439292982;-0,0014687045763998458;0,003908565011133874;-0,009510271798213774
0,0108393123224948;-0,005013265518020436;0,0014570565718408923;-0,01097897637461362;-0,006102635681480478;0,005309003500898336
0,01027895656396698;-0,002271518616065446;-0,004645579109639586;-0,005669972873715283;0,0027100101627509643;-0,009231806979955008
0,009776883068312793;3,1069230904998786e-05;-0,0019355689468886217;-0,014901779853670291;-0,004758900535853816;-0,0019886725996610052
0,009088986408273023;0,0021068581629268323;-0,006694469482742438;-0,016890452453331296;-0,0017921620522534376;0,006480192207849282
0,00832366699035771;0,003586575900801854;-0,008486631534995875;-0,010410260245482014;0,00873517449055461;0,005255262668728111
0,0072905687931326965;0,004390675540543624;0,00024854295555873374;-0,005154997576753903;0,0029275344767287492;-0,004554911623966443
0,00591800533450785;0,004778364770466113;0,003176077432287483;-0,009709909200720346;0,004253277951167582;0,011147661805467904
0,004555383594105352;0,004959854097318446;0,007429355383455065;0,001437752604747558;-0,0026774795397402906;0,012763866812770447
0,003319804950994354;0,004752947056141966;0,004751875843714774;0,014201619417518005;0,006636915169950651;0,011940325418276956
0,002381400523221558;0,0046035501191553875;0,011388791013665425;0,02614194483579496;-0,002615694435809106;-0,002195316182425605
0,0016330711291973536;0,00502221795886953;0,00877309657785632;0,023946628653369356;-0,007160358993577594;-0,013085084513173695
0,0013402933757197658;0,0064865635920154695;0,0016127375842787256;0,010861544140195661;-0,0033797661503346954;-0,007698914279634345
0,0013984394853564308;0,008908774371296184;-0,0017670285660559698;0,003162629860561317;-0,004449539584258408;-0,011915177402064048
0,0015210950983642448;0,011765446916184726;-0,006216568150314378;-0,008752547541502731;0,009605535368667997;-0,007872512236968054
0,0015730695687298203;0,01474862465549572;0,0033889672183536196;-0,016625059778470785;-0,006794151829417894;-0,010466389150367128
0,0013763813130828204;0,017381700493146603;-0,003405184611064274;-0,027091448928837913;0,0022406849910624332;0,0033217475489858983
0,0013152517461699654;0,019349773939658657;-0,001164499620001841;-0,023769701379852015;0,0025451136796077606;0,015943392498861286
0,0011179147948145393;0,020234189429017193;0,0013806140596059197;-0,007826308880990729;0,004156332893675351;0,006705798274741104
0,0008739978586590397;0,02016781686318165;0,005536946953281271;-0,001120510606249625;0,002903339493347798;-0,002823530327218604
0,0006853054848877768;0,019788391942106475;0,008440286446629069;-0,003944040933468229;-0,006548509787984949;-0,00442375258847405
0,0007180909892477648;0,019364146596781318;0,0018917766586441197;-0,00836779352194228;0,0012130415671351702;0,007731590005867539
0,0010884879514729156;0,01878213961411743;0,00310481822577929;-0,0006362035160747403;0,0008489765375863621;-0,003622917919107904
0,0015345559800438312;0,017865420890575853;0,003953794763365652;-0,0042591214351826445;0,0018118630510722475;0,0023649174205516155
0,002104816737645918;0,016923254026391284;0,0057656578144378995;-0,001894204014631029;-0,008153340537195866;0,0012822470139331466
0,0028332292857826315;0,01581072230479941;-0,0023876827227579667;-0,0006119570006978825;-0,0027535133964676634;-0,008512972422948184
0,0037922681464968603;0,014622422422622294;-0,00514119611922563;-0,009124929423646067;0,0003933781308824297;0,0046963999799359835
0,004655799698300771;0,013409644260417264;-0,0047478179883432;-0,004428529443710083;-0,007720241160648983;0,007551256420280872
0,005313683405335656;0,01183186892126639;-0,012468059148992183;0,003122726976570789;0,001029375954491596;0,002974691934442719
0,005781654392836813;0,010076952404367115;-0,011438683194500587;0,006097418911013508;-0,0028166727923758794;-0,0032596113300042695
0,005750903014378284;0,00844694496653067;-0,014255355986876467;0,0028378075810092385;0,015064727232381586;-0,008314182843547707
0,00526260430813973;0,007060834285134765;0,0008093712455051194;-0,005476375262538469;0,0029376567519805094;0,011219599296101529
0,004204091362426118;0,00578823590697923;0,003747027997485629;0,00574322403356306;0,002352409571180686;0,0033441368349267295
0,0031779532665327107;0,004296582518322156;0,006099437568666315;0,00908736086848979;0,0042893371985559745;-0,002867558398450147
0,0023016962905387283;0,003034658091007605;0,010388774767222289;0,006219802470039643;-0,005523810760637862;0,002444931435636361
0,0016694168172913986;0,0021362280984326453;0,004864964006584427;0,008664733905676004;-0,0010491884512863411;-0,008396838866567155
0,0014526883347329603;0,0014865902046592712;0,0038157755552980857;0,00026789503910884874;-0,0013987375930807622;-0,0018987264350154211
0,0014305584124378991;0,0011835416671129371;0,0024170379622173235;-0,0016308313959065724;-0,008902533402521853;0,008666092444083248
0,0015610595123547618;0,0008912089311309572;-0,00648549544030453;0,0070352610481766754;-0,0026364921458713886;0,005508959214337758
0,001788242130760317;0,0005336429393127144;-0,009121987586175918;0,012544220262514434;0,001727101808258507;-0,008672300348016563
0,0017560049315536912;0,00045748738942153855;-0,007394885777917411;0,0038719199144978712;0,003137586080523471;-0,004407740074978669
0,0013588882289000284;0,00088310065003094;-0,00425729969739394;-0,0005358201604807981;0,0050471544467997655;0,004832198687621563
0,0006659760951296693;0,0014635907072202564;0,0007898547494058251;0,004296378527140765;-0,0032267361766368068;0,0050665012955185065
-0,00019722802653644733;0,002022647957990341;-0,0024368814272309816;0,009362879822659272;0,006561888864654572;-0,005996300302290931
-0,001028837958226331;0,002753560349846056;0,00412500743742359;0,00336657952036834;0,005446965125156994;0,000584864184414377
-0,001957923147005454;0,003858987934608142;0,009571972562580584;0,003951443704782717;-0,0019095562465143504;-6,547728753632243e-05
-0,002722008038287633;0,005099078700184961;0,007662416316066234;0,003885966417246395;0,006936892122654831;-0,006019165701747681
-0,0031032140270665894;0,00649722721395309;0,014599308438721065;-0,002133199284501286;-0,005606502643117094;0,0018882307847157276
-0,0031779233632028957;0,008050814384411074;0,008992805795603971;-0,00024496849978555835;-0,006863771997171003;-0,011616249556145097
-0,0026686603617903596;0,009519073583489007;0,002129033798432968;-0,011861218055930656;-0,012208450194236862;0,011341571901525793
-0,001799685128553665;0,010977534042575517;-0,010079416395803894;-0,0005196461544048625;0,0035367530061599798;-0,0011065829750666611
-0,0008455485433796514;0,011961545779424801;-0,006542663389643914;-0,0016262291294715236;0,0058904331315391125;-0,001625055060025249
-0,0002945886140377936;0,01292477167009789;-0,0006522302581048016;-0,0032512841894967726;-0,004774707275743338;-0,00017482664521634161
-5,335220281692385e-06;0,01382294839559212;-0,00542693753384814;-0,003426110834713114;0,004331519570275673;-0,004251629152274505
0,0002578289631502168;0,014591073753506476;-0,001095417963572467;-0,0076777399869876195;0,0002957573288912968;0,007181429126891903
0,0003039156452282004;0,015222154678032309;-0,0007996606346811702;-0,0004963108600957167;0,00477081636165363;-0,0021043066315932224
0,0003061856087632853;0,015546126003078637;0,00397115572697246;-0,002600617491688939;-0,004833455807073568;0,0006411108473189375
0,00027646914691112335;0,015850244893721138;-0,0008623000801011079;-0,0019595066443700015;-0,006409244326957759;-0,001997421501538532
0,0004055989141378599;0,01605033908469608;-0,007271544407058867;-0,003956928145908534;-0,00077811681479289;0,004059158701230914
0,0005002366781605521;0,01617205300989622;-0,008049661221851757;0,00010223055532238012;0,0035428062708375476;0,0021509426167885537
0,00030401266590088954;0,016135489809260023;-0,0045068549510142095;0,002253173172110934;0,006878566886616151;-0,005541205123622273
-0,0002141977952328433;0,016103015830836717;0,0023717119356019417;-0,0032880319515113388;0,001637081793949769;-0,002940534650266835
-0,0009126824544071445;0,01616066877929785;0,004008793729551711;-0,006228566601778174;0,007908520309288087;0,0007582531600969222
-0,001516298636157368;0,01608680044969853;0,011917314038839798;-0,0054703134416812516;-0,0036342802502944554;0,005559012055933399
-0,001959563068725523;0,015763789456028084;0,008283033788545342;8,869861425214731e-05;0,0037570933393484204;0,0027112555247481573
-0,0019261349397400862;0,015221965924690386;0,012040127127893763;0,0027999541390003047;-0,012921528367570975;-0,009446758379527465
-0,0015613854592128357;0,014683690337922774;-0,0008814012396772125;-0,00664680424052716;-0,0036625599715168315;0,015680699550511656
-0,0007150308935698346;0,014257412916715177;-0,004543961211194044;0,009033895309984497;0,00045764097764843317;0,008419171683821336
9,60676224860779e-05;0,013565263325886489;-0,004086320233545611;0,017453066993805832;-0,0044771979133303545;-0,012221098496015548
0,0007254076900942287;0,013234469547457184;-0,008563518146875965;0,005231968497790285;0,0015041216946391558;-0,006618063492768833
0,001191294948360555;0,013601798448780112;-0,0070593964522368095;-0,0013860949949785484;-0,0062660271135182785;-0,004238354597107585
0,001314641480751843;0,01417840609001465;-0,013325423565755088;-0,005624449592086134;0,0019159763881480656;0,003223417236669024
0,0011556121550536582;0,014699569931450046;-0,011409447177607022;-0,00240103235541711;0,005445170514436631;-0,008292662058913991
0,0004635658867252699;0,014995755789202;-0,005964276663170391;-0,0106936944143311;0,006273316249428618;-0,007627992834152997
-0,0006848582687073992;0,015195900352737267;0,00030903958625822653;-0,018321687248484098;0,00418542324072433;0,005316187037870845
-0,002071853490666884;0,014968297139699289;0,0044944628269825565;-0,013005500210613252;-0,004578765736337004;0,002211625883545565
-0,0034464871291760395;0,014007826436721948;-8,430290935444729e-05;-0,010793874327067687;0,0057143158792772875;0,00035582077374402
-0,004641342254605893;0,012527135725320078;0,00563001296992284;-0,010438053553323667;0,005699753624750517;0,009665368855491963
-0,005839569496409925;0,0106146900408355;0,011329766594673357;-0,0007726846978317048;0,00011751091991824003;0,0005499588094408231
-0,0068125962194170425;0,008284722214217975;0,011447277514591597;-0,0002227258883908817;-0,003559002214490792;0,003965380554076525
-0,007332432278637226;0,005923846999687181;0,007888275300100805;0,0037426546656856435;-0,008704528535641382;-0,008968714945505954
-0,007394377237273745;0,003554062749620753;-0,000816253235540576;-0,00522606027982031;0,010014956042420392;0,006138773757016963
-0,007140791183906232;0,00133398468618175;0,009198702806879816;0,0009127134771966527;-0,0008921661560002958;0,01966959644864298
-0,006919855259960343;-0,0010951357884500651;0,00830653665087952;0,020582309925839634;-0,000332068519209347;0,0012413423174114924
-0,00633097122373926;-0,0034877477239940143;0,007974468131670173;0,021823652243251127;-0,004167638331482815;-0,0005785181442835435
-0,005409825721482997;-0,005057067262504378;0,0038068298001873585;0,021245134098967583;-0,009452018780681797;-0,007305865729493183
-0,004169701493959927;-0,005753440711284696;-0,005645188980494438;0,0139392683694744;0,011308060985833722;-0,008347534556688865
-0,0027773040744293624;-0,005600008796106312;0,005662872005339284;0,005591733812785535;-0,012920019454247929;-0,000802409833651832
-0,0016107142141185756;-0,004889006146148951;-0,007257147448908645;0,004789323979133703;-0,0002032290961244236;-0,022678912163657604
-0,00021760947359421735;-0,003954334143680169;-0,0074603765450330685;-0,0178895881845239;-0,0015767295653174584;-0,011341779986510016
0,0008852093689737952;-0,0028280891820460386;-0,009037106110350527;-0,029231368171033917;-0,004046435836424212;0,0013963239546507175
0,0016896131497404847;-0,0024174277477928643;-0,013083541946774739;-0,0278350442163832;0,007801214921151482;0,015730737871574328
0,0021325326860931536;-0,003176021040381047;-0,005282327025623257;-0,012104306344808871;-0,004073830393392822;0,0194204250308853
0,0020521105445748325;-0,0050480161016245575;-0,00935615741901608;0,007316118686076428;0,004956416793920174;0,0008613351732613683
0,0017603953220315812;-0,007404183416660422;-0,004399740625095905;0,008177453859337797;-0,0017159850722703665;0,007594507514103344
0,001094433802727687;-0,009467705984253231;-0,006115725697366271;0,01577196137344114;0,0006376515718462435;0,015277241895724908
0,00025248265841995636;-0,011204130397472527;-0,005478074125520028;0,031049203269166048;0,001553865653175824;-0,004390680228816168
-0,0008340975137824251;-0,012309676355754178;-0,003924208472344204;0,02665852304034988;0,0067717610365005815;-0,011694664103958669
-0,002139800651005608;-0,012173254183269186;0,0028475525641563776;0,014963858936391211;-0,0019145448395671005;-0,018976007598128453
-0,003602472127122559;-0,0109704910891702;0,0009330077245892771;-0,0040121486617372415;0,006305577623780506;-0,0009380924136387359
-0,004951241500673254;-0,009169173637615565;0,007238585348369783;-0,004950241075375977;0,0031927343733765684;0,0015341008616772678
-0,006262690565240378;-0,00752834213253042;0,010431319721746352;-0,0034161402136987096;-0,0003287291269275794;-0,017844404648012235
-0,007284596215872712;-0,006085520270460314;0,010102590594818772;-0,021260544861710945;-0,0007595157081543846;-0,0032536709989569312
-0,007889249077635191;-0,004779344016938156;0,009343074886664388;-0,024514215860667876;-0,001515812160876956;0,004969207784093516
-0,00808979831560492;-0,004323589557884437;0,007827262725787432;-0,01954500807657436;-0,0003944761099284877;0,013615929738903687
-0,007916624558108072;-0,004848403733257432;0,007432786615858944;-0,0059290783376706735;-0,008625992043447495;0,012898668976464855
-0,007430360291579728;-0,006155018231693401;-0,0011932054275885506;0,006969590638794182;-0,002211197229155998;0,0034578266255280155
-0,006646784560417025;-0,007698795863636198;-0,0034044026567445484;0,010427417264322197;-0,005710251037327113;0,00944904952863479
-0,005910937046357865;-0,008963789870027227;-0,009114653694071662;0,019876466792956987;-0,0030924324291012883;0,008983613254569756
-0,005311265638568487;-0,009811687185845368;-0,01220708612317295;0,028860080047526743;-0,0047786633206195195;-0,0008247105061077453
-0,005076180378541974;-0,00986452582994523;-0,01698574944379247;0,028035369541418997;0,000600942727282755;-0,007470156530842542
-0,005329378563442381;-0,008762961272144022;-0,016384806716509714;0,020565213010576455;0,006772995710688456;-0,014331511020760884
-0,006262006726094485;-0,0065399819326860545;-0,009611811005821258;0,006233701989815571;0,004943836303907628;-0,015269973665209297
-0,007850027157406979;-0,003494394072805028;-0,00466797470191363;-0,009036271675393726;0,005690681217748017;-0,007388041576047652
-0,009822520028952323;-0,0001994581333313797;0,0010227065158343873;-0,016424313251441378;0,004089208212020107;-0,008847976444167654
-0,011981731888574213;0,00273402693912652;0,005111914727854494;-0,025272289695609032;0,005176399337458171;0,0025980493779023256
-0,014100035487562725;0,005010539481526765;0,010288314065312665;-0,022674240317706706;0,0015768160820933685;0,00011302658459128034
-0,01601386249743706;0,006276160436102648;0,011865130147406033;-0,022561213733115426;0,0026307480338061406;0,003814666175798523
-0,017516156944698887;0,006634811777970263;0,014495878181212174;-0,018746547557316903;-0,0011939557617464125;0,012955749748416498
-0,018543846186064472;0,006091014570513261;0,013301922419465761;-0,005790797808900405;0,002852101566162113;0,004542651148062855
-0,01899170030018157;0,004797355460763583;0,016154023985627874;-0,00124814666083755;-0,009404021633415971;0,01823098917153083
-0,01890747751752004;0,003272064438657889;0,0067500023522119035;0,01698284251069328;-0,005111695102855918;0,0030668288836257496
-0,018177093775433393;0,0016968475501186928;0,0016383072493559858;0,02004967139431903;-0,005386539885386843;0,0006742171065718394
-0,01717670993925827;0,0008009443620072278;-0,003748232636030857;0,02072388850089087;-0,003214626807301446;-0,0009069510677909426
-0,01611079381310891;0,000707028029668524;-0,006962859443332303;0,019816937433099927;-0,0024529200028072795;0,0064913668415196475
-0,015194806992400781;0,001442067237365455;-0,009415779446139583;0,026308304274619575;-0,0030403706419987464;-0,008477867585236172
-0,014557334549425944;0,002969783942386383;-0,01245615008813833;0,017830436689383403;0,010363427569009598;-0,020691445996508614
-0,014296493284296692;0,005549832818392094;-0,0020927225191287313;-0,002861009307125212;0,008796162971720534;-0,013798595789496715
-0,014533898022692972;0,008843099161973142;0,006703440452591802;-0,016659605096621927;0,0016777796986445215;0,009153929723983406
-0,014855011661854402;0,01202192513326918;0,008381220151236324;-0,007505675372638521;-0,0015113717764349;-0,009420768464339313
-0,014907987682912162;0,014534366900700342;0,006869848374801424;-0,016926443836977834;0,0018563719054934813;-0,016986251158273846
-0,014625714897920465;0,016746581653225963;0,008726220280294905;-0,03391269499525168;-0,0026382688084657935;0,01242330746916398
-0,014068648177936714;0,01828173865227247;0,006087951471829112;-0,0214893875260877;-0,0029003021949601804;0,01964837739698294
-0,013162532646741165;0,01846038785150891;0,0031876492768689313;-0,0018410101291047587;-0,009477645274790752;0,007902665892244642
-0,012012899056672452;0,017779461549701843;-0,006289995997921821;0,006061655763139884;0,00048548318011648606;-0,011541656923121923
-0,010735759495528983;0,017024894842730585;-0,005804512817805335;-0,00548000115998204;0,0009923639520383054;-0,0006345137965623193
-0,009710219774302385;0,016512794366284923;-0,00481214886576703;-0,006114514956544359;0,00542573067337504;0,003038410515086798
-0,008916860565788002;0,015781493843439978;0,0006135818076080102;-0,003076104441457561;-0,0005359379553795396;0,0064234255306075405
-0,0083159873119043;0,01480561272233326;7,764385222847059e-05;0,0033473210891499794;-0,0007613900559385323;0,00493572164963324
-0,007690570785716277;0,013706687423568238;-0,0006837462037100617;0,00828304273878322;-0,00033372318069679885;-0,005920429444513431
-0,007062048505439115;0,012741654968369216;-0,0010174693844068605;0,0023626132942697886;0,0053133438802242805;-0,007079110289933022
-0,006460876073310356;0,012107944222721522;0,00429587449581742;-0,004716496995663233;0,003714566328891278;0,011611708051029901
-0,0059004024165578706;0,011568738008844622;0,008010440824708698;0,006895211055366668;-0,010915390115770404;0,012137127402046644
-0,005168093779972689;0,01084087191514119;-0,0029049492910617064;0,01903233845741331;-0,00033283133153713673;-0,00487444514232388
-0,0041153675103991596;0,010388814263652426;-0,003237780622598843;0,014157893315089431;-0,005174370579940968;-0,02136511621147702
-0,0031788392124680984;0,010698050150460195;-0,008412151202539811;-0,007207222896387588;0,005034521618543494;-0,010522146452636716
-0,0023718221394409904;0,011573601769871539;-0,0033776295839963166;-0,017729369349024304;0,000491459211816675;0,005095212683093098
-0,0019012911145154755;0,012160864473427381;-0,0028861703721796417;-0,012634156665931207;0,004059103685816381;0,00011228845585570246
-0,001565865272949813;0,012038952403022251;0,0011729333136367391;-0,012521868210075504;0,0039295219694391315;0,002556641608423338
-0,0013458862462713361;0,011411674065979874;0,005102455283075871;-0,009965226601652166;-0,004223500073553026;0,0011406483661352274
-0,0010789898870473898;0,010283521000534474;0,0008789552095228442;-0,008824578235516939;-0,0015977999503017024;0,005896624477487802
-0,0006079953165004086;0,00875675887102299;-0,0007188447407788581;-0,0029279537580291365;0,0012840111033702098;0,0021321844160705483
-0,00010184253757251362;0,006877013612090827;0,0005651663625913517;-0,0007957693419585882;-0,004546457529095348;0,015605718819259255
0,000375556451724227;0,004880150202837498;-0,003981291166503996;0,014809949477300667;-0,0007960695014752987;0,00892557589746796
0,0008755620955246217;0,0028514560199058266;-0,004777360667979295;0,023735525374768626;-0,008057513042827348;-0,006059269057240902
0,0012163160926648565;0,0014151598160661812;-0,012834873710806643;0,017676256317527724;0,006425622246061673;-0,014492641431407115
0,0013659756630859197;0,0009282846272172813;-0,006409251464744969;0,0031836148861206087;0,00432824912140382;-0,002279131483507304
0,001002240285074717;0,0011484596910694902;-0,002081002343341149;0,0009044834026133049;-0,001782311251975515;0,0051676556373905815
0,00038213484847371556;0,0014959793503665235;-0,003863313595316664;0,006072139040003886;0,0009003834057665812;-0,0008501472904624205
-0,00032121068186093186;0,0018796783457680887;-0,002962930189550083;0,005221991749541466;0,0022571602145276225;-0,014826153580578844
-0,0011790887560082458;0,00250626290276981;-0,0007057699750224605;-0,009604161831037378;0,0009491815887626501;0,0020064644585560953
-0,002155484037737563;0,003341727129753189;0,00024341161374018955;-0,007597697372481282;0,0038801105701174107;0,00938555822531241
-0,003160110118467779;0,003793024883495074;0,0041235221838576;0,0017878608528311274;-0,0026317333514773306;-0,004055394845356941
-0,004154999734648387;0,003940414742337707;0,0014917888323802697;-0,0022675339925258137;0,005879495582857941;-0,008542799886612051
-0,004984948463474691;0,004159319035293585;0,007371284415238211;-0,010810333879137865;-0,002752480210259145;-0,008500578148813248
-0,005755225639005784;0,0042875219685484306;0,004618804204979066;-0,019310912027951113;-0,0033668488248797257;-0,0007044851566556168
-0,006230651437927349;0,003983311546637762;0,00125195538009934;-0,02001539718460673;0,0007346992917406092;0,008180759398500506
-0,006521325068649751;0,002906664643609048;0,001986654671839949;-0,011834637786106224;0,002284666126504936;-0,003868269370732126
-0,00676192048416818;0,0010294018531960655;0,004271320798344885;-0,01570290715683835;0,0009790173292337223;0,009344393143001728
-0,0069230497128130114;-0,001321246448661166;0,005250338127578608;-0,006358514013836622;-0,002257545224352092;0,015056049892451323
-0,006913326109524046;-0,004300011036791932;0,0029927929032265155;0,008697535878614701;0,0017760210146288147;0,008076539123830315
-0,006693588981131937;-0,0075331161854761625;0,00476881391785533;0,016774075002445016;-0,0016268474041962744;-0,002464445859027914
-0,006354140136610767;-0,010418319899015805;0,0031419665136590558;0,014309629143417102;0,003742950494598468;0,009986529941841904
-0,005823938735375385;-0,012632560612457646;0,006884917008257524;0,024296159085259006;-0,0025515325405183475;-0,006317008660363221
-0,00516805867359364;-0,014274416160162805;0,004333384467739176;0,017979150424895785;-0,0011435940479512102;-0,00789269253381486
-0,0042367819314815935;-0,014944425344457602;0,003189790419787966;0,010086457891080924;-0,0013724336597638193;-0,0117749244918815
-0,0031321698106599803;-0,014895268511756567;0,001817356760024147;-0,0016884666008005755;-0,003187228321039591;-0,0020756314005921372
-0,0018999660730468488;-0,014442653363412297;-0,001369871561015444;-0,0037640980013927128;0,0007305269818563484;0,004288700367882647
-0,000595068065032751;-0,01405757687910005;-0,0006393445791590957;0,0005246023664899346;0,000939877866889087;-0,01205539000011946
0,0006550350805407288;-0,01382306431484351;0,00030053328772999127;-0,011530787633629525;-0,0049991399379372345;-0,005270381813321956
0,0018795644429478447;-0,013567567655927372;-0,004698606650207243;-0,01680116944695148;0,001171561711239999;0,013874717859122698
0,0031161151368641607;-0,013773302502356418;-0,0035270449389672442;-0,0029264515878287822;0,0038109129303978;0,0014184233762880583
0,004164721564772186;-0,014651084126663522;0,00028386799143055585;-0,001508028211540724;-0,002213441736717961;0,012717497839598968
0,005072246195121522;-0,015645923814483775;-0,001929573745287405;0,011209469628058244;0,00113798222464781;0,013998746813108642
0,005991125545128081;-0,01670108463076566;-0,0007915915206395951;0,025208216441166886;-0,0030326932043736876;-0,008970659565701922
0,006832821945323143;-0,017307866661925214;-0,0038242847250132828;0,016237556875464965;0,003927680228266811;-0,0008496650961748453
0,007642854684692622;-0,016906320035438092;0,00010339550325352831;0,01538789177929012;-0,004526934140646421;0,0025976360627801842
0,00829991603506157;-0,015855271133932373;-0,004423538637392893;0,017985527842070304;0,0006080826872023604;0,0039754014183338016
0,008961113205560657;-0,014188706561255046;-0,0038154559501905327;0,021960929260404105;0,0045138812191656;-0,014420566152897177
0,00944536883056403;-0,011802720874894911;0,000698425268975067;0,007540363107506928;0,005711570531129473;-0,0328337566535791
0,00977700621755978;-0,008538298018118609;0,00640999580010454;-0,02529339354607217;-0,003478211396566677;-0,0015775845180637932
0,010136580615314535;-0,00497226063704203;0,0029317844035378626;-0,026870978064135964;-0,0015914727360917813;0,001032291871728215
0,01075255484507347;-0,0024179589978083386;0,0013403116674460813;-0,02583868619240775;0,0008904227064571169;-0,00016479589401534323
0,01148580045097392;-0,0009384964811400856;0,002230734373903198;-0,026003482086423092;-0,0020358890877614777;-0,003660513560791938
0,012272658523572214;-0,0004925814121681427;0,00019484528614172048;-0,02966399564721503;-0,005066536512329134;0,00960772478533145
0,013148745971126634;-0,0010868056266531234;-0,0048716912261874135;-0,02005627086188358;-0,0061950089293614785;0,013176596337758861
0,014032627230126724;-0,0028675896670267054;-0,011066700155548892;-0,006879674524124718;0,0030997890569539055;0,02107042380736443
0,014721640840079318;-0,005450624541875631;-0,007966911098594986;0,014190749283239712;-0,0020513236119333866;0,009978627747332103
0,014967986443809955;-0,008308846397689544;-0,010018234710528373;0,024169377030571815;0,001102246063000134;0,0026598446428277023
0,014895655603596795;-0,01059943828217387;-0,008915988647528239;0,026829221673399517;-0,004747986531404846;0,001588818889838861
0,014422595374962497;-0,011923255085435323;-0,013663975178933085;0,028418040563238378;0,006830179010143711;-0,005373201493025503
0,013592895600427072;-0,012173903021760794;-0,0068337961687893745;0,023044839070212875;0,004488208412264105;-0,0031022384654928736
0,012216636818734321;-0,011287829335556733;-0,002345587756525269;0,01994260060472;-0,0018945029889659293;-0,008649812532825665
0,010567026190289996;-0,009479962086544154;-0,0042400907454911985;0,011292788071894336;-0,0012069556273723164;-0,013333240551586634
0,008823592051584662;-0,006874390813342776;-0,005447046372863515;-0,002040452479692298;0,005270456428829076;-0,012627279610191416
0,0069105542830596774;-0,0038171080172656243;-0,00017658994403443873;-0,014667732089883714;0,005193528797950202;-0,009010533267413814
0,004779634659620154;-0,0008414433203761647;0,005016938853915763;-0,02367826535729753;0,0028509537485275974;0,0031225321681611767
0,0026416514384192524;0,0015475120929179464;0,00786789260244336;-0,020555733189136352;-0,0007630572732270913;0,005594400594283469
0,0007043457713749816;0,002989336891920156;0,007104835329216269;-0,014961332594852883;-0,0006766564501103356;0,011782772277486267
-0,0009182441915715551;0,0036089323633569123;0,0064281788791059336;-0,003178560317366616;0,00371307079519944;0,008249537667842408
-0,002256640741349441;0,0036300745309995525;0,010141249674305373;0,005070977350475792;0,0010158770958677357;-0,0002860500656040321
-0,0033379101359630892;0,003524074285947528;0,01115712677017311;0,0047849272848717594;-0,006511368713262869;-0,002315321905041731
-0,0040135295436045226;0,0036209131349145356;0,00464575805691024;0,0024696053798300283;0,0020595424723878486;0,002695620689573533
-0,004242863880439032;0,003909149075276413;0,006705300529298089;0,005165226069403561;-0,0056790324627161715;-0,006700402951556744
-0,004286367894997131;0,004296169230831493;0,0010262680665819174;-0,001535176882153183;0,0016982672226754925;-0,01658034883881121
-0,0040616598883833075;0,004889798429162714;0,00272453528925741;-0,018115525720964393;0,006486778108999627;-0,008345526373993092
-0,0037959011591062065;0,005422020552207808;0,009211313398257037;-0,026461052094957485;-0,006693352093392321;0,01716783965997836
-0,003421161018258809;0,005229621646414327;0,002517961304864716;-0,009293212434979124;0,0015458625975273317;0,00020844512611871424
-0,002677968341481131;0,0039787806568225455;0,004063823902392048;-0,00908476730886041;-0,0014107365214062716;0,0007660285431666039
-0,0018340572125088634;0,0023562111698315993;0,002653087380985776;-0,008318738765693806;-0,005352551135114601;0,006691894819846014
-0,0008275931274409142;0,0003702509904862368;-0,0026994637541288245;-0,0016268439458477918;-0,002049813943336285;0,007377272964018897
0,0002849944528664661;-0,0019484587394868781;-0,00474927769746511;0,005750429018171105;-0,0038024809220514183;3,247775277570586e-05
0,0012896034830086934;-0,004332242227293904;-0,008551758619516528;0,005782906770946811;0,00021528531451368849;-0,0035112653287147078
0,0021042414052523163;-0,006486008554374086;-0,00833647330500284;0,002271641442232103;0,0002849175190960812;0,0005780737792579205
0,002576808982715278;-0,008408458610616397;-0,008051555785906758;0,0028497152214900234;-0,0002570579772637263;0,00847529186471474
0,002715917627978126;-0,010240043009169423;-0,008308613763170485;0,011325007086204764;0,0035715039284306277;-0,003706423725265029
0,002532964041804704;-0,011957638798862847;-0,004737109834739857;0,007618583360939735;0,003924672723383961;0,001326328719565506
0,0020176659051044624;-0,01322223430510808;-0,0008124371113558959;0,00894491208050524;0,0011569051146394817;0,006287633796690895
0,0013128833750146267;-0,014182086476915726;0,00034446800328358576;0,015232545877196135;-0,0071516303376235844;0,009938159855409134
0,0005756033604705549;-0,01478414216550316;-0,006807162334339999;0,02517070573260527;0,004467446328857965;-0,002656879093905773
-0,0001478979339421733;-0,01477689601900275;-0,0023397160054820336;0,022513826638699497;0,005555010478006359;-0,008046845080999787
-0,0011436857217285016;-0,01376282164319813;0,0032152944725243257;0,01446698155769971;-0,0015594103538128373;-0,010669587238461287
-0,002233062149734111;-0,011848194201845528;0,0016558841187114884;0,003797394319238423;0,004393640097168354;0,004235122517327827
-0,0031938267988387476;-0,009354887498184939;0,006049524215879842;0,00803251683656625;0,0010713701490326771;-0,013650038364337008
-0,0040883560831949245;-0,006709685021754812;0,0071208943649125195;-0,005617521527770758;0,005887434121867277;-0,01749484076107674
-0,004740904398915908;-0,0037431818718620356;0,013008328486779797;-0,0231123622888475;-0,0044377853514922655;0,001245396731784601
-0,005108616940040391;-0,0010013795830800898;0,008570543135287531;-0,021866965557062898;-0,005417490645711925;0,003837829122837408
-0,004955996341693681;0,0008159282141479563;0,0031530524895756057;-0,01802913643422549;0,00042225694061136243;0,014731835660956843
-0,00446055401793547;0,0017585573890934864;0,003575309430186968;-0,0032973007732686466;-0,0022626522967739704;-0,0058244426403095614
-0,0038389895945942355;0,001980021106669997;0,0013126571334129977;-0,009121743413578208;-0,004049462279640682;-0,005225937984302556
-0,003074412794045522;0,0020695927933157615;-0,0027368051462276846;-0,014347681397880764;-0,0005124119656866495;0,006794707660039791
-0,0022573297081602884;0,001794294743418398;-0,003249217111914334;-0,007552973737840973;-0,004371230744406717;0,016803978498752193
-0,0015497188281241622;0,0009450894376058036;-0,007620447856321051;0,00925100476091122;0,0013963851161964379;0,004812300980329028
-0,0009720766325646095;-0,00020623481772042953;-0,006224062740124613;0,014063305741240248;0,0020370133062911563;-0,012245181120044881
-0,0006992523512578988;-0,000987518882610214;-0,004187049433833457;0,0018181246211953668;0,0001652577036332127;-0,005856018624242992
-0,0006753905795561727;-0,0012062707178503885;-0,004021791730200244;-0,004037894003047625;;
-0,0008190107852077848;-0,0013522975682427481;;;;
-0,0011235026600674067;-0,001659840178757013;;;;
