x;y;acc_x;acc_y;jerk_x;jerk_y
0,00010069042635503305;0,003588032300507339;-0,0007997220424395472;0,002890147168476645;0,00043835411411224023;-0,0015230393558859912
0,00020349515841686593;0,00342424768049416;-0,000361367928327307;0,0013671078125906538;-0,00021051171698518306;-0,0009311287236670462
0,00027431100878111696;0,0033760689472200475;-0,00057187964531249;0,0004359790889236076;0,001771406088897188;-0,000445105668644058
0,0003306721420122757;0,0033825745264495603;0,0011995264435846979;-9,12657972045039e-06;-0,0026083167504526213;0,0018838734878565133
0,00036415808943093483;0,003406519269236018;-0,0014087903068679235;0,001874746908136063;3,115719549838872e-05;-0,0016379662288077274
0,00044562509459298183;0,003430098948833658;-0,0013776331113695348;0,00023678067932833557;0,0009886422538721625;-0,0014647949050812098
0,0004707404874803119;0,0035286685047567394;-0,00038899085749737224;-0,0012280142257528742;-0,000318368745667031;0,0002599544210896282
0,0004407505559128607;0,003636709287852955;-0,0007073596031644033;-0,000968059804663246;-0,00014518363373006767;0,000164636664608947
0,0003952009900455145;0,0036956295019190556;-0,0008525432368944709;-0,000803423140054299;0,0011760532634077355;0,000808961356720525
0,0003213570400515921;0,0037158273237986265;0,0003235100265132646;5,5382166662260035e-06;0,0005544351984758502;0,00025589078233158313
0,000213411360581891;0,003703888220076025;0,0008779452249891148;0,00026142899899780914;-0,0010101724124741106;0,0011624769641417204
0,00011840608217272044;0,0036921706450200723;-0,0001322271874849958;0,0014239059631395296;0,0011642895907593227;0,001006931778238268
5,851861276311446e-05;0,0036909102299240324;0,001032062403274327;0,0024308377413777976;-0,001170503934480074;-0,0016103335005538538
-6,657944145891345e-06;0,003746606053353574;-0,00013844153120574714;0,0008205042408239438;0,002301990507160693;-0,0004005660653165488
-3,055200492392407e-05;0,0038995353864382273;0,0021635489759549457;0,000419938175507395;-0,002187986574297084;0,0002334335066522114
-5,998372695018668e-05;0,004085284889155838;-2,443759834213819e-05;0,0006533716821596064;-0,00025238762727278316;-0,0006947506777395113
-2,873489938251452e-06;0,004287831918893745;-0,00027682522561492135;-4,1378995579904876e-05;-0,00030382466372144245;-0,0001829895927651648
5,325924313999825e-05;0,004516513815918036;-0,0005806498893363638;-0,00022436858834506967;-0,00021417862919031008;-8,23912653969e-05
9,831896719365109e-05;0,0047435405531191304;-0,0007948285185266739;-0,0003067598537419697;-0,0006694396333958704;-0,0007344203738592348
0,00012015269567384938;0,0049615925467864225;-0,0014642681519225443;-0,0010411802276012044;-0,0015196317869411598;-0,0024442889429441145
0,00011019328341298071;0,0051673741463040355;-0,002983899938863704;-0,003485469170545319;0,0009546614164235253;-0,0010522638856306776
4,166314507521028e-05;0,0053315085367176005;-0,002029238522440179;-0,0045377330561759965;-0,0003459612142875518;0,0013882058899012811
-0,00014622299081710832;0,005356224160309353;-0,0023751997367277306;-0,0031495271662747154;0,0015115470686858784;0,0005001277989041264
-0,00041527866760703404;0,005199430461654065;-0,0008636526680418522;-0,002649399367370589;-0,00016152069228799436;0,0007748156339522777
-0,000779342333866069;0,004916655676347789;-0,0010251733603298466;-0,0018745837334183113;0,0018156168762782053;0,0021049119990487614
-0,001177952106846778;0,00452790491634669;0,0007904435159483587;0,00023032826563045006;0,0004271206965468892;0,0018162058665945058
-0,001617568814240681;0,004064170807008857;0,001217564212495248;0,002046534132224956;-0,001689521968239134;0,0026927213866151517
-0,0020255677809966495;0,003609649828296243;-0,00047195775574388615;0,0047392555188401075;0,0008957276278020176;-0,0020586111353123326
-0,0023848641792528083;0,003236990214872627;0,0004237698720581315;0,002680644383527775;0,0014033289682773772;-0,003411950786824436
-0,0027630388877387226;0,0030539008222026155;0,0018270988403355087;-0,000731306403296661;-0,0005395335578210064;0,002851338067194717
-0,0031242628013423116;0,002978037204873715;0,0012875652825145023;0,002120031663898056;-6,034448420400018e-05;-0,001390313431675061
-0,00341240276133248;0,0028729213314129475;0,0012272207983105021;0,000729718232222995;-5,472942095911815e-05;0,00044396124220627553
-0,0036490401100220684;0,002852606724508103;0,001172491377351384;0,0011736794744292706;0,00048654794691066483;-0,0022742329965419195
-0,0038365886267792367;0,0028614808468921775;0,0016590393242620488;-0,001100553522112649;-0,0002424371091763189;-0,001603567923757196
-0,00397723748844235;0,0029173021482534235;0,00141660221508573;-0,002704121445869845;-0,0012930066832154835;0,001971217811003609
-0,00405152477713498;0,0029291013087301633;0,0001235955318702464;-0,000732903634866236;-0,00011303699409949408;-0,0023599729203099135
-0,004069147977224182;0,002832735611372109;1,055853777075233e-05;-0,0030928765551761495;0,00014680092053803717;0,0003693966208728125
-0,004081827356038574;0,002707053768619406;0,0001573594583087895;-0,002723479934303337;-0,0014182174047137064;-0,0001700137279074601
-0,004094084393342136;0,0024576568636596563;-0,0012608579464049169;-0,002893493662210797;0,0025290077455493998;0,0017036036648067562
-0,004100047052313346;0,0020993207613277734;0,001268149799144483;-0,0011898899974040408;-0,00034704102021047845;0,001853835740434892
-0,004156444029140754;0,0016252449125074588;0,0009211087789340044;0,0006639457430308512;0,0012265052495792211;0,00025283491789724125
-0,004162115014002381;0,0011035734637909822;0,0021476140285132256;0,0009167806609280925;0,0001249647366050044;0,0016880293621883563
-0,004130941647706649;0,0006084598447957399;0,00227257876511823;0,002604810023116449;-0,0008048229481065344;0,00041967404754823974
-0,004013863720270387;0,00015001745223762117;0,0014677558170116956;0,0030244840706646885;0,0012736970195804664;-0,00040765131132389394
-0,0038058826422293964;-0,00020423253939583956;0,002741452836592162;0,0026168327593407946;-0,0033093455445270537;-0,0002420614036965918
-0,0035391913315079375;-0,0004375031682027127;-0,0005678927079348917;0,002374771355644203;0,001120145360817608;-0,0012483778942827522
-0,003162841907322793;-0,0005661004866359541;0,0005522526528827162;0,0011263934613614506;-0,0022380657794592237;-0,0007865943534336971
-0,0028092081914550433;-0,0005997069508434274;-0,0016858131265765075;0,00033979910792775354;0,0009929647461301427;0,0006988837592307399
-0,002433484369471985;-0,0005882576765964426;-0,0006928483804463648;0,0010386828671584934;-0,001228373913378017;-0,0006617739009876153
-0,0021251930725519875;-0,0005632164380323478;-0,0019212222938243817;0,00037690896617087813;0,0003368851749556562;0,00010038014692337859
-0,0018446157108498442;-0,0004966278847819131;-0,0015843371188687255;0,0004772891130942567;0,0020697632529202287;-0,0028583917863669577
-0,0016408872409006765;-0,00041496297288464335;0,00048542613405150314;-0,002381102673272701;-0,0009545596801075647;0,0016210215238905007
-0,0015005322557062576;-0,0003142064964636034;-0,00046913354605606153;-0,0007600811493822003;0,0016663121505583016;0,0011315203080095298
-0,0013407602251497787;-0,0003086941269734714;0,00119717860450224;0,00037143915862732947;-0,0011979704705472015;-0,002237221975814741
-0,001199753536435542;-0,00033358500345862744;-7,918660449614257e-07;-0,0018657828171874113;0,0001247690448871186;0,0002358823467594768
-0,001010859703541216;-0,00034361831359869027;0,00012397717884215717;-0,0016299004704279346;0,0011291736221769669;-0,0008537325404733027
-0,0008219975452886883;-0,0004282829364262496;0,001253150801019124;-0,0024836330109012372;-0,0022246509765533303;0,002281944223489721
-0,0006281762998824744;-0,0005781435780709262;-0,0009715001755342062;-0,0002016887874115164;0,0006908038985035383;0,00015841706685775989
-0,00038422902243549534;-0,0008273495401516525;-0,0002806962770306679;-4,3271720553756526e-05;0,0001334451858335979;0,0005329002534419959
-0,00017914175200988471;-0,0010846230537288394;-0,00014725109119707001;0,0004896285328882394;-0,001172910317882513;0,002363560862091968
1,4717667334499267e-05;-0,0013436274361281763;-0,001320161409079583;0,0028531893949802073;0,0015910799417453011;-0,0006115772157661917
0,0002026870430310004;-0,0015830466772119838;0,00027091853266571816;0,0022416121792140156;-0,0022238305959872045;-0,0012976025772639538
0,0003378499623643182;-0,0017083383424965832;-0,0019529120633214863;0,0009440096019500618;0,0004371105402345421;-0,0015662755583163782
0,00048384962300426483;-0,0017439655206126217;-0,0015158015230869442;-0,0006222659563663163;-0,0007176495605236578;0,0009468120626351176
0,0005517328011113519;-0,0017418323146506578;-0,002233451083610602;0,00032454610626880126;0,0006180075533992711;-0,0012207606511477967
0,0005589839182949612;-0,0017645897469433466;-0,0016154435302113308;-0,0008962145448789954;0,0011147441074815332;-0,001361389343794532
0,0004768969921341465;-0,0017743653349852834;-0,0005006994227297976;-0,0022576038886735275;-0,0012260211533379846;-0,000376713635136916
0,0003301923247648785;-0,00181998950482238;-0,0017267205760677822;-0,0026343175238104435;0,0031521668988457674;0,002844516874953733
0,00016345968048641865;-0,0019559178302064177;0,0014254463227779852;0,00021019935114328925;-5,959163157211265e-05;0,0006887181169202977
-7,234178683475254e-05;-0,002197218856542873;0,0013658546912058726;0,000898917468063587;-0,001318267970015015;0,0004858306231900686
-0,0002511254012448043;-0,002430111908833597;4,7586721190857537e-05;0,0013847480912536556;0,0018688144301422585;-0,0017604185527359748
-0,00037527482800662115;-0,0026270482624017773;0,001916401151333116;-0,0003756704614823192;-0,001523539312324974;0,0002533587751144678
-0,0004975207859208037;-0,0027685946923198114;0,00039286183900814203;-0,0001223116863678514;-0,0007726240130911371;0,0011300120049032997
-0,0005431106977816616;-0,002925167940697138;-0,00037976217408299505;0,0010077003185354483;6,137018361754634e-05;-0,0008209608779322503
-0,0005729861360821938;-0,003086633656529179;-0,0003183919904654487;0,00018673944060319803;0,0005155318480284526;0,00011219070802473419
-0,0006180520613460459;-0,003207791359619802;0,00019713985756300394;0,0002989301486279322;0,00021986932268463523;-0,000686721792440198
-0,0006758536662285158;-0,0033214794850862975;0,00041700918024763917;-0,00038779164381226583;0,00011378845289463854;0,0004353123088129546
-0,0007257696768084656;-0,003423210404607675;0,0005307976331422777;4,7520665000688744e-05;-0,0002780356693890644;0,0015299059300693113
-0,0007590053201785099;-0,0035404529898815434;0,0002527619637532133;0,00157742659507;0,00021172672905759096;-0,00189375421769232
-0,0007710090582228631;-0,0036557947485553843;0,00046448869281080427;-0,00031632762262231995;-0,0012361143946377565;0,0003695830029211006
-0,0007729023177170877;-0,0037080394434264256;-0,0007716257018269522;5,325538029878063e-05;0,00045845760641269676;-0,0007621661947225661
-0,0007562160294988801;-0,003772937243202359;-0,00031316809541425544;-0,0007089108144237855;-0,00018249267737860397;0,0002992682245228223
-0,0007703947693537506;-0,0038357048277663413;-0,0004956607727928594;-0,00040964258990096314;0,001186450277039272;0,000532009532268507
-0,0007971002330251914;-0,0039268288449072755;0,0006907895042464127;0,00012236694236754386;-0,0013562878333891089;-0,0006428356730835416
-0,0008436321276083466;-0,004034338565644248;-0,0006654983291426962;-0,0005204687307159978;0,0009485562577892827;0,003680333436153524
-0,0008625324420216451;-0,004136953608686518;0,00028305792864658647;0,003159864705437526;-0,000300623846636993;-0,0010388752238755655
-0,0009080526896006517;-0,004260387400957429;-1,756591799040655e-05;0,0021209894815619607;0,0004574900378076438;-0,001489230190365065
-0,0009422506200337947;-0,004257426605010838;0,00043992411981723725;0,0006317592911968956;6,0329112528241524e-05;-0,00038545877528044226
-0,000977151187186554;-0,00416962622980177;0,0005002532323454788;0,0002463005159164533;-0,0011970794713860797;0,00022642024718970422
-0,0009944547895466237;-0,004056555482944825;-0,0006968262390406009;0,0004727207631061575;0,0005693901821332455;0,0006421798016136848
-0,0009917482626128744;-0,003933632715451222;-0,00012743605690735543;0,0011149005647198423;0,0003663854508641311;-0,0028214007698730836
-0,001016914785240749;-0,0037918011174333725;0,00023894939395677564;-0,0017065002051532413;-3,51292240646818e-05;-0,00018575432935816205
-0,001047178750144918;-0,0036053734968267298;0,00020382016989209384;-0,0018922545345114034;0,001336088666426618;0,002086139301469739
-0,0010678847392908157;-0,003487205884426217;0,0015399088363187118;0,00019388476695833545;-0,001094735150870798;-0,0007626029142123597
-0,0010804379216410298;-0,0034447284534061596;0,0004451736854479138;-0,0005687181472540243;-0,0006729557198659579;-0,000602824663044732
-0,0010313947505384954;-0,003394495631707769;-0,0002277820344180441;-0,0011715428102987563;0,0015141028927305143;-0,0002740345986545073
-0,0009645446320180446;-0,0033670115358995396;0,0012863208583124702;-0,0014455774089532636;-0,002500710439156277;0,00031641476525642864
-0,0009068057948743154;-0,00338638915250326;-0,0012143895808438068;-0,001129162643696835;0,0028641037667479358;-0,0010358771208665712
-0,0007976141233980874;-0,0034635898654651115;0,001649714185904129;-0,002165039764563406;-0,003227653534769644;-0,00010468821457061683
-0,0007369980351556117;-0,0035859570841748362;-0,001577939348865515;-0,002269727979134023;0,00093336323963643;0,0010337756432028944
-0,0006103933794769709;-0,003794925893467097;-0,000644576109229085;-0,0012359523359311286;0,0003813286860619904;0,0025797577417278894
-0,0005469062977529507;-0,004094683821924719;-0,00026324742316709455;0,0013438054057967608;0,0003799288442731027;-9,445266586258216e-05
-0,0005092022603980938;-0,004443879843819586;0,00011668142110600813;0,0012493527399341786;-0,00117621611815312;0,00033607389627261786
-0,00048202811996992073;-0,0047393236494825824;-0,0010595346970471119;0,0015854266362067965;0,0006580923565793952;0,0004056258832459275
-0,0004501867226975073;-0,004984793345548212;-0,00040144234046771664;0,001991052519452724;0,00029008621084914213;0,0009791579196263278
-0,0004607267133069784;-0,005166845976165569;-0,00011135612961857451;0,002970210439079052;0,0001091405032955118;0,0005268017244272616
-0,00048732439753515814;-0,005269256506004818;-2,2156263230627138e-06;0,0034970121635063134;0,0021813502865263325;-0,0006648839079240604
-0,0005183763269480809;-0,005252858618280905;0,0021791346602032698;0,002832128255582253;-0,003290127626359234;0,001327388656786957
-0,0005495168814139261;-0,005096580244016738;-0,0011109929661559641;0,00415951691236921;0,0006944429327024344;-0,002689659139637285
-0,0004934920494716405;-0,004827016739529282;-0,0004165500334535298;0,001469857772731925;0,0002678689835526535;0,0004800066683248866
-0,0004819069361755936;-0,004391072558547058;-0,0001486810499008763;0,0019498644410568117;0,0003224181423034638;-0,001327032971627562
-0,0004869838242176878;-0,0038963340666555565;0,00017373709240258751;0,0006228314694292497;0,000870464619516639;-0,003250720817590376
-0,000498007954255817;-0,003323600997121782;0,0010442017119192265;-0,0026278893481611262;-0,002783197209723264;-0,00038944469490546224
-0,0005020826005978428;-0,0027259546688108384;-0,0017389954978040377;-0,0030173340430665885;0,00201835404503228;-0,0003210826788289725
-0,0004643891784630995;-0,0022334239144263393;0,00027935854722824227;-0,003338416721895561;0,0012171641160770887;0,0005913738087340234
-0,0004962555762405177;-0,001861586521764504;0,001496522663305331;-0,0027470429131615376;-0,0006529860957619395;0,001391757760390279
-0,0005169476321288062;-0,001623285797978491;0,0008435365675433914;-0,0013552851527712587;-0,002222929371755439;-9,373908742622145e-05
-0,0004777787814848815;-0,0014948667907189394;-0,0013793928042120478;-0,00144902424019748;7,690971901494481e-06;0,001632010372510026
-0,0004048684681392211;-0,0014206591895702383;-0,0013717018323105533;0,0001829861323125459;0,0007935539889630718;0,0011821172319118403
-0,00038713386696204264;-0,0014044125580294365;-0,0005781478433474815;0,0013651033642243862;-0,00030537307741791524;0,0003471017609711878
-0,0004242673390772863;-0,0013808464811961327;-0,0008835209207653967;0,001712205125195574;0,0008137274212125008;0,00015795471037503145
-0,00048452672492642926;-0,0013026762697938535;-6,979349955289586e-05;0,0018701598355706055;0,0001780894252840122;-0,0018447515982855517
-0,000580126947606188;-0,0011560178533837513;0,00010829592573111634;2,5408237285053786e-05;0,001483941029162045;-0,0005675382007620557
-0,0006785189102680627;-0,000934553043550825;0,0015922369548931614;-0,0005421299634770019;-0,0001648277087510884;1,0443098951037205e-05
-0,0007725790359006926;-0,0007120719042264964;0,001427409246142073;-0,0005316868645259647;0,00027809188480017524;-0,0017306556541891423
-0,0008029496833375961;-0,000511275963441248;0,0017055011309422483;-0,002262342518715107;-0,0005498261476102814;-0,00038367451396250675
-0,0007762239609288167;-0,0003317474972370381;0,0011556749833319668;-0,0026460170326776137;0,0010519001581733483;-0,0005568333818819615
-0,0006812781932823474;-0,0002427127317814325;0,002207575141505315;-0,003202850414559575;-0,0010046596158208064;0,0014292202894031335
-0,0005401054263025994;-0,00025951864763293147;0,0012029155256845087;-0,0017736301251564416;0,0003501446842423669;0,0011108232658486117
-0,00031062965366263876;-0,0004044385800668134;0,0015530602099268756;-0,0006628068593078299;-0,00033414024925268546;0,0007141415012526936
-3,303725999529778e-05;-0,000620303717506953;0,00121891996067419;5,133464194486369e-05;-0,00035701980515610854;0,0018909832336797636
0,0003066775420691182;-0,0008626811293194059;0,0008619001555180816;0,0019423178756246273;-7,284920716153255e-05;-0,0003601449348567369
0,0006951491425605018;-0,0011030051554540641;0,000789050948356549;0,0015821729407678904;-0,0020232052713821808;-9,204983978858966e-06
0,0011180967492726086;-0,0012656364665637374;-0,0012341543230256317;0,0015729679567890315;-0,00036724526928421167;0,0002624709820050197
0,0015726063939189773;-0,001364980860042695;-0,0016013995923098434;0,0018354389387940512;-0,0015397358736602695;0,00018516422400556565
0,001977749865644321;-0,0014014065352500912;-0,003141135465970113;0,002020603162799617;-4,585555747921993e-05;-2,2554466837045734e-05
0,002318837353677271;-0,0013644146529057256;-0,003186991023449333;0,001998048695962571;0,000651752299153506;-0,002657527008118634
0,0025342794230714164;-0,001246598644049375;-0,002535238724295827;-0,000659478312156063;0,0007139858077175459;0,0002374807312272298
0,002622241851527588;-0,0010488606873545218;-0,001821252916578281;-0,00042199758092883316;0,0008427763412664421;-0,0005870892156465881
0,002608794731011927;-0,0008775018631459111;-0,0009784765753118388;-0,0010090867965754213;0,0006510128767516499;-0,0006342815375595754
0,0025224974938331344;-0,0007230229421744537;-0,0003274636985601889;-0,0016433683341349967;0,0007279791276391459;-7,388830524028209e-05
0,002397061193641869;-0,0006089074930660132;0,000400515429078957;-0,0017172566393752788;-0,00043462550695659574;0,00030731460681932
0,0022585263455081953;-0,0005605267773229725;-3,4110077877638756e-05;-0,0014099420325559588;0,001373445504166973;0,0027933614729107655
0,00213601211453768;-0,0005808363271549429;0,0013393354262893342;0,0013834194403548068;-0,0014213175707978865;-0,0009386760902266953
0,0020121334804520594;-0,0006575435582891518;-8,198214450855223e-05;0,00044474335012811145;0,0007636167762516757;0,00022990568447204054
0,001941828263418012;-0,0006789140118091683;0,0006816346317431235;0,000674649034600152;-5,662128009619599e-05;-1,016346336992456e-05
0,0018682437606036225;-0,0006824947313240604;0,0006250133516469275;0,0006644855712302274;-0,0015370986837997744;0,000999985668306374
0,001821924643058958;-0,0006590894894549464;-0,0009120853321528469;0,0016644712395366013;0,0018599610681824807;-0,0019960639244459705
0,0018006060595801708;-0,0006091048247366232;0,0009478757360296339;-0,00033159268490936915;-0,0011412709384657424;-0,0005516549744121017
0,0017428040628152694;-0,0004925413104368362;-0,00019339520243610853;-0,0008832476593214709;0,0003732494323915869;0,0016092252866446626
0,0017229170954915535;-0,00038924150353342375;0,0001798542299554784;0,0007259776273231917;-4,241886422028107e-05;0,0010034711589019122
0,0016952943200703931;-0,0003212716030028702;0,00013743536573519732;0,0017294487862251039;-0,0018150598622545117;-0,0005404845807643627
0,001674865713847452;-0,00022426259737938899;-0,0016776244965193143;0,0011889642054607411;0,0033297497341248025;-0,0006413217224122796
0,001659934522253919;-5,8075640306903624e-05;0,0016521252376054882;0,0005476424830484616;-0,0015972484705216936;0,0012006675606787637
0,001577898350799613;0,0001556698849840114;5,487676708379463e-05;0,0017483100437272253;7,10585730060373e-05;-0,0009375885801829542
0,0015619471888495267;0,00039132110959686487;0,00012593534008983193;0,000810721463544271;-0,0009764158362574812;-0,0015691542486032228
0,0015481910975827923;0,0006969047359588074;-0,0008504804961676493;-0,0007584327850589517;0,001006475535751429;-0,0017524032961977118
0,0015394724199196512;0,0010349172208625208;0,00015599503958377975;-0,0025108360812566635;-1,3173827461555876e-05;-0,00044066151613793986
0,001496734522409804;0,0013425923943638758;0,00014282121212222387;-0,0029514975973946034;-0,0009838678471705484;-1,0947521025053697e-05
0,0014602364264833078;0,0015498341246149648;-0,0008410466350483245;-0,002962445118419657;-0,0007410923245579452;0,0001269774314039407
0,001429451179041701;0,0016390159509702693;-0,0015821389596062697;-0,0028354676870157164;0,0016867463216134644;0,0008634116777813325
0,0013650240661981607;0,0016096999725887875;0,00010460736200719467;-0,001972056009234384;0,0013749434001042657;-0,00025034551114283196
0,00123731139497037;0,0014669652867266773;0,0014795507621114604;-0,002222401520377216;-0,0011509479147636982;0,0008925141691658849
0,001113783018222867;0,0012453483604951915;0,00032860284734776216;-0,001329887351211331;8,26047248789416e-05;0,0006616349632668599
0,0010494366719598224;0,0009348353734486172;0,00041120757222670376;-0,0006682523879444711;0,0005489296907136877;0,002693380369384591
0,0009982344395906883;0,0005711268923535896;0,0009601372629403915;0,00202512798144012;0,0001505622726470264;-0,00033912869661314494
0,0009634805101106222;0,00018068831574078316;0,0011106995355874179;0,001685999284826975;-0,0007562547700624249;-0,0005119834118608915
0,000967132071148172;-0,00012874514161441848;0,000354444765524993;0,0011740158729660836;-0,0025760834948708906;0,0015851318000049755
0,0010152116136092184;-0,0003707386275765411;-0,0022216387293458977;0,002759147672971059;0,0012729772479492807;0,0018155136461643802
0,0010774689466912645;-0,0005657714786200204;-0,000948661481396617;0,004574661319135439;0,0011896372708278709;-0,0012359893142652543
0,0010508607305994746;-0,0006504384227446574;0,00024097578943125392;0,003338672004870185;-0,0009639004534454342;-0,0006248940503706894
0,0009863060552518202;-0,0005521189141038767;-0,0007229246640141802;0,0027137779544994956;0,0004773748730701327;-0,0005094887174400698
0,0009313904114814159;-0,00032025252526828865;-0,0002455497909440475;0,002204289237059426;-3,1265664516066244e-05;-0,002059467250423169
0,0008475577811504443;2,0164981747279228e-05;-0,00027681545546011377;0,0001448219866362569;0,0011942659118688876;-0,0024912464617471413
0,000753903159181711;0,0004487540582452242;0,0009174504564087738;-0,0023464244751108844;0,0005330826802794047;-0,0027117081195867504
0,0006491759189945729;0,0008831360142086194;0,0014505331366881785;-0,005058132594697635;-0,0034466112960013073;0,0017401406897650067
0,000581146697063786;0,0012236609911675791;-0,0019960781593131287;-0,003317991904932628;0,002844373430692536;-0,0012767768637486597
0,0005711388006005261;0,0013618606643386335;0,0008482952713794074;-0,004594768768681288;-0,0008607745963900328;-0,0009253185531287456
0,00048128777776474107;0,001367340661312383;-1,247932501062532e-05;-0,005520087321810033;9,707862085839812e-05;0,0019725131365404477
0,00042536856578413235;0,0011890299075388807;8,45992958477728e-05;-0,0035475741852695857;0,0006689735433734389;0,001044666710544418
0,0003689501808030986;0,000789915660892977;0,0007535728392212117;-0,0025029074747251676;-0,0010669835936445967;0,0025982378458355194
0,00031591576765597573;0,00024889844683629014;-0,00031341075442338495;9,533037111035189e-05;0,0012045789370229813;4,5913577174393205e-05
0,0002930242680777014;-0,00039223506620940363;0,0008911681825995964;0,0001412439482847451;-0,0003470372612646641;0,0005164936656875466
0,0002575963383224916;-0,0010295553644106832;0,0005441309213349323;0,0006577376139722917;-0,000816668067216691;0,0003383764906878632
0,00025781513587126573;-0,001661225904680573;-0,0002725371458817587;0,0009961141046601549;-5,6606796081420246e-05;0,001975844702122344
0,0002797991702734371;-0,002266586940391571;-0,00032914394196317896;0,0029719588067824987;0,0012296643461358935;-0,000706301984839619
0,00029088171884033816;-0,002832103411916163;0,0009005204041727145;0,0022656568219428797;-4,636685288002696e-05;5,051293145669211e-05
0,00028879850972871203;-0,003278741531169455;0,0008541535512926876;0,0023161697533995718;-0,0008460360723396869;-0,0007701288153695307
0,0003227361167839945;-0,003634753377545032;8,117478953000717e-06;0,001546040938030041;0,00032566421712035276;-0,0001767316218131143
0,0003908398658909845;-0,003898118433784626;0,0003337816960733535;0,0013693093162169268;0,0008435101589965559;-0,0009737943292085216
0,00045926831415609446;-0,004099641852503018;0,0011772918550699094;0,00039551498700840515;-0,000633228764006382;0,00045489647184553117
0,0005410480302641386;-0,0042463928985727335;0,0005440630910635274;0,0008504114588539363;-0,0012911739627203597;0,0006871609514943339
0,0006699194205749791;-0,004377323345162112;-0,0007471108716568323;0,0015375724103482702;-0,0005896671557057073;-0,000987473122644189
0,0008205533345283606;-0,004474237333397334;-0,0013367780273625396;0,0005500992877040811;0,0005471134523948665;0,0002036149136836335
0,000941302813615469;-0,004509648425218625;-0,0007896645749676731;0,0007537142013877146;-0,0009683907683305758;-4,873201836304297e-05
0,0010085811716080758;-0,004523055545531752;-0,0017580553432982489;0,0007049821830246716;-0,00014234889785593244;0,00018494938825810991
0,0010442729466019756;-0,004506314097789371;-0,0019004042411541813;0,0008899315712827816;0,0010253122470116963;0,0004275261207620784
0,0010096425078639454;-0,004461373362726003;-0,0008750919941424851;0,00131745769204486;0,00010665037225454296;-0,0005455784178417522
0,0008989958994797479;-0,004380835364811324;-0,0007684416218879421;0,0007718792742031078;0,0011657938553384147;0,0006882602041144159
0,0007533456113298512;-0,00424759905921485;0,0003973522334504726;0,0014601394783175237;-0,0011987343685743446;0,0007157038369974555
0,0005769576583044367;-0,004083487582650253;-0,000801382135123872;0,002175843315314979;0,0020645107431832353;-0,0008704523744048204
0,0004164637946170411;-0,003860970526952954;0,0012631286080593634;0,0013053909409101588;9,975455341823666e-05;-0,0014447619527971634
0,00022391464552469064;-0,0035514197386430557;0,0013628831614776;-0,00013937101188700451;-0,001424787679311504;-0,0016137462717862455
8,189064075471471e-05;-0,0031896533126967515;-6,190451783390401e-05;-0,00175311728367325;-0,0010741209370684467;-0,0014153895257785626
-5,618037556157226e-06;-0,0028334617272259273;-0,0011360254549023507;-0,0031685068094518126;0,0013567192047686184;0,0005759010845576285
-9,560289658038532e-05;-0,0025473948331020332;0,0002206937498662677;-0,002592605724894184;0,0007355668254220575;0,00023322893190655392
-0,00023102877380070744;-0,0023880682113562113;0,0009562605752883252;-0,0023593767929876303;-0,0014238688185328344;0,0003200942527695344
-0,0003576269010263789;-0,002332445818606157;-0,00046760824324450917;-0,002039282540218096;0,0018015334548820688;0,0018373027299324884
-0,00044597460524051723;-0,002371198497575608;0,0013339252116375596;-0,0002019798102856074;-6,580633029164458e-05;0,0017916974272264574
-0,000553026639184436;-0,0024915224781537825;0,001268118881345915;0,00158971761694085;0,001152218154379766;0,0017471665695376198
-0,0006067216646628524;-0,0026199256511433818;0,002420337035725681;0,00333688418647847;-0,0012943177139222994;-0,0033693983277594264
-0,0006096919348874322;-0,002684740119455347;0,0011260193218033815;-3,251414128095653e-05;-0,00025982899670107945;-0,00010533636491450588
-0,0005158487236829847;-0,002616079220308173;0,000866190325102302;-0,0001378505061954624;-0,001276043813059488;-0,0005400107568035231
-0,00037696473960640203;-0,0025487188868122375;-0,0004098534879571859;-0,0006778612629989855;2,7979284820023494e-06;0,0009648786750024868
-0,0002034331425257272;-0,0024868725735641205;-0,00040705555947518355;0,0002870174120035013;-0,0002405763776442047;-8,885461285563362e-05
-4,629568496333985e-05;-0,002452140710835963;-0,0006476319371193882;0,00019816279914786766;-0,00029671940036837515;0,00012037234429974897
9,455955022004017e-05;-0,002405928151627665;-0,0009443513374877634;0,00031853514344761663;0,0012028965169952961;0,0005705434816317134
0,00020950950791864467;-0,002351789080453453;0,00025854517950753275;0,00088907862507933;-0,0009868481260850697;-0,00022397339511427694
0,0002866854121177386;-0,002284908603541336;-0,000728302946577537;0,0006651052299650531;0,002556683189499377;0,0003195968267261165
0,0003742031234971339;-0,0021824649816260455;0,0018283802429218399;0,0009847020566911696;-0,0014090433022064842;-0,0010300804771859184
0,00043258871701342766;-0,002053417150512153;0,00041933694071535563;-4,537842049474883e-05;0,0007418691950169479;-0,00027380118306702395
0,0005641095202465951;-0,001884981237130614;0,0011612061357323036;-0,0003191796035617728;-0,0031362285450546954;-0,0024544628590595294
0,0007124038011083767;-0,0017183604605688649;-0,001975022409322392;-0,002773642462621302;0,0019410692819482635;0,00113850937651553
0,0009071463273994504;-0,0015645068681495865;-3,395312737412837e-05;-0,0016351330861057722;-0,001325555030824127;0,00012878310119916747
0,0010228879573176285;-0,0015215989742351605;-0,0013595081581982554;-0,0015063499849066048;0,0002859009045164569;-0,0004353036274971009
0,0011372714621408415;-0,0015440964037649653;-0,0010736072536817985;-0,0019416536124037057;0,0008286976403575029;0,0007090896582915632
0,0011972746406361241;-0,001626847832691034;-0,0002449096133242956;-0,0012325639541121425;-0,0010747512941061306;0,00021346537529502718
0,0012143335289841349;-0,0017872654061132512;-0,0013196609074304262;-0,0010190985788171153;0,001696553865021072;0,001083659780648255
0,0012215960327991739;-0,001996985537699954;0,00037689295759064587;6,456120183113978e-05;-0,0013677220662876612;0,0018994058175142922
0,0011760721003169958;-0,0022474696124393416;-0,0009908291086970153;0,001963967019345432;0,002221729767904926;-0,0006190431355125245
0,0011456238861384436;-0,0024953712391054834;0,0012309006592079105;0,0013449238838329075;-0,0003989616872345954;0,001150476864895944
0,0010755425076120107;-0,002664714184997808;0,0008319389719733152;0,0024954007487288515;-0,0013488634750298406;-0,0001428745681558291
0,0010546971554538942;-0,002780260175536816;-0,0005169245030565255;0,0023525261805730224;0,0007760492845474698;-0,0022839893326213057
0,0010671293621747104;-0,00279599013612667;0,00025912478149094434;6,853684795171677e-05;0,0005602110852282911;-0,0004626008474192672
0,0010588845887732656;-0,0027176190494936038;0,0008193358667192355;-0,00039406399946755044;-0,0015317066297249084;1,4688075770374898e-05
0,0010610048066314584;-0,0026365064889424684;-0,0007123707630056729;-0,00037937592369717554;0,00117460254742148;0,0007353733816854516
0,0010958984591584208;-0,002571156488370035;0,00046223178441580706;0,00035599745798827603;-0,0025058489059204547;-7,969827495163395e-05
0,0011022972811651562;-0,0025209815247454886;-0,0020436171215046477;0,0002762991830366421;0,002280974378391507;-0,0016295504598355173
0,0011271853745485239;-0,0024565666628014113;0,00023735725688685955;-0,0013532512767988752;0,001061044231459883;0,0008528173066622013
0,0010703287830717057;-0,002381099833535868;0,0012984014883467426;-0,0005004339701366739;-0,0014874738848577353;0,0007612238253515494
0,001022966481870362;-0,00235976305534228;-0,00018907239651099264;0,00026078985521487547;0,001408574632113465;-0,0004311790713376895
0,0010275402402028877;-0,002358443635954159;0,0012195022356024723;-0,00017038921612281405;-0,0017043581861930397;-0,0007459247213087786
0,0010245511026749738;-0,002346692622357443;-0,0004848559505905674;-0,0009163139374315926;0,0020087456671211944;0,002025245876901942
0,001070342054571159;-0,0023417571774056395;0,001523889716530627;0,0011089319394703492;-0,0019289304993060016;-0,0002580001066702087
0,0010967387684437213;-0,0023734742899510996;-0,00040504078277537464;0,0008509318328001406;-0,00043874837102730185;0,0007191630945924399
0,0011840910709775088;-0,002360834124917746;-0,0008437891538026765;0,0015700949273925804;0,00022948959897405724;0,00018409380916969975
0,0012552417422002813;-0,0023141566865723866;-0,0006142995548286193;0,0017541887365622802;0,000778520177598864;-0,0015949404212914214
0,0012926408472709466;-0,002204675451131324;0,00016422062277024474;0,00015924831527085875;-0,0010301575079895986;0,0002517002012047895
0,0013054679701484672;-0,00202502666622777;-0,0008659368852193539;0,00041094851647564823;-7,092443117474867e-05;-0,0032933546191253465
0,0013248639179367977;-0,0018390079487133819;-0,0009368613163941025;-0,0028824061026496983;0,0009914679139754468;0,0015029079937731726
0,001309622390316354;-0,0016365512905399677;5,460659758134423e-05;-0,0013794981088765257;-0,00041485144560749615;0,0007389381547242904
0,0012569064100401463;-0,0015493908764725413;-0,0003602448480261519;-0,0006405599541522353;-0,0014607193904179715;0,00027398979896040704
0,0012063746936671921;-0,0015174103867601763;-0,0018209642384441234;-0,00036657015519182823;0,0026033857438797076;-0,0006463461630540623
0,001141433183373192;-0,0015110522952139006;0,0007824215054355842;-0,0010129163182458906;-0,0007361862783544365;0,0010964390169013113
0,001003653103541427;-0,0015193570098752979;4,623522708114766e-05;8,352269865542078e-05;0,00042154720783275576;0,0007381084188645276
0,0008971698839270851;-0,0015681783772665309;0,0004677824349139034;0,0008216311175199484;-0,0006836604519485541;-0,0006857963679092333
0,0007925360733959893;-0,001613658836711547;-0,00021587801703465068;0,00013583474961071512;0,00020134404833494109;0,000942096587948825
0,0007066135602614497;-0,0016262740514557652;-1,453396869970959e-05;0,00107793133755954;0,0009280246779497479;-0,0008970979698903203
0,000612055926445524;-0,001633455876215555;0,0009134907092500383;0,00018083336766921976;-0,0011610545604610906;0,0003632608390881642
0,0005169169338816099;-0,0015975204474729628;-0,0002475638512110523;0,000544094206757384;0,0015329525842920789;0,0017792109580148721
0,0004583175696876974;-0,0015543516840236021;0,0012853887330810266;0,002323305164772256;-0,0006496621029163357;-0,0017570641845973678
0,00038981565144534277;-0,001489419152303946;0,0006357266301646909;0,0005662409801748883;0,0005542508680994301;-0,0008685946205156288
0,0003727292825262292;-0,0013315544139933997;0,001189977498264121;-0,0003023536403407405;-0,0012132543318923005;0,00012474332351449305
0,00038107197881370324;-0,0011510400364758578;-2,3276833628179533e-05;-0,00017761031682624745;-0,0001923252806308052;-0,0007227320049461201
0,00043701377503174217;-0,0009826198045719454;-0,00021560211425898472;-0,0009003423217723676;0,0015137104255886005;-0,001340982793910435
0,0004920244979046539;-0,000821303985341083;0,0012981083113296158;-0,0022413251156828025;-0,003481636404658593;-0,0007608787345893125
0,0005384111362072062;-0,0006960018589811154;-0,002183528093328977;-0,003002203850272115;0,001964829152833261;7,846009823376382e-05
0,0006367221069629432;-0,0006603527372484599;-0,00021869894049571584;-0,002923743752038351;-0,000605635267188695;0,0019250260552838676
0,000647691953985521;-0,0007447917695266889;-0,0008243342076844108;-0,0009987176967544836;0,001474724572863708;-0,00039410940649488996
0,0006499138433882704;-0,0009461805518864519;0,0006503903651792972;-0,0013928271032493736;-0,0004092935968927035;-5,13766093809577e-05
0,0006191623644836432;-0,0011875180421163944;0,00024109676828659374;-0,0014442037126303313;-0,0005227029741769335;0,003861283734650462
0,0006144265001861879;-0,0014845686164763118;-0,0002816062058903397;0,0024170800220201308;0,0011008356391331298;0,0007132700486248908
0,0006193345066201963;-0,0018393873393414424;0,00081922943324279;0,0031303500706450216;-0,001585982096462199;3,446452832226582e-05
0,0006129782648185912;-0,0020975228613257678;-0,000766752663219409;0,0031648145989672874;0,0016185898901859078;-0,0011622969300440003
0,0006393912003466977;-0,0022304443804842923;0,0008518372269664988;0,002002517668923287;-0,002810202038819815;0,000548584943575306
0,0006351340293460279;-0,002236773315684125;-0,001958364811853316;0,002551102612498593;0,0007125942722111516;-0,00014746577460419963
0,0006649503474240179;-0,0021630015441270268;-0,0012457705396421645;0,0024036368378943934;0,002616099457406285;-0,0006628386636181871
0,0006164320730278753;-0,0019871856680699846;0,0013703289177641204;0,0017407981742762063;-0,002196930291118806;-0,0007705858735384367
0,0005180829770460462;-0,0017152243184971666;-0,0008266013733546854;0,0009702123007377696;0,0018079635615606323;0,00036249008760540734
0,0004745470377747818;-0,0013736310419533006;0,0009813621882059469;0,001332702388343177;-0,0016880379081768999;0,0004076543912446464
0,00039794704356933006;-0,0009932292733799235;-0,000706675719970953;0,0017403567795878233;0,002013121972387538;-0,0018674051620570786
0,00036060153689211616;-0,0005595194092728195;0,0013064462524165852;-0,00012704838246925532;-0,00044397798128385096;2,417777686536393e-05
0,00029498900141606416;-5,619527398220247e-05;0,0008624682711327342;-0,00010287060560389139;-0,0008753695795122324;-0,001280648366120728
0,00028163431603667557;0,00044204692600964427;-1,2901308379498211e-05;-0,0013835189717246194;0,0005443850783575562;-0,0006497961945035619
0,0003027783615025963;0,0009361743017773353;0,000531483769978058;-0,0020333151662281813;-0,0015612367906221829;-0,00043913934403691166
0,00032340635463333717;0,0013749609186760416;-0,0010297530206441249;-0,002472454510265093;0,0021501584821775124;-0,0012499056598436961
0,0003652936985632004;0,0017324149289256207;0,0011204054615333876;-0,003722360170108789;-0,001988774918431831;0,0022755042086510247
0,00036599092166729854;0,001990970758764596;-0,0008683694568984435;-0,0014468559614577645;0,0012323357705428806;-0,00033066518092575437
0,0004115043632327322;0,00210063218179922;0,0003639663136444371;-0,0017775211423835188;-0,00010487735504603399;0,0007786458095146234
0,0004222830265222281;0,0021524193663755332;0,0002590889585984031;-0,0009988753328688954;-0,0010480429513938811;0,0006528045699863635
0,00044762034235750153;0,0021331057052565057;-0,000788953992795478;-0,00034607076288253186;5,136704722107262e-05;0,001028315055855815
0,0004833212165367111;0,0020738370308227222;-0,0007375869455744054;0,000682244292973283;4,6690790755112704e-05;0,000349030215659879
0,00048746393100410155;0,0020007255258736377;-0,0006908961548192927;0,001031274508633162;0,0006738093291094906;-0,0008075605888811094
0,00046210316764851573;0,0019549037926434843;-1,7086825709802106e-05;0,00022371391975205268;0,0004096553059272645;-3,8482156475783125e-05
0,0004091065581001582;0,0019503330397586574;0,0003925684802174624;0,00018523176327626956;-0,0017018800200212193;-7,356192287578944e-05
0,0003554264755234086;0,0019547108436639127;-0,0013093115398037569;0,00011166984040048011;0,0023090975788412384;-0,001337178330439573
0,0003174491321553576;0,001966497918100219;0,0009997860390374815;-0,0012255084900390928;-0,0003856001902616808;0,0006712389804020627
0,0002270993271951562;0,001982751786152544;0,0006141858487758007;-0,0005542695096370301;6,173629947736712e-06;0,001518384168760857
0,0001767409637964541;0,0019499853146033056;0,0006203594787235374;0,000964114659123827;0,00011790645539934983;-0,0011602918558529102
0,00015095003434878403;0,001895048062668586;0,0007382659341228872;-0,00019617719672908318;-0,0004737566340082349;-4,0014770558115254e-05
0,00014997348405005543;0,0018786753970988193;0,0002645093001146523;-0,00023619196728719843;-0,00027736451711768504;0,0009722845635511679
0,00017852757111624235;0,0018544556436598894;-1,2855217003032715e-05;0,0007360925962639694;0,00025632602242648544;-0,0013503202079135704
0,00021766203018701535;0,0018207882115294715;0,00024347080542345273;-0,0006142276116496009;-0,00014273850424501543;-1,3315467699469286e-05
0,00025628228057766704;0,0018165644832496125;0,0001007323011784373;-0,0006275430793490702;0,0005420648134062617;-0,0014079562893159064
0,00030464136318525685;0,0017877716505037694;0,000642797114584699;-0,0020354993686649767;-0,0008393144226805866;0,0006609514636067293
0,0003570297378399841;0,0017338770945839635;-0,00019651730809588756;-0,0013745479050582474;0,0005583525874420393;0,0017680433223143874
0,0004351299970780994;0,0015985625639175585;0,0003618352793461517;0,00039349541725614;0,00023372734333062736;-0,0012746777640869483
0,0005053695639923791;0,0014082661170488236;0,0005955626226767791;-0,0008811823468308083;-0,0016106764093152415;-0,0003703638457782238
0,000590082542080505;0,0012337094868703343;-0,0010151137866384625;-0,001251546192609032;0,0003520859856552625;0,000379890434018957
0,000698618025075702;0,0010239055628186128;-0,0006630278009832;-0,0008716557585900751;-0,0008263562717485823;0,0013684620806294866
0,0007665489566053604;0,0007640397910625299;-0,0014893840727317822;0,0004968063220394114;0,0011871907154999556;0,0009174425877659775
0,000807958776095691;0,00046930778896284403;-0,00030219335723182666;0,001414248909805389;-2,1331036391278313e-05;-0,0007484513800367883
0,0007897932326767502;0,00019444803974473458;-0,000323524393623105;0,0006657975297686006;0,000296577815393554;0,0011868030780712415
0,0007595399549685363;-2,3841753081159313e-05;-2,694657822955096e-05;0,001852600607839842;0,0005665037599614856;0,000961227759023328
0,0007163457015153982;-0,00021549964471630917;0,0005395571817319346;0,00281382836686317;0,001251169418373603;0,0008277096511063288
0,000672073584933078;-0,0003330535120378653;0,0017907266001055376;0,003641538017969499;-0,001988939933118935;-0,0006822024761013899
0,0006493837556200353;-0,0003380542446848947;-0,00019821333301339727;0,002959335541868109;0,00035554763820376187;-0,0015562061917555412
0,0006983229903112141;-0,00019739345661314413;0,0001573343051903646;0,0014031293501125678;-0,00024166619141249152;-0,0012751310852677474
0,0007393336916818571;6,164075313333083e-05;-8,433188622212692e-05;0,00012799826484482038;-0,0007875810774768781;-0,00010513251566415457
0,0007866377652601145;0,0003768001368843085;-0,000871912963699005;2,2865749180665806e-05;0,0005061445670469199;0,0007126530055450372
0,0008305685633894869;0,000697079451229079;-0,00036576839665208513;0,000735518754725703;0,0002555134443363964;-0,0015372780952653611
0,0008396228429708991;0,0010182733955410761;-0,00011025495231568871;-0,0008017593405396581;0,00017921597303989859;-0,0009007136711281297
0,0008340463866862279;0,0013688880900421013;6,896102072420987e-05;-0,0017024730116677878;0,0005977285359476843;-0,0011056843396241786
0,0008240597323089291;0,0016874324109215403;0,0006666895566718942;-0,0028081573512919664;-0,0016703445336218557;0,002055785211284307
0,0008168315187605988;0,0019378778113342677;-0,0010036549769499616;-0,0007523721400076594;0,0016851560370241096;-0,00046914019549419705
0,0008362708874791442;0,0020759969176953165;0,0006815010600741481;-0,0012215123355018564;-0,002471579473219021;0,00016150178826799394
0,0008155640571196911;0,0021840211384560586;-0,001790078413144873;-0,0010600105472338625;0,001139132979224338;-0,0008354854419441587
0,000822117269163204;0,002243184865796727;-0,0006509454339205349;-0,0018954959891780213;0,0002545790920071237;0,0009100977011047701
0,0007570673446809219;0,0022599481712480404;-0,0003963663419134112;-0,0009853982880732512;-0,0008306014930165775;0,001341686713843486
0,0006659796028418185;0,002200891637132233;-0,0012269678349299887;0,0003562884257702348;0,00047706467936771847;-0,0016215332040683747
0,0005590372073261785;0,002102419171493496;-0,0007499031555622702;-0,00126524477829814;0,0008546467609016947;-0,0007255459648504922
0,0004030160984133391;0,002018198242885568;0,00010474360533942444;-0,001990790743148632;0,0011515717127672537;-0,0016859919954883493
0,00021699886327800882;0,0018833675231457144;0,0012563153181066782;-0,0036767827386369814;-0,001423912153972474;0,0013466436188905376
3,517137235625555e-05;0,0016689051736799158;-0,00016759683586579574;-0,002330139119746444;0,001045042176965964;0,00016538016910384173
-9,640350584123062e-05;0,0013073715146686377;0,0008774453411001682;-0,002164758950642602;-0,00035132373138877567;-0,00021247830391879843
-0,0002346822574733486;0,0008526322908675018;0,0005261216097113925;-0,0023772372545614005;-0,0006905829332470382;0,000597012728817202
-0,0003378631954614599;0,00031130270904066197;-0,00016446132353564562;-0,0017802245257441986;0,00088138127759535;0,0038379439583374406
-0,0004199992690611154;-0,00032511636296863396;0,0007169199540597044;0,002057719432593242;-0,001874704862603306;-0,0006397740663614815
-0,0005087137956021968;-0,0010327444160076978;-0,0011577849085436017;0,0014179453662317605;0,00208109080533082;-0,00019613495532078487
-0,00056875152398089;-0,001658063691743032;0,0009233058967872184;0,0012218104109109756;-0,0010450999473815784;-0,0010096197215108751
-0,0006751006487013272;-0,002226665152829096;-0,00012179405059436002;0,0002121906894001005;0,0007775514539655054;-0,002024737075458076
-0,0007445175375502758;-0,0027463941974787205;0,0006557574033711454;-0,0018125463860579755;0,00028546793002015916;0,0013986360654888869
-0,0008188061884229987;-0,0032576356145523414;0,0009412253333913045;-0,0004139103205690886;-0,0015012633567918592;0,0006091899677990453
-0,0008668645431608758;-0,003841378887068281;-0,0005600380234005546;0,00019527964722995672;0,00141780780599772;0,001248171342544152
-0,0008772738845631007;-0,004441678572406984;0,0008577697825971654;0,0014434509897741088;-7,944999393799321e-05;-0,00042685750321094784
-0,0009100847469013479;-0,005034167071856489;0,0007783197886591722;0,001016593486563161;-0,00015393463667640744;0,0017174603342085815
-0,0009085848179357085;-0,005568917531715029;0,0006243851519827648;0,0027340538207717424;-0,0012555396829836626;0,0029148113584659685
-0,0008759520974237021;-0,006063004252111044;-0,0006311545310008979;0,005648865179237711;0,00129623662807421;0,0005757997527940095
-0,0008183439708323851;-0,006447728819676189;0,0006650820970733121;0,0062246649320317204;-0,000530639315831246;-0,001890635765496057
-0,0007859820254811039;-0,0066064987800718246;0,00013444278124206607;0,004334029166535663;-0,0007767033526491409;-0,001842439344957758
-0,0007270167962468904;-0,006516282143186192;-0,0006422605714070748;0,0024915898215779053;-0,0009204146542181931;0,0007852471373420433
-0,0006626738557629942;-0,006252704339639132;-0,001562675225625268;0,0032768369589199486;0,0013635659572763647;-0,0015135318376624102
-0,000624021338135381;-0,0058894629432289574;-0,00019910926834890326;0,0017633051212575385;0,0003579144073318618;-0,00018983378852951982
-0,0006478758295327785;-0,005395148068461984;0,00015880513898295853;0,0015734713327280186;-0,0013680173771753283;-0,0018524549536270835
-0,0006796946916641322;-0,004830300988844708;-0,0012092122381923698;-0,0002789836208990648;0,0007734366849860876;-0,0005036656456789274
-0,0007051613482361675;-0,004202515055918313;-0,0004357755532062822;-0,0007826492665779922;0,00016707165529019838;-0,0005410702444881565
-0,0007789964943358976;-0,0035858884678278795;-0,00026870389791608384;-0,0013237195110661487;0,0011787628652983988;-0,000990727889052273
-0,000870262662563879;-0,0030005678504005664;0,0009100589673823149;-0,0023144474001184218;-0,0025147851222879353;0,0022540594403493777
-0,0009722769867085037;-0,002468196013415899;-0,0016047261549056203;-6,038795976904404e-05;0,001491909826104601;-0,0011445199158510201
-0,001037888952157836;-0,002028402072435968;-0,00011281632880101936;-0,0012049078756200642;-0,0002509011158250002;0,00033388743182999336
-0,001167689963803393;-0,0015910236498467992;-0,00036371744462601954;-0,0008710204437900708;0,000325131699062519;-9,181749793302739e-05
-0,0013020036286009906;-0,0012018415422824329;-3,858574556350053e-05;-0,0009628379417230982;0,000853587175496405;0,0006090059079956415
-0,0014508659911836293;-0,0008475002524696695;0,0008150014299329045;-0,0003538320337274567;-0,0009364539013299727;0,0006024002353894053
-0,0016012717835888078;-0,0005316724803258299;-0,00012145247139706827;0,00024856820166194865;0,002169358698620595;-0,0008018297052220114
-0,0017190775187966702;-0,0002299979895310886;0,002047906227223527;-0,0005532615035600628;-0,0026069394725294556;0,0019404941156936709
-0,0018417413528604152;8,161922933013063e-05;-0,0005590332453059288;0,001387232612133608;0,0023321830399551935;-0,001155768815484251
-0,001882488937835219;0,0003711059880489474;0,0017731497946492647;0,00023146379664935705;0,00028857363967075417;-0,0017740672964512792
-0,0019455978526222604;0,0007160820512531084;0,002061723434320019;-0,001542603499801922;-0,0017815806841006282;0,0006791463378429952
-0,001937780775623331;0,0010703166663232437;0,00028014275021939067;-0,0008634571619589269;0,0006815980951489012;-0,0009427181934410118
-0,0018474947612516007;0,0013628471414013023;0,0009617408453682919;-0,0018061753553999388;-0,0007367299066018615;0,0019448653772261432
-0,001746003036871095;0,0016208393300010035;0,00022501093876643036;0,00013869002182620438;0,00138073984822994;-0,0024617960916833923
-0,0016060416786758576;0,0018065845043847074;0,0016057507869963704;-0,002323106069857188;-0,0011068832384420989;0,0005036550498828604
-0,0014570798829299627;0,001997877279641459;0,0004988675485542715;-0,0018194510199743275;-0,003034690034042678;0,00011397895908702577
-0,0012438880557042132;0,0020962458121039237;-0,0025358224854884065;-0,0017054720608873017;0,002385395429973812;0,0007306399304554331
-0,001010741526536293;0,002121836303767415;-0,0001504270555145945;-0,0009748321304318686;-0,000943456434017758;-0,0008808517243229161
-0,0008790278967879088;0,0020792079129954145;-0,0010938834895323525;-0,0018556838547547846;0,0012300333111568886;-0,001547836590399497
-0,0007533313492601085;0,001997586237006139;0,0001361498216245361;-0,0034035204451542816;-0,00214523831980141;0,0015763242871284049
-0,0006713901413136023;0,001841737206826672;-0,002009088498176874;-0,0018271961580258768;0,001069995915616682;0,0009851167135238106
-0,0005840029405021146;0,0015497473588410341;-0,0009390925825601918;-0,0008420794445020661;0,0017450004261102409;0,0017732523115640692
-0,0005769792796177019;0,0011846696645343609;0,0008059078435500491;0,000931172867062003;-0,0017669970887204314;0,00037697763124900675
-0,0006075193220356969;0,0007859087924476051;-0,0009610892451703823;0,0013081504983110098;0,0008679794581558983;0,000566025765395997
-0,0006058230507116899;0,0004243948350433294;-9,310978701448404e-05;0,0018741762637070067;-0,001645750376992319;0,0008420180217067123
-0,0006425703491944982;0,00011520689757149408;-0,001738860164006803;0,002716194285413719;0,0029168597588672338;0,0004427779577350693
-0,0006830420391578857;-0,00011901398935206096;0,0011779995948604308;0,0031589722431487883;-0,0007315314317179779;7,327615768153075e-05
-0,0007930681356815456;-0,0002445871048590672;0,0004464681631424529;0,003232248400830319;-0,0009147610058824786;-0,0018745457808924428
-0,0008559742484107882;-0,00024380133064012198;-0,0004682928427400257;0,0013577026199378763;0,0008434641421934119;-0,0008299375700555043
-0,0009010216346143326;-0,00011372562038796394;0,00037517129945338623;0,000527765049882372;0,0009466736936980767;-0,0005887058981998063
-0,0009648007345274779;7,065819466170914e-05;0,001321844993151463;-6,094084831743431e-05;-0,0015990788177212972;-9,225522352642249e-05
-0,001013572982462488;0,0002761526117066771;-0,0002772338245698343;-0,0001531960718438568;0,00014367837387616045;-0,0010382211437762901
-0,0010094714306714395;0,0004792093948189477;-0,00013355545069367383;-0,001191417215620147;-0,0002446249531025853;-0,0019110218330164151
-0,0010164592318631844;0,000676138335057464;-0,0003781804037962591;-0,003102439048636562;0,000681805230804397;0,0002950242176809857
-0,0010287892510826761;0,0008254105866711745;0,0003036248270081379;-0,0028074148309555763;-3,9708691296921894e-05;0,001622852518437478
-0,0010562464864540184;0,0008505852763394224;0,000263916135711216;-0,0011845623125180983;-0,0006032965788057322;0,0014151189633923034
-0,001071558728745035;0,0007634633727694473;-0,0003393804430945162;0,00023055665087420504;0,0006063302895847264;-0,00020720173944460858
-0,001076314325607603;0,0006289589766987483;0,0002669498464902102;2,335491142959646e-05;-0,0009436408495878124;-8,112335214617485e-05
-0,0010946451401939517;0,0005036768466630175;-0,0006766910030976021;-5,776844071657839e-05;0,0012195139556077685;0,0007996176242052074
-0,0011022979609206919;0,0003793289130844705;0,0005428229525101663;0,000741849183488629;-0,0012426178801003829;0,000946232460936659
-0,0011370184217713362;0,0002526702418772604;-0,0006997949275902166;0,001688081644425288;0,0012620993409843302;-0,0011519045487886014
-0,001150025964521574;0,00015568553800959545;0,0005623044133941137;0,0005361770956366866;-0,0005321997763229301;-0,0005600512044088334
-0,0011910253043754203;0,00012622409991894202;3,010463707118355e-05;-2,387410877214679e-05;0,0003943010954818339;0,00015962613091283304
-0,0012095324676935021;0,00011820974565375606;0,0004244057325530175;0,00013575202214068625;0,0013275890027946748;-0,0008350079399644986
-0,0012268354455287366;0,00010924042703768422;0,0017519947353476922;-0,0006992559178238124;-0,0019124250098375914;-7,437729695573608e-05
-0,0012271621940618503;0,00010570118930723984;-0,00016043027448989916;-0,0007736332147795484;0,0008544438113963007;0,001386132334960176
-0,0011574091531810565;7,419171486384296e-05;0,0006940135369064016;0,0006124991201806274;0,0007973368895495096;0,00021329156499921734
-0,0010940733232798585;1,173691182926415e-05;0,0014913504264559112;0,0008257906851798447;-0,001992359693937299;-0,0006141300000702077
-0,0010029769519024044;-2,621792639808957e-05;-0,0005010092674813879;0,000211660685109637;0,001785105619817335;0,0007142179081071473
-0,0008522265634667139;-3,1141137218249505e-05;0,001284096352335947;0,0009258785932167843;-0,002264884427186902;0,0012112393114907265
-0,0007215165457302791;-2,7597920634023958e-05;-0,000980788074850955;0,0021371179047075107;0,0005687473089887292;-0,0007073197009375507
-0,0005394426739004062;1,2980439678872955e-05;-0,00041204076586222587;0,00142979820376996;0,0006913518820882859;-0,00015676838436171894
-0,0003966003250645715;0,0001390435161800703;0,00027931111622606;0,001273029819408241;-0,0026549213623864726;-0,0017171048030313833
-0,00027023960686322593;0,00032229852083206606;-0,0023756102461604126;-0,00044407498362314217;0,003422312850067247;0,0039480893237306604
-0,00013270644401283793;0,0005564747182603914;0,0010467026039068343;0,0035040143401075183;-0,0023261048351238315;-0,001812221710555225
-9,019769100886644e-05;0,0007728879163437912;-0,0012794022312169972;0,0016917926295522932;0,0014852836359411444;-0,0014146473535873727
-5,820833848621575e-06;0,0011294616880314916;0,0002058814047241472;0,00027714527596492053;-8,559391979021092e-05;0,00010079534740575422
2,7379934062943403e-05;0,001553707164901284;0,00012028748493393628;0,00037794062337067474;8,79459731649491e-05;-0,0012659313532281877
6,881595816347427e-05;0,001989038452809673;0,00020823345809888537;-0,0008879907298575129;-0,00016274415628392985;-0,0011458665858432304
0,00011506348166136259;0,0024394873656528888;4,5489301814955526e-05;-0,0020338573157007434;-0,0006793988834619753;-0,002140902632905936
0,00016964034348320632;0,0028544166493018044;-0,0006339095816470198;-0,004174759948606679;0,0016743350729277618;0,0018892821783460662
0,00022603677737764827;0,00318799164032269;0,001040425491280742;-0,0022854777702606133;-0,0015514078665680962;-0,0006177516849823067
0,00025707682800620946;0,0033545762333993083;-0,0005109823752873542;-0,00290322945524292;0,0006876590613935267;0,001227019274882557
0,0003297338982860003;0,0034297417156655026;0,0001766766861061725;-0,001676210180360363;-5,1071898615338146e-05;0,0014857441991305842
0,0003819516735542969;0,00338877801972198;0,00012560478749083434;-0,00019046598122977876;-0,0005346796813240889;0,0018390460472208908
0,00044123651626684055;0,0032807659165640427;-0,00040907489383325453;0,001648580065991112;0,0010190900631023257;-3,085190561476214e-05
0,0005055455504790174;0,003165135174156914;0,0006100151692690712;0,00161772816037635;-0,0017189057581635456;-0,0011258777330500486
0,0005534915889378642;0,0031154476343894302;-0,0011088905888944744;0,0004918504273263014;0,0011786545891721931;0,0007437513441503757
0,0006258382341674739;0,0031304692210369998;6,976400027771876e-05;0,001235601771476677;-0,0002743972736528946;0,0005832719052260155
0,0006538292558413045;0,003165164824777622;-0,00020463327337517587;0,0018188736767026925;-0,0005074183207730218;-0,0007502826016002745
0,0006846108375262439;0,003249284499377311;-0,0007120515941481977;0,001068591075102418;0,0006111748109387354;-0,000528511315968927
0,0007072070882761763;0,003406159121045108;-0,0001008767832094623;0,000540079759133491;0,0006343506254521333;-0,0008713768684052714
0,0007013212752601807;0,003605777385717002;0,000533473842242671;-0,00033129710927178035;-0,0019392462178160208;-0,0008439197419915362
0,0006914003909158067;0,003826998840754235;-0,0014057723755733498;-0,0011752168512633165;0,0020400361289120636;-0,00016505385547728457
0,0007028184602611394;0,004034968411420597;0,0006342637533387138;-0,0013402707067406011;-0,0010986593434560918;0,00033824908974854073
0,0006580056345835382;0,004195929308036426;-0,00046439559011737797;-0,0010020216169920604;0,0011598057709905074;-0,0014111971517958288
0,0006385633590394855;0,004303279376382632;0,0006954101808731294;-0,002413218768787889;0,0003773016095006687;0,0006919083569429385
0,0006005452598907378;0,004370548580049155;0,0010727117903737982;-0,0017213104118449507;-0,0021963143122902106;-0,0002633758277151843
0,0005903435679769152;0,004341289032964162;-0,0011236025219164125;-0,001984686239560135;0,0022287353639156033;0,0010547315801183454
0,0006230503476780446;0,004243177069405371;0,0011051328419991908;-0,0009299546594417896;-0,0012974212975830086;0,0005721779017763828
0,0006108130265025174;0,004065677656264175;-0,00019228845558381773;-0,00035777675766540673;0,0008034903006935105;-0,0004770158780209588
0,0006427810190069578;0,003850980056745307;0,0006112018451096927;-0,0008347926356863655;-0,0012883547323459255;0,0014396662715458336
0,0006670574732880457;0,0036219713869198233;-0,0006771528872362327;0,0006048736358594681;0,000321134296811916;5,600054277914157e-05
0,0007157820013735211;0,003359571011666885;-0,0003560185904243167;0,0006608741786386096;0,001027147596390332;0,0011064824744494994
0,0007374204139695473;0,003121365581848325;0,0006711290059660154;0,001767356653088109;-0,0004850633529205166;-0,0007614274287086886
0,0007448180829486007;0,0029095951191753094;0,00018606565304549877;0,0010059292243794205;-0,00024883506116698054;0,0008134858159923597
0,0007790609121662949;0,0027685189226258184;-6,276940812148177e-05;0,0018194150403717801;0,0002582605827810454;-0,002280905384172943
0,000820746367505809;0,0026676798950515043;0,00019549117465956362;-0,00046149034380116305;6,991218213372313e-05;0,001540216946125425
0,0008599210465204637;0,002639617469092061;0,00026540335679328675;0,001078726602324262;-3,725759528790465e-05;-0,00041242786418849153
0,0009069153725215012;0,0025930954293805716;0,0002281457615053821;0,0006662987381357705;-0,0011566147303519597;0,00108098394758048
0,0009645258327942699;0,0025897224537620523;-0,0009284689688465776;0,0017472826857162504;-2,0326473941765372e-05;0,00014490454904933503
0,001031262123527254;0,0026130014276689643;-0,000948795442788343;0,0018921872347655855;0,0007091856086293598;-0,0029459336601034003
0,001060859655506375;0,0027061717090045255;-0,0002396098341589832;-0,0010537464253378148;0,0010402286191481744;0,0038254461604293882
0,0010525053697739623;0,0028750294797307108;0,0008006187849891912;0,0027716997350915734;-0,0023137709275359367;-0,0017927781241449392
0,0010345666906751902;0,0030017373934433833;-0,0015131521425467455;0,0009789216109466342;0,0015610543521385987;2,582703525386143e-05
0,0010486527629759857;0,003239313296559719;4,790220959185326e-05;0,0010047486462004956;0,0015889445070122847;-0,002003677700375947
0,0010022127495749116;0,0035160460641139196;0,001636846716604138;-0,0009989290541754514;-0,0009026558129096897;-0,000619430435943133
0,0009576888245575115;0,0038329687775161404;0,0007341909036944483;-0,0016183594901185844;-0,0006862095273986527;0,0017045010457823334
0,0009786387682042769;0,004109934328751343;4,798137629579563e-05;8,614155566374904e-05;-0,002342551199866892;-0,0032283250510927453
0,0010289563479988202;0,004322165500381802;-0,0022945698235710965;-0,0031421834954289962;0,0037693272648477508;3,191698712541602e-05
0,0010811931828451954;0,004537842334238811;0,0014747574412766543;-0,00311026650830358;-0,0010259495841616756;-0,00035183628184154436
0,0010416472247487267;0,004627831828278661;0,00044880785711497867;-0,0034621027901451246;-0,0019613495633382452;0,0018309387420629292
0,0010610915643033242;0,004593410661986367;-0,0015125417062232666;-0,0016311640480821954;0,0008074790617535119;0,0014112411148352183
0,0010984882181425209;0,004420505384088268;-0,0007050626444697547;-0,0002199229332469771;0,0014203818927096372;-0,00020514624324531605
0,0010753832037327868;0,004182353544266881;0,0007153192482398825;-0,00042506917649229314;-0,00027256919796817686;0,0001895673911418011
0,0010240756835442626;0,003935404787115616;0,00044275005027170564;-0,00023550178535049204;-0,00033311909876101997;0,0015955063692435906
0,0010013809332853336;0,0036714532629046584;0,00010963095151068566;0,0013600045838930985;-0,001567299084333132;-0,0005868667973562836
0,000996396185037273;0,003398081667279681;-0,0014576681328224463;0,000773137786536815;0,0021462758469963615;-0,0003213567122815203
0,0009957966748496397;0,003179110255010428;0,0006886077141739153;0,0004517810742552947;-0,0004871048565959421;-0,002011834326865511
0,0009368904393491086;0,002991064354202647;0,00020150285757797315;-0,0015600532526102162;-0,0007413404043758627;0,0015190172825201714
0,0009055285124155341;0,002821089696365078;-0,0005398375467978896;-4,103597009004478e-05;0,00051090905324103;0,001186987386657172
0,0008822266997850785;0,002588712908423101;-2,8928493556859558e-05;0,0011459514165671272;0,00022989426765230095;-0,00016837675536515717
0,0008373313852827074;0,0023546946816775218;0,0002009657740954414;0,00097757466120197;-0,000349669274418974;0,0002940363289933162
0,0007912789310380617;0,0021665145115946274;-0,00014870350032353263;0,0012716109901952863;0,00021286206901739366;0,00031489890364912176
0,0007532651077572339;0,002017437327959812;6,415856869386102e-05;0,001586509893844408;-0,0006852427499021707;0,00016557249028446158
0,0007093031444634647;0,0019192245839328081;-0,0006210841812083097;0,0017520823841288696;0,001474580184302415;-0,0016686604750322936
0,0006679075239174499;0,0018844722356595807;0,0008534960030941053;8,342190909657599e-05;-0,0007272506024614354;0,0004921013584648012
0,0006016685361231028;0,0019198031827515078;0,00012624540063266992;0,0005755232675613772;-0,0003936524266103022;-0,00019718727877793274
0,0005695693884525198;0,001958471006207298;-0,00026740702597763226;0,0003783359887834445;-0,000849555788679476;-6,681100419080044e-05
0,0005425200568072437;0,002020159760365543;-0,0011169628146571083;0,00031152498459264405;0,0011547756227582862;-0,0007637456803656836
0,0005047744441228623;0,0020969819540751266;3,78128081011779e-05;-0,0004522206957730396;-0,0006965288575146158;0,0017073603584241495
0,00042235031885219654;0,002186265147168415;-0,0006587160494134379;0,00125513966265111;-0,00020713425472632932;0,0009725558806933238
0,0003414387059055779;0,0022574595124307826;-0,0008658503041397672;0,0022276955433444337;0,0006693074722300216;-0,0008254719345541922
0,00023417845098242174;0,0023788594641991944;-0,0001965428319097456;0,0014022236087902415;-0,00047002979829574706;-0,0013792073714157596
9,22841838936749e-05;0,0025893672377013833;-0,0006665726302054926;2,3016237374481885e-05;0,0005902951480125946;0,00036315331773441317
-5,747179647146176e-05;0,002855963955555182;-7,627748219289805e-05;0,00038616955510889506;0,0005962452002881008;-0,0017741318035689874
-0,00023389068204481814;0,0031234813229039596;0,0005199677180952027;-0,0013879622484600923;-0,0002850442469238858;5,1344023881017e-05
-0,0004133606669058904;0,0034064454724570935;0,00023492347117131697;-0,0013366182245790753;0,0014438242837413653;-0,0010680747653384476
-0,0005720319430431546;0,0036338911320718237;0,0016787477549126822;-0,002404692989917523;-0,000723668003069524;0,0020494154878965415
-0,0007213062803335662;0,0038078720627033906;0,0009550797518431582;-0,0003552775020209814;-0,0006476752877535887;0,0005603947468038883
-0,0008034307074274703;0,003885665273738257;0,00030740446408956956;0,00020511724478290694;0,0019053453882967586;-0,002087440941908325
-0,0008473519444476482;0,003949247384692284;0,002212749852386328;-0,0018823236971254181;-0,00044899701357901944;0,0018944918216113327
-0,0008789770029042433;0,004021034185437627;0,0017637528388073087;1,2168124485914533e-05;-0,0014603110730957714;-0,00012711796871024694
-0,0008220920672653854;0,004017528038297954;0,00030344176571153736;-0,00011494984422433241;-0,0002706347319164325;-0,0005737858740602758
-0,0006946570180742349;0,004014508616137716;3,2807033795104884e-05;-0,0006887357182846082;0,0004031457499319088;-0,0004578304572063069
-0,0005550842982546231;0,004006891200208506;0,0004359527837270137;-0,001146566175490915;0,0009670161165813932;-0,0009287794133382432
-0,000414199297083207;0,003971724355547912;0,001402968900308407;-0,0020753455888291583;-0,002576186122275845;0,0028902936484253294
-0,0002558761845627104;0,0038906948638676806;-0,0011732172219674382;0,0008149480595961711;-0,00024436989210160215;-0,000666077469234555
-4,143431602987753e-05;0,0037266515486342826;-0,0014175871140690403;0,0001488705903616161;0,0026461922247564863;-0,0004171122005467709
0,00012607886362425784;0,003595206155784732;0,001228605110687446;-0,0002682416101851548;-0,001760226559635097;0,0012856187515663808
0,00023688855871563158;0,003469715586549646;-0,0005316214489476511;0,001017377141381226;;
0,00039684245823450314;0,0033334953529071537;;;;
0,0005355314997954687;0,0032379702049199106;;;;
