y;x;acc_x;acc_y;jerk_x;jerk_y
0,00536523412813617;0,00017079037160503357;0,0014148286293737449;0,002150864601337066;-0,0020810674381573574;-0,000589249608383316
0,005165042727733258;0,00038685631897512814;-0,0006662388087836126;0,0015616149929537498;-0,00045700202506722756;-0,000384050695801344
0,005050885911383828;0,0006595154115201725;-0,0011232408338508401;0,0011775642971524058;-0,0021096164304611406;-0,0020580215407465102
0,004999193694752548;0,0009055249517138724;-0,0032328572643119807;-0,0008804572435941044;0,003092433596027011;0,001122421764559664
0,004994604050007364;0,0011066048585535386;-0,00014042366828496966;0,00024196452096555965;-0,0023499501341969486;0,0006794026700805561
0,004954796115518416;0,0011783704748207257;-0,0024903738024819183;0,0009213671910461158;0,0008175990496559447;-0,0008283698023004993
0,004924666761868091;0,0012445191443565139;-0,0016727747528259736;9,299738874561647e-05;-8,842282248900171e-05;-0,0021125659761411647
0,00493139209585961;0,0012110528617930254;-0,0017611975753149753;-0,0020195685873955482;0,0005597838324597412;-0,000894542627977904
0,004941837325400954;0,001110675589116498;-0,001201413742855234;-0,002914111215373452;0,001268320722356513;0,0010338130529162076
0,004871499811446476;0,0009398504134273715;6,690697950127895e-05;-0,0018802981624572446;0,00032368992070406187;0,0030200634888348232
0,004684597848877059;0,0007209686880240357;0,0003905969002053408;0,0011397653263775787;-0,00026338338653646674;-0,001294058479292648
0,004422483959809353;0,0005047632418007511;0,00012721351366887408;-0,0001542931529150693;-2,3714533458792098e-05;-0,0005914932867135958
0,00420596068379675;0,00030418167158568;0,00010349898021008198;-0,0007457864396286651;0,0008940379712343901;0,002712444642127068
0,003983265681667544;0,00010868864191736399;0,000997536951444472;0,001966658202498403;-0,0007708534042722747;0,0005386884846902557
0,003730739221953192;-8,266442854254878e-05;0,0002266835471721974;0,0025053466871886587;0,0001449058642419114;0,0008712827980557197
0,0035568790903387757;-0,00023411602094468268;0,0003715894114141088;0,0033766294852443784;-0,0021980188115026224;-0,0028494950423606086
0,0034832328262119064;-0,00037650027145992864;-0,0018264294000885136;0,0005271344428837699;0,003058739207565355;-0,0005100581729327314
0,0035446517414948115;-0,0005040209455186103;0,0012323098074768415;1,7076269951038503e-05;-0,001831321238676872;0,00021349686462855677
0,0036271560344930676;-0,0007045987955808325;-0,0005990114312000305;0,00023057313457959527;0,0003681239143502775;0,00046898601743596
0,003710343378289365;-0,0008558842533439811;-0,00023088751684975303;0,0006995591520155553;0,0010587793020494264;0,00023716528619280308
0,0038027536474688466;-0,0010311301683551307;0,0008278917851996734;0,0009367244382083584;-0,0012183661204393861;-0,0008630172853010404
0,00392314628272895;-0,0012156115840402707;-0,00039047433523971276;7,3707152907318e-05;0,0015961289524863073;-0,0006328338233785868
0,004081007895517389;-0,0013669773283174237;0,0012056546172465946;-0,0005591266704712688;0,0008545537930175068;0,0016664925568261185
0,004241817794422119;-0,001533962046004165;0,0020602084102641013;0,0011073658863548497;-0,0024604547821730563;0,0035237067423007085
0,004380262626507999;-0,0016527205790010427;-0,00040024637190895496;0,004631072628655558;0,0016048502277228108;0,00012362518032005276
0,004563002094048073;-0,0016890707755873563;0,0012046038558138558;0,004754697808975611;-0,0016118187967835915;-0,0026858043885004124
0,004930984466734369;-0,001741430827050028;-0,00040721494096973565;0,0020688934204751985;0,00016976132235837355;-0,00232038946111246
0,00548915475177969;-0,0017456067242801456;-0,0002374536186113621;-0,0002514960406372613;0,0011854199600868573;0,0011353947944606757
0,006130080773644019;-0,0017660712191490528;0,0009479663414754952;0,0008838987538234144;-0,002840218831692193;0,00030302629868358966
0,006760946953882857;-0,0017960338587624143;-0,0018922524902166976;0,001186925052507004;0,0017502020835908488;-0,002537404287673184
0,0074271690842746315;-0,0017880778447167559;-0,00014205040662584878;-0,0013504792351661798;-0,001357542297394515;-0,003024365335957957
0,008140868216766687;-0,0018558119302797655;-0,0014995927040203638;-0,004374844571124137;0,0019001193156682195;-9,802970045780235e-05
0,008800548179852095;-0,0019292280321078089;0,00040052661164785563;-0,004472874271581939;-0,0017779240723311066;0,0029801649562608
0,009285234360092537;-0,002062627842096667;-0,001377397460683251;-0,001492709315321139;-0,0011437069641532932;-0,0011249520476502017
0,009591005569469702;-0,002180006587619611;-0,002521104424836544;-0,0026176613629713408;0,002949844097320631;0,0009111618651606035
0,009837068406234021;-0,002352481231569885;0,0004287396724840867;-0,0017064994978107373;-0,0017081663235264874;-0,00029641619822767806
0,009978424788479486;-0,002625800052513621;-0,0012794266510424007;-0,0020029156960384153;0,0021397463489954555;0,0028524503220358766
0,010051521190812523;-0,0028819692865579925;0,0008603196979530547;0,0008495346259974612;0,003364785113974686;0,00028992003454697546
0,010044500965304022;-0,003189315586644061;0,004225104811927741;0,0011394546605444367;-0,0020357707632293887;0,001002871194893451
0,01007146212483542;-0,003462249098812007;0,002189334048698352;0,0021423258554378877;0,0013662087780137722;0,0002238430421024895
0,010144001470788595;-0,003566178418502843;0,003555542826712124;0,002366168897540377;-0,0003637230185085244;-0,002227141282278078
0,010302233850959287;-0,0035825343762457456;0,0031918198082036;0,00013902761526229934;-0,001783306615555022;-0,002165824053814547
0,010555112987031592;-0,003456668620920163;0,0014085131926485778;-0,0020267964385522474;0,0007100677779930467;-0,0012275014600592327
0,01081355322771439;-0,0032031300732664365;0,0021185809706416245;-0,00325429789861148;-0,005544555990438696;0,0016989818600761097
0,010990921610855098;-0,0028932509979067668;-0,0034259750197970715;-0,0015553160385353704;0,0005757295542224011;-0,0017858620048559204
0,011038118078051346;-0,002498628683721432;-0,0028502454655746703;-0,0033411780433912908;0,000690939555758649;-0,0017418481717065837
0,011023101903706181;-0,00224104537032798;-0,0021593059098160214;-0,0050830262150978744;0,0013457295288189022;0,0025986607335600764
0,010874438607625363;-0,002097471875557515;-0,0008135763809971192;-0,002484365481537798;-0,0008978064422222043;0,0010036227989408397
0,010522454262940632;-0,002040270617179691;-0,0017113828232193234;-0,0014807426825969583;-0,00018974561456432115;0,0015881011616840635
0,010071095298994387;-0,0020156124140417514;-0,0019011284377836446;0,00010735847908710516;0,0022653576683796597;-0,003527974027251801
0,009560506627744263;-0,002059409523832585;0,00036422923059601514;-0,003420615548164696;0,0003880307512525369;0,0021252676153471484
0,009054212295657624;-0,0021792517711347642;0,000752259981848552;-0,0012953479328175477;-0,00010801380234513186;0,005733465547474781
0,008411093341644398;-0,002284524849213103;0,0006442461795034202;0,004438117614657233;-0,0010491476173469863;0,00036454763904117393
0,00771616047031847;-0,0023597075280174995;-0,00040490143784356614;0,004802665253698407;-1,0240660876431606e-05;0,0004929993432259694
0,007198752303578831;-0,0024091203596417594;-0,00041514209871999774;0,0052956645969243765;-0,00155690438406772;-0,001487199081047219
0,006873450746987127;-0,0024747292487797617;-0,0019720464827877177;0,0038084655158771574;0,0005583944756601678;-0,0005619037000008376
0,0067599757742724;-0,0025569438218665643;-0,00141365200712755;0,00324656181587632;0,0009756176389839749;0,001623301103589131
0,006798839422192758;-0,0027180402542648753;-0,000438034368143575;0,004869862919465451;0,0008778940209442088;-0,006779014202054651
0,00696756554274817;-0,0029356827669482885;0,00043985965280063377;-0,0019091512825891999;0,0004762070295068338;0,0005422288975034106
0,007331086180082199;-0,0031708466543574443;0,0009160666823074676;-0,0013669223850857892;0,0020198089558833426;0,0017919149823894809
0,007618240766112661;-0,003388416155654575;0,00293587563819081;0,00042499259730369165;0,0003461920527976503;0,00024168389626197384
0,00785071845673969;-0,003569342989659407;0,0032820676909884605;0,0006666764935656655;-0,0012527494048328036;0,0017307831001094343
0,008100195851258868;-0,003632834798136607;0,002029318286155657;0,0023974595936750998;-0,001242333577543303;-0,00221515856674781
0,008376340305520672;-0,003565043898974268;0,0007869847086123538;0,00018230102692728956;-0,0005431817218102264;0,0016548287419751728
0,00874838314352948;-0,0034160802683657026;0,00024380298680212742;0,0018371297689024624;-0,0007058024355369591;0,000248817257910372
0,00912771802261538;-0,0032356372494126437;-0,0004619994487348317;0,0020859470268128344;-0,0015420468940706145;-0,0014185450006970746
0,009580538092457378;-0,0030454421109874993;-0,002004046342805446;0,0006674020261157598;-0,0001300933892060263;5,7874583332007123e-05
0,01011679604337189;-0,002873726950511748;-0,0021341397320114724;0,000725276609447767;0,00010552133332311642;-0,0014166663275437807
0,010679750075331031;-0,0027821736437482147;-0,002028618398688356;-0,0006913897180960138;0,0019985103596614207;-0,00038100154904330275
0,011271715171668084;-0,0027759859262651405;-3,0108039026935374e-05;-0,0010723912671393165;-0,00021257395589217853;8,9365636346872e-05
0,011836024679281297;-0,0028509429447296005;-0,0002426819949191139;-0,0009830256307924445;0,0012692109525621192;0,0014783659317113007
0,012357438536208935;-0,0029271042847551377;0,0010265289576430053;0,0004953403009188562;-0,001909467328698261;-0,001431706835544333
0,012839531367904878;-0,0030129729045774395;-0,0008829383710552557;-0,0009363665346254768;0,0009508652472039053;-0,0016767603677191323
0,013341437811637573;-0,0030577803660940214;6,792687614864956e-05;-0,002613126902344609;-0,00017194602940884263;0,0006053005966324965
0,01380588959398525;-0,0031379053624528133;-0,00010401915326019306;-0,0020078263057121126;0,0013326152649831835;0,002327290653237335
0,014165816300239144;-0,003215313283765659;0,0012285961117229904;0,00031946434752522235;-0,0012344220002363931;0,0031380482652768604
0,01444542995426455;-0,0032968819712089125;-5,8258885134027105e-06;0,0034575126128020828;-0,00030989040846969573;-0,0039861826313373205
0,014737822182190968;-0,0033293068141832466;-0,00031571629698309844;-0,0005286700185352378;-8,356780800629349e-05;-0,001538411730033551
0,015168514914629467;-0,0033619646926981166;-0,00039928410498939193;-0,0020670817485687887;0,002456277501503415;0,0009628704794147902
0,015578060846326559;-0,0034072512230923107;0,002056993396514023;-0,0011042112691539985;-0,00036129634432910396;-0,001807639135596617
0,015904923508080898;-0,0034685091176860808;0,001695697052184919;-0,0029118504047506155;-0,00023551778464522832;-0,0001672462601559066
0,016187617719069076;-0,0034474872764192893;0,0014601792675396907;-0,003079096664906522;0,0009636226376635304;-0,005593107317402479
0,01635383791386723;-0,0033586375530651013;0,002423801905203221;-0,008672203982309001;-0,0021848504343687514;0,00587032050810915
0,016396894242069124;-0,003211380659009326;0,00023895147083446977;-0,002801883474199851;0,0017570913598552312;0,0004400466565887551
0,01609306241097866;-0,002967171688745421;0,001996042830689701;-0,002361836817611096;-0,002764921258555597;0,0019987303788435162
0,0156771552409202;-0,002713404659648138;-0,0007688784278658961;-0,00036310643876757975;-0,0008645153415036619;-0,001226953744645376
0,015166774598157294;-0,002379795917323267;-0,001633393769369558;-0,0015900601834129557;-0,0009517828447252324;0,0035744048529889327
0,014641869697843686;-0,0020769423121130316;-0,0025851766140947904;0,001984344669575977;0,0015545561769832392;0,0026777769647712835
0,014053362390193561;-0,0018394244576775784;-0,0010306204371115513;0,0046621216343472605;0,0009072067295863018;-0,004861244863411329
0,013544228869326474;-0,0017053136678059169;-0,0001234137075252495;-0,00019912322906406876;-0,0021056361232080975;0,00027737511443742813
0,013221580213833278;-0,0016124276954187174;-0,002229049830733347;7,825188537335936e-05;0,0027431348486889467;-0,0001302285749418819
0,01289096662917752;-0,0015244782713325282;0,0005140850179555997;-5,197668956852253e-05;0,001083007808678843;0,0010786751742135614
0,012563483119936695;-0,0015256908404756725;0,0015970928266344428;0,0010266984846450389;-2,6052869707755832e-05;-0,002420912886247073
0,012233920543113128;-0,001506340008900593;0,001571039956926687;-0,0013942144016020341;-0,0018384178313647775;-0,0026408656135986086
0,011945425905675364;-0,0014231054642601356;-0,0002673778744380906;-0,004035080015200643;-0,002496649330600849;0,002848695145220237
0,011601162692173518;-0,001277029321342611;-0,0027640272050389394;-0,0011863848699804058;0,002630479326472184;0,0003972510648712624
0,011095496278063648;-0,0011416482934026098;-0,0001335478785667553;-0,0007891338051091434;0,000597694493604934;-5,842267530473122e-05
0,010542374469154561;-0,0011168283536641664;0,0004641466150381787;-0,0008475564804138747;-0,001055619893762419;-8,325931486305449e-05
0,009957687308041108;-0,001097350329068393;-0,0005914732787242402;-0,0009308157952769291;0,0008367297470526572;-5,4606231582321474e-05
0,0093390978877111;-0,0010593064398710926;0,00024525646832841697;-0,0009854220268592506;0,00047360466838340665;0,0008092701462451835
0,008683275835570015;-0,0010449214818227617;0,0007188611367118236;-0,00017615188061406717;0,0012385663601432104;0,0006043203691252219
0,00798803690235456;-0,001020726265041294;0,001957427496855034;0,00042816848851115474;0,00017107557614301147;-0,0006124004783571169
0,007285751893914542;-0,0009677766027913536;0,0021285030729980454;-0,00018423198984596212;-0,002855239920826506;-0,00046654928548689467
0,0066005936250149696;-0,0008365298406672117;-0,0007267368478284606;-0,0006507812753328568;0,002330013388326159;0,0001272484273273644
0,00590806607652156;-0,0006201429556231481;0,0016032765404976985;-0,0005235328480054924;0,001799007948138828;-0,0012577860032847166
0,005189507277014836;-0,0004328255444922228;0,0034022844886365264;-0,001781318851290209;-0,0034369380872297023;-0,00021252008248096033
0,004450007163587891;-0,0001813770717413896;-3,4653598593175836e-05;-0,0019938389337711693;0,0011158995647057319;0,0012586427375806744
0,0036392542961093386;0,00020616278055490464;0,001081245966112556;-0,0007351961961904949;-0,0012610244758393674;-0,0019361849184875296
0,0027487478712799394;0,0005923164889074719;-0,00017977850972681134;-0,0026713811146780245;0,0006847990442526292;-0,0015140423433499806
0,0018288335986029207;0,0010217200359045413;0,0005050205345258178;-0,004185423458028005;-0,0025782156514635272;-0,0033870278530400352
0,0008020640813387806;0,0014439324425125383;-0,0020731951169377094;-0,00757245131106804;-0,0008657674163265391;0,006516559637648911
-0,0003921223742464797;0,001886345670501568;-0,0029389625332642486;-0,0010558916734191293;0,0006596111306207617;0,002459498274805426
-0,0018892068822744617;0,0022458310938130895;-0,002279351402643487;0,0014036066013862966;0,0006840024761055816;0,002516560262310029
-0,0034285270572392084;0,0024877580157940406;-0,0015953489265379053;0,0039201668636963255;-0,0017698825291968048;0,004116296422004687
-0,004911702968148504;0,002638510881669253;-0,00336523145573471;0,008036463285701012;0,0008299198745617548;0,003599073416765297
-0,006238072204509946;0,002725449790482948;-0,0025353115811729554;0,01163553670246631;-0,002192409502247361;0,004931736561702843
-0,007242982909443347;0,0026777794410672556;-0,0047277210834203165;0,016567273264169152;0,0028156019190679407;-0,002598262766728532
-0,007782472146278097;0,0025286966284046447;-0,0019121191643523758;0,01396901049744062;-0,0002604578039686681;-0,004866592072453185
-0,00765927045254608;0,0021905049724052213;-0,002172576968321044;0,009102418424987435;0,0014650626028297094;-0,008313909700380442
-0,006977308338916438;0,0017758285498317024;-0,0007075143654913345;0,0007885087246069927;0,0009292360049458596;-0,0051419812070255255
-0,005931249488287299;0,0012742490485253422;0,00022172163945452517;-0,004353472482418533;0,001013752293064267;-0,006748980978180108
-0,00485365028867388;0,0007443689725993284;0,0012354739325187922;-0,01110245346059864;0,003217749832527244;-0,0007160074267555522
-0,003950189988357203;0,00022335776225149563;0,004453223765046036;-0,011818460887354193;-0,0033708502487040607;0,0005461441523778449
-0,003490827826464471;-0,00024823449079558544;0,0010823735163419754;-0,011272316734976348;0,0006579921903117035;0,0038719532427083925
-0,003504204100065907;-0,0005416977932408251;0,001740365706653679;-0,007400363492267956;-0,001949275706180682;0,0052063720184875595
-0,003968473043066397;-0,0007918661550323857;-0,000208909999527003;-0,002193991473780396;1,6252304383065214e-05;0,0035889892816833996
-0,004728756525757605;-0,0009724198885577991;-0,0001926576951439378;0,0013949978079030034;-0,000798024312386833;0,003277578546758142
-0,005576799667400029;-0,0011613300220642926;-0,0009906820075307708;0,004672576354661145;-0,00036599645605962447;0,000251432961187098
-0,006369042896726332;-0,0013579464633765436;-0,0013566784635903953;0,004924009315848243;0,0002720616159053585;-0,00014003918539579052
-0,006974383071866191;-0,0015941901849900256;-0,0010846168476850368;0,004783970130452453;0,001114113468072192;-0,004927689924830558
-0,007382762874372119;-0,0018847010451471234;2,9496620387155226e-05;-0,00014371979437810545;0,0016791600674136223;0,0009835972355569655
-0,007599783871659949;-0,0022185965792116224;0,0017086566878007775;0,0008398774411788601;-0,0016086766516721918;0,0008923110939521861
-0,007822553660722903;-0,0025513122484606353;9,998003612858575e-05;0,0017321885351310462;0,0016410129957492858;0,0010634156386737093
-0,008011728352138703;-0,002815681650197617;0,0017409930318778716;0,0027956041738047555;-0,001663353475343271;0,0007215669671422342
-0,008131615502149261;-0,003076051850489456;7,763955653460053e-05;0,0035171711409469897;0,0013445042999000734;0,0009849658301300246
-0,008139678485207628;-0,0032667823295061795;0,001422143856434674;0,004502136971077014;0,0006398658723266171;-0,0005185388294752513
-0,008007054622628117;-0,003454407226261519;0,002062009728761291;0,003983598141601763;-0,001639172248344145;-0,0032988885676648316
-0,007694345281205525;-0,0035851463687594717;0,00042283748041714586;0,0006847095739369313;0,0024072252623895674;-0,002773854987377533
-0,007222292014118862;-0,0036334051221069722;0,002830062742806713;-0,002089145413440602;-0,0022437800191947715;0,003697262928370887
-0,006722850364074722;-0,0036647503762377875;0,0005862827236119417;0,001608117514930285;0,001473819259203188;0,0011340445557214696
-0,006306974530568206;-0,003582893120656334;0,0020601019828151296;0,0027421620706517547;-0,0028641065998793874;-0,0007319802777762119
-0,005826773996464478;-0,003477584556130403;-0,0008040046170642579;0,0020101817928755428;0,0007638689191595965;-0,003875116298215728
-0,005236886979534681;-0,003289871912291867;-4,0135697904661316e-05;-0,001864934505340185;0,0016741711580402219;0,002406219736373838
-0,004566592690889861;-0,003134319453135901;0,0016340354601355606;0,000541285231033653;-0,002924345302706008;-3,134976046732796e-05
-0,003970895782458649;-0,0029803724218961216;-0,0012903098425704473;0,000509935470566325;0,004233946340318727;-0,0019649155947898816
-0,0033535474647860912;-0,0027610639722509193;0,0029436364977482796;-0,0014549801242235566;-0,0010450020033782662;-0,0013736841910184719
-0,00271580172829088;-0,0025933679163085356;0,0018986344943700134;-0,0028286643152420285;0,0011400870535986374;-0,0014873691271723305
-0,0021362551967646116;-0,0023079264004562203;0,003038721547968651;-0,004316033442414359;0,0007470415061372991;0,0016097507509713234
-0,0016698552378480239;-0,0019465395048291047;0,00378576305410595;-0,0027062826914430356;-0,004288011497264616;0,002857489811910946
-0,0013760966166280106;-0,0014636037472832428;-0,0005022484431586663;0,00015120712046791038;0,00030992775725272037;0,0004118816777971511
-0,0011905893030657187;-0,000829237467573143;-0,00019232068590594592;0,0005630887982650615;-0,0012391754594987987;0,0008396586709336854
-0,0009990337046847104;-0,00021496112558938986;-0,0014314961454047447;0,0014027474691987469;-0,00020632018996071672;-0,002581683197674156
-0,0007849545543730998;0,00039162238895812536;-0,0016378163353654614;-0,0011789357284754092;-0,0006995421233499596;-0,0007693855167461325
-0,0005147655052935391;0,0009409460576894509;-0,002337358458715421;-0,0019483212452215417;0,0002659368485296333;0,0003173282305463589
-0,0002917338853529949;0,001424757073006158;-0,0020714216101857877;-0,0016309930146751828;0,0010883884787243683;-0,0009644387718438113
-0,0001466351152213123;0,001815073749974248;-0,0009830331314614194;-0,002595431786518994;0,00036567481532175095;0,00018422739302207227
-6,677606567663703e-05;0,002122533562534907;-0,0006173583161396684;-0,002411204393496922;1,2294537467635869e-05;0,002702922576579497
-9,073428759272153e-05;0,0023906720498371088;-0,0006050637786720325;0,000291718183082575;-0,0008899481397591363;-0,001137905071462668
-0,0002111406852486829;0,0026341162044937238;-0,0014950119184311689;-0,0008461868883800931;0,003139408964579926;0,00033658800638092495
-0,0003198783555813413;0,002853357808003458;0,0016443970461487573;-0,0005095988819991681;-0,0028366980576841755;0,0017573363776112617
-0,0004624635014492034;0,003012798934775945;-0,0011923010115354182;0,0012477374956120935;0,0006881050517001247;0,0019418785230610625
-0,0006254326025970322;0,003238015943394382;-0,0005041959598352935;0,003189616018673156;0,0009815528954815744;-0,0023245255448557794
-0,0007384922039203773;0,003415540911551403;0,0004773569356462809;0,0008650904738173766;-0,0005785236620390599;-0,004782494969287537
-0,0007239671644967961;0,003572898041315012;-0,00010116672639277902;-0,003917404495470161;0,0023242989209779352;0,0018267989050274047
-0,0006748385061205199;0,003749349448504472;0,002223132194585156;-0,002090605590442756;-0,0019930621553799904;0,003310969621522431
-0,0007824060275630501;0,003921754186638221;0,00023007003920516578;0,0012203640310796751;-0,00017575701688167522;-0,0021405396413213956
-0,0009735977726232906;0,004183084212555376;5,4313022323490556e-05;-0,0009201756102417205;0,000472492895583862;-0,0027739265470149432
-0,001115974956440344;0,004453617040040738;0,0005268059179073525;-0,0036941021572566637;-0,0019118922537321448;0,0008965092809498434
-0,0012951591646670662;0,00472632238841904;-0,0013850863358247922;-0,0027975928763068203;0,0009638506164542926;0,002176528259987806
-0,0016221074591840552;0,005020099973513635;-0,00042123571937049964;-0,0006210646163190142;-0,0015256799866090742;0,0013860884811218305
-0,0020609594687533168;0,005258474105175239;-0,0019469157059795739;0,0007650238648028163;0,000641902799020877;-0,0018624983254624944
-0,002524654062975339;0,005479998808062023;-0,0013050129069586969;-0,0010974744606596781;-0,0008465985236818796;0,001312669176908754
-0,0029577477026052484;0,0056236468827096245;-0,0021516114306405765;0,00021519471624907582;-0,0007008550436840288;0,0031723797772717777
-0,003434740320661545;0,005715094441078877;-0,0028524664743246053;0,0033875744935208535;0,0010243127775374783;0,0008301714976040181
-0,0039031251500678786;0,005720477542222507;-0,001828153696787127;0,004217745991124872;-7,162458900716873e-05;-0,0033890497043247286
-0,004236006999733378;0,005611761984393154;-0,0018997782857942958;0,000828696286800143;0,0012560042361059037;-0,002730131951331191
-0,004400179009753883;0,005429920278692314;-0,000643774049688392;-0,0019014356645310482;-0,0017667191084616979;-0,0034192459914561407
-0,004531203168302382;0,005172087441559703;-0,00241049315815009;-0,005320681655987189;0,004519133552300977;0,0012323004833259127
-0,004738284753432123;0,004888503642439556;0,0021086403941508874;-0,004088381172661276;-0,0011374370736847994;0,0011178906148232304
-0,0051581936048013515;0,004508500116993406;0,000971203320466088;-0,002970490557838046;-0,0003856403673569986;0,0016034873098563218
-0,005741637703077031;0,004212842207313291;0,0005855629531090895;-0,001367003247981724;-0,00024706491744029557;0,004111339912169831
-0,006443901423666232;0,00395603243045182;0,0003384980356687939;0,0027443366641881073;-0,000717937387051934;0,0017171368993985081
-0,007200845274174702;0,003722645171714712;-0,0003794393513831401;0,004461473563586615;0,0005369034443668819;0,0012863769243874335
-0,007848015658115649;0,0035027978344043557;0,00015746409298374175;0,005747850487974049;0,0012647853440771878;-0,0009467239272835104
-0,00831672709951313;0,0032677729230386745;0,0014222494370609295;0,0048011265606905384;0,0002657199972286167;-0,002810260046207519
-0,008555524521391649;0,0030390465753923424;0,0016879694342895463;0,0019908665144830195;0,00027456655740443203;-0,0012028529574898972
-0,008602276880842547;0,0028672102052284478;0,0019625359916939783;0,0007880135569931224;-0,000488431963936109;0,0003460720892628222
-0,008569394579714123;0,0027628926124361347;0,0014741040277578693;0,0011340856462559445;0,000988709698110643;-0,004022747049509945
-0,008504991736305976;0,002737076459311581;0,0024628137258685123;-0,0028886614032540003;0,0013993599599524675;-0,0010487319001550865
-0,00839522546704759;0,002770224467297342;0,00386217368582098;-0,003937393303409087;-0,006418968030056718;-0,0005517230847423005
-0,008401005653919364;0,0029018850243178436;-0,0025567943442357383;-0,004489116388151387;0,00044897515920475084;0,00552434933462484
-0,008564281572927502;0,0031880325287711843;-0,0021078191850309874;0,0010352329464734522;0,0009590652741289091;-0,0008266022866036393
-0,008907122147461696;0,0033719082594550953;-0,0011487539109020783;0,00020863065986981288;-5,304576006809336e-05;0,0011133392878332482
-0,00920855340413695;0,0034714712227377673;-0,0012017996709701717;0,001321969947703061;-0,0003666188121473485;0,0014206866194436674
-0,009501639434417414;0,0035250840295843557;-0,0015684184831175202;0,0027426565671467285;-0,0007862845490017867;0,0020531002976236223
-0,009741846666789754;0,003530624849592137;-0,002354703032119307;0,004795756864770351;0,003143778397914257;0,004058404377788288
-0,009872347636476226;0,003473428930275218;0,0007890753657949501;0,008854161242558639;0,0005962105818565905;-0,0005921688120908708
-0,009811018331571882;0,003322044889673527;0,0013852859476515406;0,008261992430467768;-0,0005658958942919429;-0,004539595032821919
-0,009395522576965194;0,0032022238637036335;0,0008193900533595977;0,003722397397645849;-6,273687092417379e-05;-0,000537765010165836
-0,008649547125139795;0,0031378142756398014;0,0007566531824354239;0,003184632387480013;0,00033031690304954897;-0,004212288951871618
-0,007754675777408562;0,0031061802897103534;0,0010869700854849729;-0,0010276565643916047;-0,0001724404004157798;-0,0003514306852951121
-0,006732419134178129;0,0031048124310783225;0,0009145296850691931;-0,0013790872496867168;-0,0021828480704916553;-0,00029588111015475815
-0,005751268753523359;0,0031469233758656904;-0,0012683183854224622;-0,001674968359841475;0,0005571343080035401;-0,0035734936850417426
-0,004825281862856058;0,0032256155080558264;-0,0007111840774189221;-0,0052484620448832175;-0,00013133093110086203;0,002044109985296985
-0,003966293706582416;0,0032535749048290636;-0,0008425150085197841;-0,0032043520595862324;0,0007176735493798075;0,0006987309390346502
-0,003317244032104103;0,0032530869385055438;-0,00012484145913997657;-0,002505621120551582;0,0011910721188829326;-0,001031212701152237
-0,002796368440009239;0,0032188983718412327;0,001066230659742956;-0,003536833821703819;-0,0032686759823400274;0,001245535407973196
-0,002375717692736439;0,0031797161468113226;-0,0022024453225970714;-0,0022912984137306233;0,0027910522748243877;-0,0004632141393109829
-0,002096540298331791;0,0031831831481711308;0,0005886069522273163;-0,002754512553041606;-0,0017302094714609778;0,0014525031701732027
-0,0019090148404763683;0,003098552336627056;-0,0011416025192336615;-0,0013020093828684035;0,0002446624251364743;0,001537497553693569
-0,0018316698847426096;0,0030374658031720745;-0,0008969400940971872;0,0002354881708251655;0,0011827407747508206;-0,00039116167042204525
-0,0018064053043235872;0,0029307151689477455;0,0002858006806536334;-0,00015567349959687976;-0,0011125049950051757;0,004081523700603898
-0,0017717211970715583;0,00278808693095953;-0,0008267043143515423;0,003925850201007018;0,002322029040531269;0,0011160140869593098
-0,0017432640298034045;0,002656890720197459;0,0014953247261797267;0,005041864287966328;-0,0004345337181474729;-0,00016195856557706806
-0,0015577728544949698;0,0024926263368613265;0,0010607910080322538;0,00487990572238926;0,0016714240601160835;-0,003664849971538209
-0,0011706071076678821;0,0023881749425723833;0,0027322150681483373;0,001215055750851051;-0,001317165564093635;-0,002243885942522719
-0,0005882451319452241;0,0023261551886047302;0,0014150495040547023;-0,0010288301916716678;-4,867640388186989e-05;-0,00032001738449513595
4,271907381147601e-05;0,0023734240373630105;0,0013663731001728324;-0,0013488475761668037;8,161115047641138e-05;-0,0007048210136295554
0,0006325300719013094;0,002477294866283479;0,0014479842506492438;-0,002053668589796359;-0,00289354596514773;0,00039810622545720376
0,0011683871669444707;0,002635820619210861;-0,0014455617144984861;-0,0016555623643391554;0,0019764753798649365;-0,0011743319807463945
0,0016220975183957776;0,0028522657421642126;0,0005309136653664503;-0,00282989434508555;-0,0020884497385356277;-0,0006759699258397645
0,0020095853752735184;0,003010888396537624;-0,0015575360731691773;-0,0035058642709253143;-0,0003799036701193359;0,001579342469970102
0,002283877458347837;0,0031907475975256946;-0,0019374397432885132;-0,0019265218009552124;0,0011757607132898557;0,0011604177008735783
0,002417934970585143;0,0033083053555869974;-0,0007616790299986576;-0,000766104100081634;-0,0024831571141109288;0,0027943505957441148
0,0024749316107842406;0,0033483655239167597;-0,0032448361441095863;0,0020282464956624807;0,002421030088830753;-0,004037000035607155
0,0025012840869800728;0,003357958531046576;-0,0008238060552788334;-0,0020087535399446743;0,0011396480135705683;0,0016602345910574773
0,0026087664230024046;0,0032377580924120085;0,0003158419582917349;-0,00034851894888719703;0,00020639060316757218;-0,0001797472976854675
0,0026358986174269488;0,003084605411566288;0,0005222325614593071;-0,0005282662465726645;0,0012470376798129484;-0,0018490574374767088
0,0026490900538960055;0,002944086409052237;0,0017692702412722555;-0,0023773236840493733;-0,0020430913069932194;-0,0006766775988405679
0,0026411508405021554;0,002824456708996558;-0,0002738210657209639;-0,0030540012828899413;0,0027516827929913723;-0,0044203297511103135
0,0025381186797463306;0,002775597818591769;0,0024778617272704084;-0,007474331034000255;-0,0015894268343282364;0,0031228974664506137
0,0023129264676749082;0,0027157860855581417;0,000888434892942172;-0,004351433567549641;-0,0008204223008283218;-8,4002398129078e-06
0,0017887610142434754;0,002755088821615331;6,801259211385025e-05;-0,004359833807362549;-0,001981143600810295;0,001588047562542473
0,001090538218110057;0,002829928953390207;-0,0019131310086964448;-0,0027717862448200757;0,0015968013360278949;0,0011919513153806072
0,00021792206968213675;0,0029074895888496367;-0,00031632967266854994;-0,0015798349294394685;-0,0016362058138614105;0,0022945577322857555
-0,0007655655285385867;0,002908524983961209;-0,0019525354865299605;0,000714722802846287;-0,00034254586771423345;-0,0016041653522140993
-0,0018122465239368889;0,002896907192166039;-0,002295081354244194;-0,0008894425493678124;0,0014906171486733927;-0,0022177480040026162
-0,002830338607221339;0,002807187980909671;-0,0008044642055708012;-0,0031071905533704286;-2,298158710631326e-05;0,0013672361234932234
-0,0038840083924805025;0,002625665515483535;-0,0008274457926771145;-0,0017399544298772052;0,0015912884452646825;0,0010268398865590223
-0,005061965799874483;0,0024119644818345666;0,000763842652587568;-0,0007131145433181829;-0,0008279092325931756;0,0037275231253636465
-0,0063095213844635515;0,0021651656164785138;-6,406658000560755e-05;0,0030144085820454636;-0,00034714974304491525;-0,0023151384605890335
-0,007585601550785347;0,001948920457225964;-0,0004112163230505228;0,0006992701214564301;0,003035788954813448;0,0020747641297548247
-0,008741105373825324;0,0017301126347731898;0,0026245726317629253;0,002774034251211255;-0,0019298725457099694;-0,0011645464400812655
-0,009868638392007044;0,0014948561593983944;0,0006947000860529559;0,0016094878111299893;-0,0009381071819461496;0,004201313250343536
-0,010885210040140314;0,0013645825892941164;-0,00024340709589319373;0,005810801061473525;0,00017844840646060248;-0,001206718304045784
-0,011837402175828385;0,0012620970226319564;-6,495868943259125e-05;0,004604082757427741;0,0009842245022787383;0,0005630714901526113
-0,012557162269057514;0,0011498751721340688;0,000919265812846147;0,005167154247580352;0,0009935312185234482;-0,0025235316390020968
-0,013092759051989533;0,0010350549740588775;0,0019127970313695952;0,0026436226085782555;0,00028517562156654686;0,0006969143473656292
-0,01342166966501834;0,000957005408497532;0,002197972652936142;0,0033405369559438847;-0,002674005637614423;0,003135064952897393
-0,013644835373704015;0,0009554677241909704;-0,0004760329846782811;0,0064756019088412775;0,0026288158957840577;-0,0022128794409849717
-0,013734379604151935;0,0010418489460018545;0,0021527829111057765;0,004262722467856306;0,0009373507650132229;-0,0003832360340048635
-0,013564899758246202;0,0011091888484256072;0,0030901336761189994;0,0038794864338514423;-0,0023274295949595146;-0,0030854978913105735
-0,01322491101362622;0,001262640067293591;0,0007627040811594848;0,0007939885425408688;0,0001756867097430087;0,002100798751113242
-0,012729742811652178;0,0015396966332063351;0,0009383907909024936;0,002894787293654111;-0,0025499222594499923;0,002015252714307969
-0,012202815067976503;0,0018472613623654582;-0,0016115314685474988;0,00491004000796208;-0,0015460387042956839;-0,002756040498395923
-0,011560095832554662;0,0021923617231606814;-0,0031575701728431826;0,002153999509566157;-0,0037798731139290567;-0,0009457858611837122
-0,010720974996814339;0,0024730008252140043;-0,006937443286772239;0,0012082136483824446;-0,0017110170624221668;0,0001272525039529293
-0,009795694180691369;0,0026273371203536;-0,008648460349194406;0,001335466152335374;0,0014616367788379478;0,001258900991061379
-0,008822084818633101;0,0025041756840223062;-0,007186823570356458;0,002594367143396753;7,151679640817268e-05;0,0015392382879133304
-0,007795056810481419;0,002035075833723236;-0,007115306773948286;0,004133605431310083;0,0036197192655655665;-0,0034786226406365583
-0,006664254116593866;0,0012785030406099076;-0,0034955875083827193;0,000654982790673525;0,004542220268983061;0,003275939502556377
-0,00536810720545391;0,00023731797653864784;0,0010466327606003419;0,003930922293229902;0,002766212608686768;-0,0011908438450884407
-0,004045760982687013;-0,0009436905878679209;0,00381284536928711;0,0027400784481414614;0,004882291951231681;-0,0022040251972550162
-0,0025661778681909204;-0,0020828338418504757;0,00869513732051879;0,0005360532508864452;-0,0010327221955729257;-0,001825496597182688
-0,0009769916157691687;-0,003069463281061546;0,007662415124945865;-0,001289443346296243;-0,0019474677008500668;-0,004236734037749386
0,0006336367666880407;-0,0037082872274518653;0,005714947424095798;-0,005526177384045629;0,00018137024185745088;-0,003229386418820576
0,0021926874152934004;-0,00404061456884435;0,005896317665953249;-0,008755563802866205;-0,0036822157559059793;0,0015170320680427327
0,003530690968536935;-0,004144344013273002;0,0022141019100472698;-0,007238531734823472;-0,0002200121399553584;0,001173660462327683
0,004518471969665821;-0,004012220751063524;0,0019940897700919114;-0,006064871272495789;-0,0019546251718209617;0,0011964301836627084
0,005216711701401769;-0,0037915334124521563;3,9464598270949613e-05;-0,004868441088833081;0,0019399525989145516;-0,000395460877848669
0,005672356582237885;-0,0034910824830371116;0,0019794171971855012;-0,00526390196668175;-0,0004961070053263461;-1,0604983876616458e-05
0,005933263819520676;-0,0031890529696912287;0,0014833101918591551;-0,005274506950558366;-0,000511471918776249;0,003054376290860472
0,005983614978136199;-0,0028078467684579255;0,0009718382730829062;-0,0022201306596978942;0,0003693556869457937;0,002837024114950043
0,005822985858729387;-0,0023673081595502565;0,0013411939600286998;0,0006168934552521488;-0,002241250914440062;-0,0006741387726807435
0,0055735515129346595;-0,0018878960197192712;-0,0009000569544113622;-5,724531742859473e-05;0,0011862244733924047;-0,005099840080367221
0,005348792905350018;-0,001354836121487138;0,00028616751898104253;-0,005157085397795816;-0,003848103235597403;0,001478879930534291
0,005121744485068231;-0,0008577785014314592;-0,0035619357166163605;-0,003678205467261525;0,0014998845062794454;0,0020912401791290947
0,004688412648874613;-0,00034927418061653866;-0,002062051210336915;-0,0015869652881324303;-0,0008975992401683642;-0,000175372584873823
0,004107952593990534;1,6752711533727423e-05;-0,002959650450505279;-0,0017623378730062533;0,00019774226727435965;-0,0016214514234067084
0,0034640139275811574;0,0003002975552705169;-0,0027619081832309196;-0,0033837892964129618;0,0011183534774741348;-0,00021389841661552736
0,0027495817462515307;0,0004654563809870952;-0,0016435547057567848;-0,003597687713028489;0,0014848230501254053;0,004543190953117195
0,0018997979930653853;0,0005201388793744367;-0,00015873165563137955;0,0009455032400887062;0,0003217273069001658;0,0032933531820188017
0,0009061067313581005;0,0005090791895315069;0,00016299565126878628;0,004238856422107508;-0,0012484545423552401;-0,0021208255602340187
-4,9764400745635996e-05;0,0004916702334633218;-0,0010854588910864538;0,002118030861873489;0,002086081122807037;-0,0017492199755995731
-0,0008360812759650722;0,00048078110344588825;0,0010006222317205833;0,00036881088627391603;8,679393332039313e-05;0,0007023001401537769
-0,001537676916709569;0,00042647361778499647;0,0010874161650409764;0,001071111026427693;0,00025360486110294;0,0025567678484581455
-0,002224520122003109;0,0004121910213929281;0,0013410210261439164;0,0036278788748858384;-0,0016185069013000299;-0,002872354648813004
-0,0028685188862395414;0,00044140507160249874;-0,00027748587515611343;0,0007555242260728345;-0,00034940049714833957;-0,0012438036795161395
-0,00336740249548054;0,000524259962857826;-0,000626886372304453;-0,0004882794534433049;0,0024572551534506656;0,0012181510695162268
-0,003836065135678625;0,0005960154191069088;0,0018303687811462126;0,0007298716160729218;-0,0036284814006884887;0,001712457860621977
-0,004324258954014443;0,0006426954204638135;-0,0017981126195422761;0,002442329476694899;6,214303598205129e-05;2,6571121580609702e-05
-0,004783257907707343;0,0007625901730665666;-0,0017359695835602248;0,0024689005982755086;0,0018242758342204846;-0,0041233875605005965
-0,005144563682332448;0,0008105604208876287;8,830625066025971e-05;-0,001654486962225088;-0,0003598979731227782;0,0022195232636048057
-0,005407113433026533;0,0007890918853662818;-0,0002715917224625185;0,0005650363013797177;0,0014940439365278245;-0,001732976888186022
-0,00573584266220962;0,0007711555998713452;0,001222452214065306;-0,0011679405868063042;-0,0010832196079305217;-0,0001900173002302441
-0,00604197043933752;0,0007423556454779081;0,00013923260613478428;-0,0013579578870365483;0,00025129291302616527;-6,222465411903633e-06
-0,006394815839937671;0,0007624537796470831;0,00039052551916094955;-0,001364180352448452;0,0021883834592924672;0,001329529698115256
-0,006801979556019284;0,0007881212180616494;0,002578908978453417;-3,465065433319592e-05;-0,0008872168815671939;0,0037533067681903565
-0,007263710486198835;0,0008294096772426537;0,0016916920968862229;0,0037186561138571606;-0,0021486425164712955;-0,0040730380942116395
-0,007726827442551714;0,0009738544955617949;-0,00045695041958507265;-0,000354381980354479;-8,859261348985459e-05;0,0039665142040900825
-0,008041198154350308;0,0011859669977563848;-0,0005455430330749272;0,0036121322237356035;0,002642513511837162;-0,001342282520633592
-0,00836974414536308;0,0013798014831675717;0,002096970478762235;0,0022698497031020115;-0,003874327891147361;0,002495153637505104
-0,008553804847426428;0,0015518142472557618;-0,0017773574123851263;0,004765003340607116;-0,00045816378955696596;0,0006720104031109619
-0,008647071561365694;0,001807705830494441;-0,0022355212019420923;0,005437013743718078;-0,0007718335553102834;-0,005613356512177592
-0,008549738141680677;0,0019925031172377153;-0,0030073547572523757;-0,00017634276845951424;0,0016892142946656127;0,0023547570135922513
-0,008234924172246937;0,002087879555903306;-0,001318140462586763;0,002178414245132737;-0,0005645095926816932;-0,004323915046562071
-0,007927163913551577;0,0020629618042788014;-0,001882650055268456;-0,002145500801429334;-0,005758417765587706;-0,0015922399817393795
-0,007532267085050908;0,0019853184341508266;-0,007641067820856162;-0,0037377407831687137;0,006001704772065783;-0,00253340952446493
-0,007223190288607412;0,0018323690618121133;-0,0016393630487903793;-0,006271150307633644;-6,39656053935296e-05;0,0007794729228672859
-0,0070636231234906645;0,0013737769766391536;-0,001703328654183909;-0,005491677384766358;0,0006214323680904452;0,006330334612777794
-0,007154901970679263;0,0008496103695145788;-0,0010818962860934637;0,0008386572280114357;0,0009605053303029139;-6,361528361342739e-05
-0,007465847913258515;0,0002573106162226476;-0,00012139095579054987;0,0007750419443980083;0,001203329883019185;0,002592978838216714
-0,007743247566717311;-0,00037826498851302215;0,0010819389272286352;0,0033680207826147224;0,001867959375486991;0,004158056090118295
-0,007989645542400186;-0,001018696231480314;0,0029498983027156263;0,007526076872733017;-0,0017041721480935378;0,0022982404334671858
-0,008101322686778472;-0,0016158499173584604;0,0012457261546220885;0,009824317306200203;0,0015762866098638778;-0,002796499900929672
-0,007911956756247437;-0,0020950076711279816;0,0028220127644859663;0,007027817405270531;-0,00026603585406210356;-0,005535513618707882
-0,007329618133468394;-0,0025243363787126197;0,0025559769104238628;0,0014923037865626487;-0,0002458431668573291;-0,003372969230450343
-0,00646616681447853;-0,0028407845757178183;0,0023101337435665337;-0,001880665443887694;-0,0006530027541442884;-0,0026250704218719056
-0,00554302334402616;-0,003054993696306063;0,0016571309894222452;-0,0045057358657596;0,0003025256176870106;-0,0009101134339172395
-0,004695106491329298;-0,0031767974671516467;0,001959656607109256;-0,005415849299676839;-0,0017569783634229785;0,0010379278850548707
-0,004027419073262819;-0,00323231599842034;0,0002026782436862773;-0,004377921414621969;0,0008327237135566656;0,0005559130814410534
-0,003576365627183415;-0,003209448265404663;0,001035401957242943;-0,003822008333180915;-0,00033737871113989626;0,0018329953096608842
-0,003300429037688889;-0,003178473402641535;0,0006980232461030467;-0,001989013023520031;-0,0011159070492444967;0,0037962478282022732
-0,0031773727815215995;-0,0031060824615886896;-0,00041788380314145;0,0018072348046822423;-0,0003887202523979172;0,0031763787653103503
-0,0031338770462951116;-0,003005770590691722;-0,0008066040555393672;0,004983613569992593;-0,001424364010733939;0,0024288777472128084
-0,003018091918881334;-0,002922174071920413;-0,002230968066273306;0,007412491317205401;0,0018586433433052524;-0,0010195368571665753
-0,0027029622486678525;-0,002870841715370678;-0,00037232472296805375;0,006392954460038826;0,0005440270399567071;-0,005276301106369792
-0,0020913329257661547;-0,0029087480814718753;0,00017170231698865335;0,0011166533536690337;3,073827627418646e-05;3,1891471788531023e-06
-0,0012239854244629042;-0,002961547436491795;0,0002024405932628398;0,0011198425008478868;0,0017791999577494444;-0,004206905755839884
-0,0003119717890128924;-0,0030074786988321684;0,001981640551012284;-0,0030870632549919973;-1,7130534199258363e-05;-0,002614174315113356
0,0006448355464710349;-0,0030453123374420284;0,001964510016813026;-0,005701237570105353;-0,00023099009132201975;-0,0009809112778086208
0,0014781603517552825;-0,0030038803540113966;0,001733519925491006;-0,006682148847913974;-0,00047735860341566183;-0,00018192349649095996
0,002083435654235316;-0,002883867969908244;0,0012561613220753443;-0,006864072344404934;0,000286807923175994;0,004511538432752635
0,0024214250027987903;-0,0026945147887854513;0,0015429692452513383;-0,002352533911652299;-0,0014996811522582226;0,0018513509706979195
0,0024848514575860673;-0,002454915154779645;4,3288092993115646e-05;-0,0005011829409543797;-0,0013658467254630477;0,004756307261593928
0,0024541765559072523;-0,002153596750963785;-0,001322558632469932;0,004255124320639549;-7,06902072907592e-05;-0,0007934350584193686
0,0024034543365902624;-0,0018505468234282002;-0,0013932488397606912;0,00346168926222018;0,0013861511335210887;-0,0017674700339651572
0,002522937090098854;-0,001600399241191413;-7,097706239602569e-06;0,0016942192282550228;-0,0007800413924749575;-0,0004350455604834186
0,002780887414096253;-0,001405981612545053;-0,00078713909871456;0,0012591736677716042;-0,0011148197438186243;-0,002803872129872695
0,003106606507223853;-0,0012118478921482774;-0,0019019588425331843;-0,0015446984621010906;0,00042021517955915383;-0,001137315544475881
0,0034826925470623172;-0,0010491997357000842;-0,0014817436629740305;-0,0026820140065769715;-0,0003334341779161129;-0,0025087382821447762
0,003796990648416738;-0,0009626299329532183;-0,0018151778408901434;-0,005190752288721748;0,0017338227025192575;0,0006932677131490789
0,004004008189508079;-0,0009353298767253136;-8,13551383708859e-05;-0,004497484575572669;0,0001215966287309439;0,0009370794114010317
0,004003395639050551;-0,0009806369341330147;4,0241490360058e-05;-0,003560405164171637;-0,000367875415684657;-0,00031557177307690865
0,0038228837055701162;-0,0010291981970755512;-0,000327633925324599;-0,003875976937248546;0,0019159829088819663;0,0011999501050129618
0,0034999555655228155;-0,0010761498004036854;0,0015883489835573673;-0,002676026832235584;-0,0006600557020701725;0,0038799836040555175
0,0030219883479855733;-0,0011362067607448036;0,0009282932814871948;0,0012039567718199334;0,003956621641128331;0,00045293392501902924
0,0024369800571589074;-0,001132729761743627;0,004884914922615526;0,0016568906968389627;-0,003007120659893704;0,001251891190943221
0,001900130037205039;-0,0010921210314829627;0,001877794262721822;0,0029087818877821837;0,0007311097040471476;0,0006176865530504068
0,0014295556451247291;-0,0008561157043176773;0,0026089039667689697;0,0035264684408325905;0,00010220426710201222;0,0009464070389464674
0,0010753325285557066;-0,000544998606643519;0,002711108233870982;0,004472875479779058;-0,002339903733771782;-0,0004342546949558379
0,0008621681496199876;-0,00012952535029860202;0,0003712045000991999;0,00403862078482322;0,0015850645347593381;-0,003465362689118689
0,0008279187898754311;0,00039439223540115427;0,001956269034858538;0,0005732580957045312;-0,004739362601122265;8,85152525071202e-05
0,0009552142615238033;0,0009331580011048786;-0,0027830935662637273;0,0006617733482116514;0,0024912505401644656;0,0009140067845038111
0,0011054400570003568;0,0015501745282029444;-0,0002918430260992616;0,0015757801327154625;-0,0024171331679205127;-0,00247855290723413
0,0012821367864053763;0,0020558673126504614;-0,0027089761940197743;-0,0009027727745186676;-0,0006457319019880225;-0,0014110973122853573
0,0015218647211190143;0,0025498863760540073;-0,003354708096007797;-0,002313870086804025;0,0027647060447853478;1,4165649071841424e-05
0,0017254817448519055;0,002935546391696763;-0,0005900020512224491;-0,0022997044377321835;-0,0012851075607937246;0,0016420596813890229
0,0018365439651126358;0,0031870180834992065;-0,0018751096120161737;-0,0006576447563431606;0,0011828850191788753;0,0018382316664260767
0,0018556180078640788;0,003414889693252752;-0,0006922245928372983;0,001180586910082916;-0,00019098609604195627;-0,0013862747609387216
0,0018483862603617953;0,00356775691852565;-0,0008832106888792546;-0,0002056878508558055;0,00045357296305229;0,0018819033834429622
0,0018883779892628287;0,003692935160085057;-0,0004296377258269646;0,0016762155325871567;0,00011697119543270518;0,002624144876869003
0,0019201422041296295;0,003782784974089293;-0,0003126665303942594;0,0043003604094561595;0,00037571458056681606;-0,0002520012763789145
0,002018955040299917;0,0038554492790604513;6,304805017255666e-05;0,004048359133077245;-0,0005483328276464222;-0,0033762379610936186
0,0022897822928484505;0,003915606922815839;-0,00048528477747386556;0,0006721211719836265;0,0014392263272525185;-0,001739899057004994
0,002722543910720074;0,003978286488578129;0,000953941549778653;-0,0010677778850213676;-0,0032597893029966546;-0,003911823731434533
0,0031821903754710424;0,004021554663241464;-0,0023058477532180016;-0,0049796016164559;0,0023709286190077145;0,0023009802676566965
0,003599125724821156;0,004102980499895945;6,508086578971284e-05;-0,002678621348799204;0,0011908830783352725;-0,001487295370433156
0,0038168770095130342;0,004092172426421706;0,0012559639441249854;-0,00416591671923236;-0,0035406291265598216;0,0024975398883247263
0,003927483440252943;0,004083967587579056;-0,0022846651824348363;-0,0016683768309076336;0,000123578179135872;0,0007847554891616537
0,0038714532022235586;0,004126001306501405;-0,0021610870032989643;-0,0008836213417459798;-0,0001225831362063473;-0,0006372687573919789
0,003748687890957869;0,00407664841812636;-0,0022836701395053116;-0,0015208900991379587;-0,000270537106681748;0,004775120491522428
0,003590577726022339;0,003940852049619357;-0,0025542072461870596;0,003254230392384469;0,0005749766372077775;-0,0030141916478060443
0,003371631957121292;0,003713708875532142;-0,001979230608979282;0,00024003874457842467;0,000670980788597994;9,016539949205371e-05
0,0032828554039156226;0,003384397411597444;-0,0013082498203812881;0,0003302041440704784;0,0018138568124758045;-0,001257232148093007
0,003203680400493091;0,002975916723303575;0,0005056069920945164;-0,0009270280040225287;0,0014623439021601362;0,001009151339741804
0,003137713562833378;0,0025151060421944546;0,0019679508942546525;8,212333571927521e-05;-0,002327912282795719;-0,0008662295806313447
0,003034665605012764;0,0020745196407691143;-0,0003599613885410663;-0,0007841062449120695;0,003170657292555671;-0,00170905971604203
0,0029349025806209212;0,0017126512751139606;0,0028106959040146047;-0,0024931659609540996;-0,00414140181326373;0,0025400947599022033
0,0028037753064325955;0,001336384453917164;-0,0013307059092491254;4,6928798948103756e-05;0,0031199003391693837;0,000534662992753468
0,002572921393806106;0,0010725454688809517;0,0017891944299202583;0,0005815917917015717;-0,001885723959364257;-0,0007211969929250203
0,0023439446331375404;0,0007554782474747744;-9,652952944399877e-05;-0,0001396052012234486;-0,00271864164994768;-0,0018059904231003607
0,0021382315441370375;0,0005099788032654074;-0,0028151711793916786;-0,0019455956243238093;0,002123350773094909;0,002451796326250262
0,001926934247087597;0,00026061817787828047;-0,0006918204062967698;0,0005062007019264528;0,0013647844758073596;0,000767416995121905
0,001637813125065204;-0,00010134929468451364;0,0006729640695105898;0,0012736176970483577;0,0012094932192775205;-0,00013821446936803164
0,0013689400311198692;-0,0004909895834991785;0,0018824572887881103;0,001135403227680326;-0,002050546705386869;-0,001921219755331903
0,0011510116450564685;-0,0008537113095334198;-0,0001680894165987587;-0,0007858165276515769;0,001447606892800466;-0,0010590781686130191
0,000978499388100281;-0,0011411347440161367;0,0012795174762017074;-0,001844894696264596;0,0007846753305706423;0,0036703481273445233
0,0007745544700380304;-0,0014352817551628039;0,0020641928067723497;0,0018254534310799273;0,002618877340259486;0,0003296766064395922
0,000496813764125196;-0,0016782480672614029;0,004683070147031836;0,0021551300375195195;-0,002847565312361626;-0,0008652481463136633
0,0002920911954555586;-0,001838646667089108;0,0018355048346702096;0,0012898818912058562;-0,0022954979033760273;-0,002446668930270124
0,00017357382828670203;-0,0018117224610355394;-0,00045999306870581763;-0,0011567870390642677;0,0005018888182776807;0,0005558828462158107
0,00010665173676607971;-0,0017113780615951623;4,189574957186304e-05;-0,000600904192848457;-0,000584093726130698;0,0026323943089700324
-6,541836317113317e-06;-0,0016294333849030183;-0,000542197976558835;0,0020314901161215754;0,0006032004793027901;-0,0013474139228474595
-0,00014377157711424463;-0,0015458128782279996;6,100250274395508e-05;0,0006840761932741159;-0,0020805397261563427;-0,0019503715437682806
-0,00019974171326651293;-0,0014838802906153342;-0,0020195372234123876;-0,0012662953504941647;0,00018942809154940538;-0,0008107120601250914
-0,00022834880168781657;-0,0014195076028929107;-0,0018301091318629822;-0,002077007410619256;0,0016731986113313266;0,0018078456344027532
-0,0003076077041288868;-0,0014359164041069827;-0,00015691052053165566;-0,00026916177621650293;0,0011726797105492542;-0,001170442731371379
-0,00046994690299472733;-0,0015255295705955741;0,0010157691900175986;-0,001439604507587882;-0,0020627872794474894;-0,0012381399163853384
-0,000643052572909228;-0,0016214191579054316;-0,0010470180894298908;-0,0026777444239732204;0,0009460212178025451;0,0008049360397695444
-0,0008737424231272438;-0,001676677977614585;-0,00010099687162734572;-0,001872808384203676;-0,0010732236690611102;-0,0011352509656187594
-0,0012115420503041885;-0,0017738175209009344;-0,001174220540688456;-0,0030080593498224353;0,002106516257288936;0,003738403903543158
-0,0016242540128492803;-0,0018749969390523774;0,00093229571660048;0,0007303445537207229;0,0008734596223597332;-0,0019398718557730732
-0,0021572883493872694;-0,0020231451788313586;0,0018057553389602132;-0,0012095273020523503;-0,001190328341066818;0,0025473395853315497
-0,0026611089037764297;-0,002134001589946321;0,0006154269978933952;0,0013378122832791994;0,0026699190222436095;0,0009099279696146295
-0,003213310550247684;-0,0021726277875028744;0,0032853460201370047;0,002247740252893829;-0,002408551489540438;-0,0007750320671963684
-0,0037119997053877704;-0,0021866369051436923;0,0008767945305965669;0,0014727081856974605;0,001799003810678594;0,003854258179482789
-0,004120779250412103;-0,0020692321819790298;0,002675798341275161;0,00532696636518025;-0,003891344746974959;-0,0005823650385660545
-0,004470650468008538;-0,0019167556775905046;-0,001215546405699798;0,004744601326614195;0,001963250397758815;-0,0017071949687818416
-0,004607443030997763;-0,001657247239550973;0,0007477039920590171;0,0030374063578323535;-0,0010705961792914984;-0,001542688142303017
-0,00455445154092242;-0,0014463606577394333;-0,0003228921872324812;0,0014947182155293365;-0,0019484849699334776;-4,667586583466388e-05
-0,004379963796533782;-0,001205565916245533;-0,002271377157165959;0,0014480423496946726;0,0012434649821253911;-0,0040294120605774975
-0,004145687323523972;-0,000977686862240932;-0,0010279121750405677;-0,002581369710882825;-0,00014340689613957097;-0,0031800727902479425
-0,003853489156526374;-0,0008406628945229693;-0,0011713190711801387;-0,005761442501130767;0,0024419613098623123;-0,002440591094167263
-0,0036645457779640894;-0,0007447554138066292;0,0012706422386821736;-0,00820203359529803;-0,00211115816496963;0,004534606612792133
-0,0037060600994470354;-0,0006957006959374949;-0,0008405159262874565;-0,0036674269825058975;1,0325851344143017e-05;0,0014699497754822877
-0,004075655764741903;-0,0005958202885210734;-0,0008301900749433135;-0,00219747720702361;0,001278984322368686;-0,00019689657894074453
-0,004591948509337006;-0,0005295605181561502;0,0004487942474253725;-0,0023943737859643544;3,890657372279324e-05;0,004124508234120555
-0,005196140342213054;-0,0004965083507889596;0,0004877008211481657;0,0017301344481562009;-0,000583903661251218;0,0006754141431539185
-0,005896107126527676;-0,00044550441352475415;-9,620284010305232e-05;0,0024055485913101193;-0,0007218403468243813;0,003314253290700342
-0,00652686853291605;-0,000374992443414622;-0,0008180431869274337;0,005719801882010461;6,758618921456905e-05;-0,0010958020908948818
-0,007061407995652018;-0,00030832858690861195;-0,0007504569977128646;0,0046239997911155795;0,0011301352234523816;-0,0017479672204551433
-0,007367155383107569;-0,00027438645787969927;0,00037967822573951697;0,002876032570660436;0,0007457995596103929;-0,0020311823660001116
-0,007487942778918497;-0,0002704626087593012;0,0011254777853499098;0,0008448502046603246;-0,00044936821751402926;-0,00042608394895563007
-0,0074936888719030065;-0,0002513516306093224;0,0006761095678358806;0,0004187662557046945;-0,00032333372262906626;0,0008524280352024405
-0,007465640956701103;-0,0001872215410453472;0,0003527758452068143;0,001271194290907135;-0,0002379033774696053;-0,0004555866122231689
-0,0074208423912710125;-9,604706876793679e-05;0,00011487246773720901;0,0008156076786839661;0,0007381251021080868;0,000189444463155497
-0,007325196054204636;9,238437317746183e-06;0,0008529975698452958;0,0010050521418394631;-0,0008934389339532796;0,0018061708717989622
-0,0071969254099909005;0,00011911884211291753;-4,044136410798378e-05;0,0028112230136384253;-0,00044299053973871193;0,0019159510839589777
-0,007028452680103587;0,0002631191497019007;-0,0004834319038466957;0,004727174097597403;0,0020339737416121785;-0,00521400165369712
-0,006747531029670737;0,00040550180272656453;0,0015505418377654828;-0,00048682755609971706;-0,003258783039477726;0,001038617394726632
-0,00627752241533399;0,0005285471795973605;-0,0017082412017122434;0,0005517898386269149;0,0017299604876746116;0,0030936216554036666
-0,005826986903241233;0,0007136142299787758;2,1719285962368273e-05;0,0036454114940305815;-5,085898581278295e-05;-0,0014975615573460388
-0,005354379797603398;0,0008303516322917013;-2,9139699850414674e-05;0,0021478499366845427;4,625219088242802e-05;-0,0018351583296818547
-0,00473595623220434;0,0009479578060431217;1,7112491032013344e-05;0,00031269160700268805;-0,0004899901492410666;-0,002893641920467885
-0,004031618669337901;0,0010643983918005254;-0,00047287765820905325;-0,0025809503134651968;-0,0036907772126589487;0,003720241327972225
-0,003314773442191354;0,0011815234771992097;-0,004163654870868002;0,0011392910145070281;0,0036742836794782553;-0,00041507571863538817
-0,002701166227583415;0,0012797334562695316;-0,0004893711913897467;0,00072421529587164;0,00036833419805959097;-0,0022060498606603987
-0,0020419873723951944;0,0012113972405051337;-0,00012103699333015569;-0,0014818345647887587;0,00015958856652194958;-0,002368032313580671
-0,0013538399053721088;0,001123486177085146;3,855157319179389e-05;-0,0038498668783694297;-0,001127008698137609;-0,0005236712874304838
-0,0007249658209405732;0,001030733633931952;-0,0010884571249458151;-0,0043735381657999135;-0,0004998196667646802;0,0012917863503614443
-0,00025008641164381496;0,0009395231537064296;-0,0015882767917104954;-0,003081751815438469;0,00298493246971355;0,0020387975651365194
4,985147102094681e-05;0,0008047743884830747;0,0013966556780030549;-0,0010429542503019498;-0,0009254032908650196;0,0012343426591854
0,00022651928106816983;0,0006064945515912999;0,0004712523871380353;0,00019138840888345034;0,000329190739226228;-0,0009498851256285971
0,0003614689211033148;0,0004640809418196474;0,0008004431263642633;-0,0007584967167451467;-0,00038637666951835646;-0,001202762976367188
0,0005040740974937978;0,00034051742753351627;0,00041406645684590685;-0,001961259693112335;-8,589093289495045e-05;0,002544103032783074
0,000616339405214475;0,0002489716383019557;0,0003281755239509564;0,000582843339670739;0,0010366304756988438;0,0010680001168351938
0,0006501543252106588;0,00017398850734423138;0,0013648059996498002;0,0016508434565059328;-0,0016585653633624988;0,0010205159514603823
0,000707282978793672;0,00011213239734454532;-0,0002937593637126986;0,002671359407966315;0,0006959206079022715;-0,002120268266813996
0,0008304453706369226;0,00010486852733085128;0,0004021612441895729;0,0005510911411523191;0,00018272056126685064;-1,6039543911810367e-05
0,0010604621387988258;8,585428276864927e-05;0,0005848818054564235;0,0005350515972405087;-0,0016609546467143059;0,0007333452554964051
0,0013125225526068218;8,29264879740302e-05;-0,0010760728412578823;0,0012683968527369138;-0,0016537910130805982;0,00030852347240185873
0,0015859850303044383;0,00010339396539766807;-0,0027298638543384805;0,0015769203251387726;0,0031802498682004915;-0,0036441929172432858
0,001910183382111531;8,081852917099063e-05;0,00045038601386201103;-0,002067272592104513;-6,010112226971769e-05;-0,0014186310337664654
0,002297458546924175;-5,0951461229226016e-05;0,00039028489159229334;-0,0034859036258709786;-0,0004308679103623833;0,002010187089802648
0,002602042808052638;-0,00016470601107496221;-4,0583018770089935e-05;-0,0014757165360683305;-0,00029128061744872896;-0,0012382996363000942
0,0027671909241462622;-0,0002628491652570067;-0,0003318636362188189;-0,0027140161723684247;0,0005168411217239214;0,0028234123586908105
0,0028733103787971534;-0,00036261564018985474;0,0001849774855051025;0,00010939618632238579;0,0014846370843619328;-4,001560903911516e-05
0,002870869186553307;-0,0004756566605714556;0,0016696145698670353;6,938057728327063e-05;-0,0003897460313842527;0,0023335619438006883
0,0028728038417623566;-0,0005812985815328523;0,0012798685384827826;0,002402942521083959;-0,0024908789597841603;-0,0007533041980605781
0,0028775137200627364;-0,0006201559196995676;-0,0012110104213013777;0,0016496383230233808;0,0004572267570825666;-0,0034588214534084227
0,0029783412992064754;-0,0006078185163269716;-0,0007537836642188111;-0,001809183130385042;-0,0007553745951815027;0,0017053566359115924
0,003145154411271149;-0,0006439215298064307;-0,0015091582594003138;-0,0001038264944734496;0,000525400327370501;-0,0028902055875806715
0,0032396001981204207;-0,0007101758898546423;-0,0009837579320298127;-0,002994032082054121;0,0018280228930410355;-0,0008332120194695231
0,003329892925190755;-0,0008367965802788664;0,0008442649610112228;-0,003827244101523644;-0,0010512095235038904;-0,0004133202663775398
0,0033004243689789244;-0,0010027675879842831;-0,0002069445624926676;-0,004240564367901184;-0,00010981884716328508;-0,0015519936872897475
0,003117866048706148;-0,0011349679972492508;-0,0003167634096559527;-0,005792558055190931;0,002983386726171114;0,0019023287925262825
0,002765685153717324;-0,0012754461890139251;0,002666623316515161;-0,003890229262664649;-0,0005449122726434927;0,0043133106151395165
0,0021818019365208627;-0,0014285949171648378;0,0021217110438716685;0,0004230813524748675;-0,0024658368775491712;0,003527261920366875
0,0014423095488178155;-0,0014750787126551438;-0,0003441258336775027;0,0039503432728417425;0,002513619589020015;-0,0032804533895633235
0,0007197404152137632;-0,0014366940663905832;0,0021694937553425123;0,0006698898832784191;-0,0035262080730157318;0,0007305836017823062
0,0001551850125233805;-0,0014120744534731225;-0,0013567143176732195;0,0014004734850607253;0,003195944537976069;-0,0016447126167916434
-0,0003825747948358654;-0,0013006750903419614;0,0018392302203028496;-0,0002442391317309181;-0,0031926066150503793;0,002636116530776958
-0,0008643156627926823;-0,0012435442999177292;-0,0013533763947475297;0,00239187739904604;0,00014584548969899525;-0,0017283685934784618
-0,001355826096018736;-0,001112844300681383;-0,0012075309050485344;0,0006635088055675781;0,00219219318469124;-0,0040408785528259425
-0,001751661433282948;-0,0010362793572349378;0,0009846622796427056;-0,0033773697472583644;-0,004545888222082347;0,0054129399400065226
-0,002120956418324457;-0,0010080156499904342;-0,0035612259424396414;0,002035570192748158;0,0018378174568446266;-0,0016606901439153651
-0,0026253461932563005;-0,0009403654515602222;-0,0017234084855950148;0,000374880048832793;0,000623783400270795;0,0002900513775480895
-0,0030483131604782175;-0,001015164290827596;-0,0010996250853242198;0,0006649314263808825;0,0008516416556271465;0,0007366453083854085
-0,0034562849257468234;-0,0011588994695187703;-0,0002479834296970733;0,001401576734766291;-0,0008035632468923574;-0,0013704402517549369
-0,003837659433960193;-0,0013466196516229135;-0,0010515466765894307;3,113648301135419e-05;0,0013564861942935505;0,0017867446780820279
-0,004162970872782912;-0,0015442591709149394;0,00030493951770411976;0,001817881161093382;0,0009861930010512734;-5,149413327391883e-05
-0,004487036852285176;-0,0017839605572705429;0,0012911325187553932;0,0017663870278194632;1,1581710896040043e-05;0,0003521403052012956
-0,004738387585343705;-0,0020114643629179814;0,0013027142296514332;0,002118527333020759;-0,001254764517366988;0,0020683087424230723
-0,004919082837289456;-0,002187322867815204;4,794971228444522e-05;0,004186836075443831;0,0012649150704908546;-0,0012940826878375805
-0,005015036995914376;-0,0023110728035263695;0,0013128647827752998;0,0028927533876062506;0,002580961210375661;-0,0021466407538328625
-0,004943517711521543;-0,002432904750746157;0,003893825993150961;0,0007461126337733881;-0,0035691392698948;0,00302080876314173
-0,00475628829162446;-0,002502222106654933;0,00032468672325616094;0,0037669213969151183;0,0021476971639871126;-0,004219119449062114
-0,004539214366376441;-0,00241578642283767;0,0024723838872432735;-0,00045219805214699593;-0,0006737729688285621;-0,0037558034445551586
-0,004171463585251818;-0,002316363270090161;0,0017986109184147114;-0,0042080014967021545;0,0003764112500802344;0,00034360220160416233
-0,0038218007262130742;-0,0021180447618529205;0,002175022168494946;-0,003864399295097992;-0,0012737248166778334;0,0033248194439884915
-0,003640457927042417;-0,0018477818168790919;0,0009012973518171125;-0,0005395798511095007;-0,004302873448428463;0,0037740249986665253
-0,0036136910996756796;-0,0014905179851654655;-0,0034015760966113508;0,0032344451475570246;0,004239626941384526;-0,003708851270889102
-0,003608507466353322;-0,0010972022593791545;0,0008380508447731749;-0,0004744061233320773;-0,0023704077970675506;0,0027204698738510086
-0,0034739460271286833;-0,0008399495774572975;-0,0015323569522943756;0,0022460637505189313;-4,635609609730286e-05;0,004145764280844788
-0,0033583608328373277;-0,0005491748617445136;-0,0015787130483916785;0,006391828031363719;-0,00016291500593522325;-0,00147404402008032
-0,003152933088525215;-0,0003196944241235047;-0,0017416280543269018;0,004917784011283399;0,0014523347659974421;-0,000390994713978611
-0,0026918322229585534;-0,0001533625084381629;-0,00028929328832945963;0,004526789297304788;;
-0,002034019996940556;-5,669571492589718e-05;;;;
-0,001195136199030367;2,8399347053190138e-05;;;;
