y;x;acc_x;acc_y;jerk_x;jerk_y
-0,005598765589861784;-0,01856184385139117;-0,01860089000302423;0,005831706414369503;0,0100477569571773;-0,007458838662894235
-0,006013455519621637;-0,017787501771060303;-0,008553133045846928;-0,001627132248524732;0,005209099139010964;0,009634196517973675
-0,006194877192806711;-0,017757195290850406;-0,0033440339068359637;0,008007064269448944;0,0026540330890595376;0,0018828011882847384
-0,006441384155932774;-0,018069014132474383;-0,0006900008177764261;0,009889865457733682;0,005925137058722718;-0,003542257379177849
-0,006367608548280879;-0,0185145943303718;0,005235136240946292;0,006347608078555833;-0,001499058115534857;-0,005691501770965113
-0,005898238322319638;-0,018987774560980275;0,003736078125411435;0,0006561063075907203;0,002452594478862369;-0,0002946467670011249
-0,005174963773216162;-0,019251549341950898;0,006188672604273804;0,0003614595405895954;-0,002291740461654035;-0,009229601971237913
-0,004425444971809058;-0,019365880997905063;0,003896932142619769;-0,008868142430648318;-0,002267896361873689;-0,015839779672116125
-0,00366146778877837;-0,019232665749688276;0,0016290357807460798;-0,024707922102764443;-0,00011772452028913083;-0,009053684012193128
-0,003252216302973615;-0,018943573215766698;0,001511311260456949;-0,03376160611495757;-0,00024083874820696183;0,004399907456179547
-0,003831281701279438;-0,01858931925061528;0,0012704725122499871;-0,029361698658778024;-0,004704337689897531;0,02398116212761814
-0,005760811344183563;-0,018174612835045578;-0,0034338651776475437;-0,005380536531159885;6,637234640088918e-05;0,02631857666609269
-0,008864808933438809;-0,01770908751898588;-0,0033674928312466545;0,020938040134932806;0,0023874617665846087;0,017097645174637216
-0,01218402798394045;-0,017380916810032083;-0,0009800310646620458;0,03803568530957002;-0,001080696872610698;0,0029260657920618938
-0,014665725429044782;-0,017187445814328153;-0,002060727937272744;0,040961751101631916;0,0008682161748553296;-0,01025660180957294
-0,01562599546176631;-0,017033176061210704;-0,0011925117624174142;0,030705149292058975;-0,003215245672063105;-0,011805249138742757
-0,014947795450422562;-0,016961335425584166;-0,004407757434480519;0,018899900153316218;0,0028698594950102296;-0,01436339868846323
-0,013041389467396454;-0,016937195260454323;-0,0015378979394702896;0,004536501464852988;-0,0009843158053747247;-0,01877443632909917
-0,010378987478237699;-0,0170893653927037;-0,0025222137448450144;-0,014237934864246182;-0,0015979840979405413;-0,019981553796895563
-0,007535125430484822;-0,017303051442531893;-0,004120197842785556;-0,034219488661141745;-0,0011672255151844446;-0,0006937666190177244
-0,005260780777301795;-0,017617626042153882;-0,00528742335797;-0,03491325528015947;0,004902772167808267;0,009283176119373945
-0,004355215670564436;-0,018097008555487296;-0,0003846511901617333;-0,025630079160785524;0,0044638381896194845;0,012035868828177546
-0,004846180775033457;-0,01878788800313951;0,004079186999457751;-0,013594210332607978;0,007923189492313965;0,008322892419989639
-0,006362349045933898;-0,01949415349839819;0,012002376491771716;-0,00527131791261834;0,00504338171714469;-0,0002647762245860108
-0,00842228573013866;-0,020037251513678564;0,017045758208916406;-0,00553609413720435;-0,00830517426500621;0,01517807484945255
-0,010693075130848153;-0,020100254469288065;0,008740583943910196;0,0096419807122482;-0,00843549304842861;0,010680076017201112
-0,013185308297045822;-0,019481427096540913;0,00030509089548158563;0,02032205672944931;-0,004591094111567828;0,004015805873185507
-0,015291862234753562;-0,018512976366037354;-0,004286003216086243;0,02433786260263482;-0,0033373444930501206;-0,0001238013108895153
-0,01658553390328333;-0,01753232199971453;-0,007623347709136363;0,024214061291745304;0,000861390955610275;-0,002976811057453288
-0,016905691067707704;-0,016723107762035155;-0,006761956753526088;0,021237250234292016;-0,003994101753288348;0,00044195259850854374
-0,016257285780462268;-0,016218827432721235;-0,010756058506814437;0,02167920283280056;0,0020874638667486844;-0,021927437776439684
-0,01475939048384515;-0,01598502537354836;-0,008668594640065752;-0,00024823494363912513;0,0038491127747849463;-0,001024284384891827
-0,01239432707391601;-0,01618146565464806;-0,004819481865280806;-0,0012725193285309522;-0,003004516545463465;-0,014068728406753883
-0,010039193061732435;-0,01672464972135039;-0,00782399841074427;-0,015341247735284835;0,011231752019934982;-0,004401461142842206
-0,007734959822690097;-0,017460613062663954;0,0034077536091907112;-0,01974270887812704;-0,01333103568623456;-0,0033498498403932986
-0,006044376493059154;-0,01850953634040729;-0,009923282077043849;-0,02309255871852034;0,006228182583864095;-0,0032884694589062347
-0,005143501518553291;-0,019422149473782995;-0,0036950994931797543;-0,026381028177426574;0,0029407926423866138;0,010275098791812182
-0,005166328892788244;-0,020731693890240453;-0,0007543068507931405;-0,016105929385614393;0,004927800269175497;0,006028515912092469
-0,006244397394120259;-0,022189042286425105;0,004173493418382357;-0,010077413473521923;0,002585158876158733;0,013453073123530779
-0,007966703070876848;-0,023676562956641483;0,00675865229454109;0,0033756596500088554;0,002190990258629233;0,0070077935916672
-0,010092105286574315;-0,024997143890122562;0,008949642553170323;0,010383453241676055;0,005435529230933267;0,003183067019160768
-0,012082481116271429;-0,026047378731822002;0,01438517178410359;0,013566520260836823;-0,008570708409305627;0,011278270060355478
-0,013657518816301499;-0,026739627871394625;0,005814463374797962;0,0248447903211923;-9,129353478953828e-05;0,008333493426576022
-0,014689895705898098;-0,026856470139603107;0,005723169840008424;0,03317828374776832;0,004144759782682694;-0,0006576389835543095
-0,014728480982647004;-0,02674073387281967;0,009867929622691118;0,03252064476421401;-0,0001810076961793472;-0,02128656079744165
-0,013439934909485177;-0,026396070812435897;0,009686921926511771;0,011234083966772362;0,003345858950770886;-0,011016924870322936
-0,01085056304575479;-0,025656690567144477;0,013032780877282657;0,00021715909644942633;-0,00603679468547591;-0,006207523249470798
-0,007811827823353506;-0,024529833444792586;0,006995986191806747;-0,005990364153021371;0,004277272375031338;-0,01896219830443662
-0,0047644062370942476;-0,02288166508734939;0,011273258566838085;-0,024952562457457993;-0,0036301707293575625;-0,011424868182138705
-0,0019565992169558433;-0,020953657282233924;0,007643087837480522;-0,0363774306395967;-0,007091009734191911;-0,007173028906777443
-0,0001468946951157588;-0,018574719134444934;0,0005520781032886113;-0,04355045954637414;-0,00012779254461264822;0,009159738126932528
0,00020771260114045795;-0,015890057473156725;0,00042428555867596307;-0,03439072141944161;-0,009309158034669557;0,011577370894634585
-0,001179698484458291;-0,01318331268773697;-0,008884872475993594;-0,022813350524807027;-0,0006188521078455689;0,01002939610415203
-0,003942738426834704;-0,010459596479970176;-0,009503724583839163;-0,012783954420654997;-0,002015559777015244;0,020380755554303687
-0,0076183123902033995;-0,008091275171243128;-0,011519284360854407;0,00759680113364869;0,002499903409804119;0,01673145211040844
-0,011805244530398294;-0,006103102845869645;-0,009019380951050288;0,02432825324405713;0,0013402968039170488;0,001368523133108257
-0,01568830462524724;-0,004575701894930338;-0,007679084147133239;0,025696776377165387;0,0001234497031015469;-0,004294755997558186
-0,0185982345903339;-0,0034090761820330428;-0,007555634444031692;0,0214020203796072;-0,001778752217059594;-0,00021689771626648424
-0,020480293500333948;-0,0025496138350210775;-0,009334386661091286;0,021185122663340716;0,007479343415407132;-0,007818439650865483
-0,021506271595149708;-0,0019923768657703796;-0,0018550432456841542;0,013366683012475233;0,00205099157279838;-0,008570662863003342
-0,02168484478343184;-0,001808515362963333;0,00019594832711422594;0,004796020149471891;-0,0009594746836650292;-0,01410614352194317
-0,021328750651214957;-0,0016988555899836528;-0,0007635263565508033;-0,00931012337247128;0,005543551763135007;0,007138792821628326
-0,0207808157130192;-0,0015813578839194034;0,004780025406584204;-0,0021713305508429537;0,002312028422291449;0,01104848145940529
-0,020605285709722296;-0,0014944012321171862;0,007092053828875653;0,008877150908562337;-0,0012568530988273617;-0,0015522903081390815
-0,02051660892845911;-0,0012162435640516009;0,005835200730048291;0,007324860600423255;-0,007439739346581532;-0,0020810083760354203
-0,02007284611085343;-0,0006544037428309894;-0,0016045386165332402;0,005243852224387835;-0,007262121286103273;0,004325675335865087
-0,01933608886923082;0,00014084410759155372;-0,008866659902636513;0,009569527560252922;0,002873647990044491;0,0020981616832840833
-0,018389577538632698;0,0008719104133527672;-0,005993011912592022;0,011667689243537005;0,0030332247111400645;-0,009226964278770122
-0,01706028510562446;0,0012483103230085202;-0,0029597872014519577;0,0024407249647668827;-0,00034931117458200656;-0,009488727664758667
-0,015264285102874737;0,0013849897561605924;-0,0033090983760339643;-0,007048002699991784;0,009196381163828996;-0,0019960368932420147
-0,013370656101534342;0,0014032777012545862;0,005887282787795031;-0,0090440395932338;-0,0029422032835368234;-0,00553756748061679
-0,011758947208193617;0,0012892017113072213;0,002945079504258208;-0,014581607073850589;0,0014925588555940589;0,005976508900090133
-0,010508999898582247;0,0014106170328716577;0,004437638359852267;-0,008605098173760456;0,001669994991992857;-0,002564903304023508
-0,009842316871924897;0,0016498355346064226;0,006107633351845124;-0,011170001477783964;-0,009882136312807724;0,011416753004845681
-0,009519837772217966;0,002066559570735278;-0,0037745029609626;0,0002467515270617171;-0,008515087770569502;0,007974024284945674
-0,009644158731622395;0,002727588940937938;-0,012289590731532102;0,008220775812007391;-0,0044521107728303505;-0,002908722892777438
-0,009758609629944353;0,003237638192702095;-0,016741701504362452;0,005312052919229954;-0,00103799603007039;0,011208356654008739
-0,009544229495786018;0,003256103815204967;-0,017779697534432842;0,016520409573238692;0,008869483276497225;0,012896712774892516
-0,009117367244858484;0,002604901377533341;-0,008910214257935617;0,02941712234813121;0,001389682993761146;-0,0012417048638725947
-0,0080296886110014;0,0012425110384844018;-0,007520531264174471;0,028175417484258614;0,004464457670567246;-0,019300458251552674
-0,0057653250832190705;-0,0004762878708819622;-0,0030560735936072253;0,00887495923270594;0,009736743745589277;-0,02574584094315835
-0,002373944856066396;-0,0024959080308153054;0,006680670151982052;-0,01687088171045241;-0,000653114449970224;-0,0027981095092310115
0,0013724337403945167;-0,004637771134492937;0,0060275557020118276;-0,01966899121968342;0,003955877729237611;-0,00426942390722479
0,004443977068437333;-0,006512407432091288;0,009983433431249439;-0,02393841512690821;0,002416402771958842;-0,007767909865825304
0,0067287607476928125;-0,008145941501609164;0,012399836203208281;-0,031706324992733514;-0,0007826617123146973;-0,0053969351027793044
0,008056007821871963;-0,009380138233877063;0,011617174490893584;-0,03710326009551282;-0,00455514370097812;0,013584550243291
0,008115001896341774;-0,01011834151801663;0,007062030789915463;-0,02351870985222182;-0,005296020502654375;0,025153976731654558
0,006689865566991072;-0,010391857822520455;0,0017660102872610883;0,0016352668794327382;0,005634172786421698;-0,003537812394920556
0,004323980843551496;-0,010382892895427662;0,007400183073682787;-0,0019025455154878176;-0,0016481034188243482;0,006521544423568386
0,0020235067952892303;-0,010303287556844426;0,0057520796548584385;0,004618998908080568;-0,005582644095003003;0,01625005687963267
-0,0003530690735925483;-0,009927674895313876;0,00016943555985543535;0,02086905578771324;-0,0011069124982366896;0,0007091488459151363
-0,002544884986151104;-0,00932197904758899;-0,0009374769383812542;0,021578204633628376;0,0040906686212904;-0,0017031209070284686
-0,0039019386672011305;-0,008709505777469886;0,0031531916829091455;0,019875083726599907;-0,00012628717551915747;-0,008426942020532485
-0,004395864162906021;-0,008134531584886032;0,003026904507389988;0,011448141706067422;0,0003604634944528451;-0,003798693722561232
-0,004094786309546916;-0,007433429724985813;0,003387368001842833;0,00764944798350619;0,002281162871063863;0,0020913623760096256
-0,003335782787945114;-0,006611251684789994;0,005668530872906696;0,009740810359515815;0,0015628546850476183;-0,010532460208633944
-0,0022708013470030645;-0,005653578924520461;0,007231385557954315;-0,0007916498491181284;0,003027573339909384;-0,009185452362821991
-0,0008161874916803823;-0,004469164929334662;0,010258958897863699;-0,00997710221194012;-0,013224176827291545;-0,0037064590946962322
0,000606760369677575;-0,002995495511830689;-0,0029652179294278463;-0,013683561306636352;-0,0022725652473090524;0,009521701467695425
0,0016306241425579275;-0,0011114677384121679;-0,005237783176736899;-0,0041618598389409275;-0,00505125547722482;0,007018400592572568
0,0021071454631728256;0,0006539513178292389;-0,010289038653961718;0,002856540753631641;-0,00484756203022825;-0,003927213579096485
0,002417192390230087;0,0022098590470011697;-0,015136600684189969;-0,001070672825464844;-0,004914482855157679;-0,00966743310789174
0,0028415009474326135;0,0033542052300146318;-0,020051083539347647;-0,010738105933356584;-0,0006100941322780967;0,0012713163698907098
0,0032229825916165467;0,0038930873856604952;-0,020661177671625744;-0,009466789563465874;0,005751948463128945;0,008491960018053864
0,0031749399984662163;0,003629926199732453;-0,0149092292084968;-0,0009748295454120107;0,010044702212601377;-0,0005631478891600095
0,0027482258227772513;0,0025403179069393806;-0,004864526995895423;-0,0015379774345720201;0,005466479903959258;-0,0038339015456125107
0,0022825184652718053;0,0008543404458064363;0,0006019529080638353;-0,005371878980184531;0,002822046152559217;-0,009302340370824558
0,0017552920103834787;-0,0010262180951623248;0,003423999060623052;-0,014674219351009089;-0,0017564839916369354;0,016223299012033284
0,001013190396287771;-0,0028826985198085325;0,0016675150689861168;0,0015490796610241955;-0,0006841895822589927;0,0032643031441998635
-0,00031587999184830035;-0,0046022189820298185;0,000983325486727124;0,004813382805224059;0,00232640669517499;-0,0003857158854735643
-0,0015829871935434036;-0,006255038841491659;0,003309732181902114;0,004427666919750495;-0,004109992700054965;-0,008959114267701018
-0,002657559083029545;-0,007868525681484415;-0,000800260518152851;-0,0045314473479505235;0,0021533271567142076;-0,00014094972431341612
-0,003555024295725666;-0,009349623234201087;0,0013530666385613566;-0,00467239707226394;-0,00226721618599926;0,006908035564455045
-0,004633747402339809;-0,010862731207643871;-0,0009141495474379036;0,0022356384921911054;0,01136705868462301;0,0016008864055399863
-0,005899366391844508;-0,012321716515544204;0,010452909137185107;0,0038365248977310917;-0,00017639879957298543;-0,009929499073069531
-0,007075559841661565;-0,013817267805342051;0,010276510337612121;-0,006092974175338439;-0,0013788354970286076;0,015547022341898475
-0,008098292295569376;-0,014894702729652494;0,008897674840583514;0,009454048166560036;0,003625706130984896;-0,001862228608748323
-0,009364743716490726;-0,015561077240458451;0,01252338097156841;0,007591819557811713;-0,009415107345558338;0,0074930709713185994
-0,010253033210749675;-0,01587154475764107;0,003108273626010072;0,015084890529130313;-0,0012393379164746254;-0,001292428514187871
-0,010837649922696153;-0,01568107703596095;0,0018689357095354464;0,013792462014942442;-0,0061160618020824065;-0,00868339735282439
-0,010818871013477421;-0,01536627836924043;-0,00424712609254696;0,005109064662118051;0,0003756294628484702;-0,0038301184048163406
-0,010248393623660989;-0,01497672227413849;-0,00387149662969849;0,0012789462573017107;0,0012644575409875847;-0,01932941872237215
-0,009473553647359837;-0,014757051222738429;-0,002607039088710905;-0,01805047246507044;-3,589713920065796e-05;0,001794218998981717
-0,008647555820766616;-0,014692240036526309;-0,002642936227911563;-0,01625625346608872;0,005790388812835168;0,007871160813657296
-0,008543576892776213;-0,014731710413862623;0,0031474525849236046;-0,008385092652431425;0,002828642590133934;-0,003566650780302799
-0,009089848103429358;-0,014876898240315399;0,005976095175057539;-0,011951743432734224;0,003298728259077288;0,009368930829052241
-0,00997152302017976;-0,014896187963371233;0,009274823434134827;-0,002582812603681983;-0,00438449057161433;0,008478869885544082
-0,011331267674239531;-0,014676433879424765;0,004890332862520497;0,005896057281862099;0,006479492443124901;0,008189430711553203
-0,012794324832446583;-0,014085686858112904;0,011369825305645398;0,014085487993415302;-0,009271835174227194;-0,0069210959014727735
-0,01402153969937915;-0,013299326522300222;0,0020979901314182037;0,007164392091942529;0,0005561457382089463;-0,013542999258904675
-0,014685335046575104;-0,012058173174261725;0,00265413586962715;-0,006378607166962147;-0,003380305629462038;0,0011610065176286266
-0,015062554710093356;-0,010733100220966497;-0,0007261697598348882;-0,00521760064933352;-0,005004414489374304;-0,0021618244553018306
-0,015694918660290096;-0,009301861832886187;-0,005730584249209192;-0,007379425104635351;0,0013259429696803604;-0,005515773147865111
-0,016535986636460175;-0,00789967023519927;-0,0044046412795288314;-0,012895198252500462;-0,010107808622560388;0,003555275603207342
-0,01767223161681567;-0,006726702007480723;-0,01451244990208922;-0,00933992264929312;0,012384329318985796;0,009406590111931956
-0,019324284527271182;-0,005729919430943328;-0,002128120583103424;6,666746263883638e-05;0,0018337753122358441;0,0038717973092737834
-0,02134993434369842;-0,005313634850489501;-0,0002943452708675798;0,00393846477191262;-0,0008844663055556368;0,013529224744620927
-0,023372917461620107;-0,004982475093359812;-0,0011788115764232165;0,017467689516533547;-0,001496303718219738;0,006174136149215248
-0,025238361988665286;-0,004663089147064826;-0,0026751152946429546;0,023641825665748795;0,0071893731495839275;0,010181725266833697
-0,02640509893504912;-0,004390855663826769;0,004514257854940973;0,03382355093258249;-0,002192520150097771;-0,0028133179107096007
-0,026626162854803008;-0,00422562679237443;0,002321737704843202;0,03101023302187289;-0,008824904893983895;0,002782752799308841
-0,02549428473725359;-0,0038798276067244513;-0,006503167189140693;0,03379298582118173;0,00041982569405059345;-0,007401224038300458
-0,02312199729882926;-0,003441158912880745;-0,0060833414950901;0,026391761782881273;0,0012828637185098857;-0,014026776163161808
-0,019397990427557663;-0,0032626169066026665;-0,004800477776580214;0,012364985619719465;0,0035338938428598615;-0,012292008536433585
-0,014618313084970812;-0,003327408560128192;-0,0012665839337203527;7,297708328588004e-05;-0,00322855109209981;-0,004836327998475193
-0,009344036317595185;-0,003584219324716926;-0,004495135025820163;-0,004763350915189313;-0,0026553558947691597;-0,008940809472661237
-0,004066840466888121;-0,0038916934466544746;-0,0071504909205893225;-0,01370416038785055;0,006731850148015292;-0,016569515725773226
0,0010198213472113694;-0,004378972969624829;-0,00041864077257403043;-0,030273676113623776;0,00209936100204014;-0,0049551619842333194
0,005558316745796839;-0,005152272129418757;0,0016807202294661094;-0,035228838097857096;-0,0004426136486465615;0,009068607021650493
0,008885865099837357;-0,005942316920115646;0,001238106580819548;-0,026160231076206603;0,004569119253588577;0,004487026402766464
0,010804259929963592;-0,00666513290163389;0,005807225834408125;-0,02167320467344014;0,009111216042903353;0,002115097074817107
0,011676245517041562;-0,0073384246199193525;0,014918441877311478;-0,01955810759862303;-0,005226563437577492;-0,0017324537818651786
0,011681302917181927;-0,007779427304828491;0,009691878439733986;-0,02129056138048821;0,0029591208718521833;0,009112359310570861
0,01090403601337737;-0,007623692314645169;0,01265099931158617;-0,012178202069917349;-0,011418797818747745;0,012562216393536857
0,009275146654353285;-0,007080282186872487;0,001232201492838425;0,00038401432361950816;-0,0012206853075552165;-0,0006450614893242085
0,007159129212532506;-0,00603083208663636;1,1516185283208524e-05;-0,0002610471657047003;-0,0021636975426142513;-0,005111266284009333
0,005058472343656507;-0,004932093926686695;-0,0021521813573310428;-0,0053723134497140335;-0,0025043149466117062;-0,007897971006912183
0,0029473735881523208;-0,003832895119325702;-0,004656496303942749;-0,013270284456626216;-0,002075827167307212;0,0127858020216806
0,0006213822946595726;-0,0028197835662579504;-0,006732323471249961;-0,0004844824349456156;-0,0008372067190372569;0,012444545444162597
-0,002235420377098224;-0,0019929318653479087;-0,007569530190287218;0,011960063009216981;0,001325918029741531;0,004223948354717094
-0,005111602346253846;-0,0014353731032878654;-0,006243612160545687;0,016184011363934075;0,0033156241231835706;0,0015338054201055051
-0,007509381795040787;-0,0011805955488393112;-0,0029279880373621163;0,01771781678403958;-0,00877189280873203;0,0094747278846814
-0,009259800789270366;-0,0011755624808125844;-0,011699880846094145;0,02719254466872098;-0,0025616786668317716;0,009783553622492946
-0,010301507112138363;-0,001287648934280342;-0,014261559512925917;0,03697609829121393;0,010474901090280937;-0,012143454661988295
-0,010255511648257519;-0,0018677306215918658;-0,00378665842264498;0,02483264362922563;0,005847169120242031;-0,015648533231331266
-0,008730472252728117;-0,003018274689420426;0,002060510697597051;0,009184110397894366;0,002104799922827111;-0,005763024299280439
-0,0062121271120296915;-0,004320285094154786;0,004165310620424162;0,0034210860986139263;-0,001067511617172473;-0,0083853334668363
-0,0033264175554154913;-0,005539875070985263;0,003097799003251689;-0,004964247368222374;0,00985077896139977;-0,005389211510432687
-0,00030386455485673395;-0,006592852622998774;0,012948577964651459;-0,010353458878655061;0,004852713064571995;0,00011337076253836731
0,002520118550973129;-0,007521918214882217;0,017801291029223454;-0,010240088116116694;-0,006714726358321016;0,0034637466240414333
0,004929963301656789;-0,007933040688179602;0,011086564670902438;-0,006776341492075261;-0,0022995928824629253;-0,005879260070601161
0,006930204527695782;-0,00763211152030805;0,008786971788439513;-0,012655601562676422;-0,0013713699205728375;-0,008306883264238507
0,008659392094051763;-0,006887719765600399;0,007415601867866675;-0,02096248482691493;0,0051017306946295055;0,005858997470403332
0,009882355597900688;-0,005791849139355168;0,01251733256249618;-0,015103487356511597;-0,0014924757955626436;0,003530372565970691
0,010266819708673016;-0,004399354438395269;0,011024856766933537;-0,011573114790540906;-0,009266512992118468;-0,008158156986843523
0,01004714432518488;-0,002506166434935524;0,0017583437748150688;-0,01973127177738443;-0,003885835963809099;-0,005415632632058187
0,009364544350075108;-0,0001719841607984371;-0,0021274921889940304;-0,025146904409442616;-0,00591304026772977;0,019320509003861952
0,007892693503869959;0,0022325318643312527;-0,0080405324567238;-0,005826395405580664;-0,0060083841248701475;0,009714460617418152
0,005414966481287105;0,004551948201901181;-0,014048916581593948;0,003888065211837488;0,0016300110485612668;-0,004759287208370322
0,002704183642481024;0,0065497432412021574;-0,012418905533032681;-0,0008712219965328338;-0,005110483809666527;0,014238418301958447
0,0001489234121484431;0,007985581617239376;-0,01752938934269921;0,013367196305425613;0,011836922495220892;0,004895085362578419
-0,0024411856980454515;0,008924663771955287;-0,005692466847478317;0,018262281668004032;0,006925586656394783;0,009624053317071543
-0,004496606956022321;0,00916257035296323;0,0012331198089164663;0,027886334985075575;0,0065844695100101824;-0,010383646950959377
-0,005821536947279031;0,00917277826007204;0,007817589318926649;0,0175026880341162;-0,0011665630931373683;-0,005333654681804426
-0,006031013539132716;0,009232310959537509;0,0066510262257892805;0,012169033352311773;-0,0061968456537649375;0,006444289091326216
-0,005540382609621753;0,009604547231760043;0,00045418057202434303;0,01861332244363799;-0,0031299850756310033;-0,006639276732182842
-0,00456299034601832;0,01024282455301415;-0,0026758045036066602;0,011974045711455147;-0,005971978928141164;-0,007598601684285375
-0,0028410651846693677;0,01089926909714923;-0,008647783431747824;0,0043754440271697725;-0,009572278665065881;-0,006788129846719865
-0,0006401781948622085;0,011448681461140042;-0,018220062096813705;-0,002412685819550092;0,0008930771864462117;-0,008351494749867974
0,001735726556031741;0,011652182487860943;-0,017326984910367493;-0,010764180569418066;0,011436816240852854;-0,0008245193263821254
0,004015123874143687;0,011126881030709294;-0,005890168669514639;-0,011588699895800192;0,005151477697894868;0,013265689391193464
0,00586395396947891;0,009908500177142947;-0,0007386909716197709;0,0016769894953932718;0,00422384788002908;-0,006775275044256346
0,007249236068982126;0,008454512576796015;0,0034851569084093093;-0,005098285548863074;-0,002932603647332485;0,011927643315442493
0,008701597748301072;0,00697097733758429;0,0005525532610768241;0,006829357766579419;0,010897479989550443;-0,004165957089365624
0,009950028005665496;0,005626848374708938;0,011450033250627267;0,0026634006772137953;-0,006329669686351097;0,003916929972184818
0,011471632573693095;0,00430482154227666;0,00512036356427617;0,0065803306493986136;-0,0034678580938857714;-0,003034466073084441
0,013099773168809248;0,0034407960398694717;0,0016525054703903988;0,0035458645763141727;-0,0008942100243151951;-0,016034625101732924
0,014991126989901344;0,0027815850800333303;0,0007582954460752037;-0,012488760525418752;-0,003997344245177392;-0,007162080086084155
0,01702431539404601;0,002188474339012805;-0,0032390487991021885;-0,019650840611502907;0,002097920124813267;-0,009100264242189071
0,018557953377173923;0,001625695415835288;-0,0011411286742889215;-0,028751104853691978;-0,0023676086060973253;0,012440173394694387
0,01930555773584172;0,0009333545406936834;-0,003508737280386247;-0,01631093145899759;0,0032114582330455693;0,01874700262408402
0,018903117900361838;0,00019536851858052186;-0,0002972790473406775;0,0024360711650864286;0,0027908845590880055;-0,00236992563543581
0,017848240806522052;-0,0006829669947480896;0,002493605511747328;6,61455296506186e-05;-0,004637928492241157;1,7107551380457497e-05
0,016890806559285723;-0,001573193669970328;-0,002144322980493829;8,325308103107609e-05;0,010868111609768069;-0,004330508657416909
0,01593601813323542;-0,0023636761247226735;0,00872378862927424;-0,004247255576385833;0,003990981753381986;0,01818068170923226
0,014984559830426358;-0,003239931498694772;0,012714770382656226;0,013933426132846427;-0,0005232238820741947;-0,0021379259426341224
0,013863211304561866;-0,003767235327495901;0,012191546500582032;0,011795500190212305;-0,006219118046555616;-0,01950147000661928
0,013299199824011227;-0,0037859483409907807;0,0059724284540264155;-0,007705969816406977;-0,00618162898665385;0,017671686152914312
0,013207008351069083;-0,003316999494462379;-0,00020920053262743488;0,009965716336507335;-0,0065415008956808685;-6,527342038264994e-06
0,012806578085470659;-0,0026091535097729213;-0,006750701428308303;0,00995918899446907;0,002450877321220419;0,008194373441638814
0,01280477647333253;-0,0019096755463885607;-0,004299824107087884;0,018153562436107884;-0,0033128241840267685;-0,015097551225022487
0,01320134242097316;-0,0014802256401365323;-0,007612648291114653;0,0030560112110853965;-0,0008077748620027893;-0,029853886695529408
0,014324050866058109;-0,001222768698168019;-0,008420423153117442;-0,02679787548444401;0,0043030340578438485;-0,009486201129802196
0,015568999759586474;-0,001269817687844092;-0,004117389095273594;-0,03628407661424621;0,008828104149262439;-0,003267771061139013
0,015742033633737076;-0,0016536836036448628;0,004710715053988845;-0,03955184767538522;0,0023195985977427225;0,011865088914762872
0,014463704443317831;-0,0022022450832565772;0,007030313651731568;-0,02768675876062235;-0,0004156841435115424;0,013523289547758915
0,011603301345883176;-0,0025623779607087376;0,006614629508220025;-0,014163469212863433;-0,0006216290425394219;0,010986366429191083
0,00763542789802363;-0,002641298292091636;0,0059930004656806035;-0,0031771027836723503;-0,004276803714477084;0,017255538844315535
0,0031010156816495436;-0,0024556334431457324;0,0017161967512035192;0,014078436060643185;-0,0003577204075560503;0,020505778546696538
-0,0015604806460714354;-0,0020302485755726053;0,001358476343647469;0,03458421460733972;-0,0005590289355178885;-0,0005913216547113048
-0,005658839531366687;-0,0015362158379513373;0,0007994474081295805;0,03399289295262842;0,0021669298297333217;-0,014527221677678087
-0,00837382983236835;-0,0009878440465841704;0,002966377237862902;0,01946567127495033;0,015435133295310481;-0,016847158334546974
-0,009729104415264877;-0,00040749435889182034;0,018401510533173383;0,002618512940403356;-0,00878210259190352;0,00034861474399752734
-0,010305752147163389;0,00029151041831504583;0,009619407941269864;0,002967127684400883;-0,012796909095818917;0,00948664718421477
-0,01077765936144577;0,0017265756168488473;-0,0031775011545490534;0,012453774868615652;-0,0030288116465699844;-0,011260135024317997
-0,011130881468352113;0,0035464171330334433;-0,006206312801119038;0,001193639844297656;-0,0007810432644260318;-0,018634665233864145
-0,01098595258051383;0,005239158603036077;-0,0069873560655450695;-0,01744102538956649;-0,003133710000698009;0,011394499277085468
-0,01079327809890364;0,00668364756099395;-0,010121066066243078;-0,006046526112481021;-0,003930533813389064;0,005441111871018145
-0,011298244632876112;0,007848642276330019;-0,014051599879632143;-0,000605414241462876;0,000578852995098883;-0,0030610170645854473
-0,012045072211347823;0,008608794349016366;-0,01347274688453326;-0,0036664313060483233;0,008345772739817181;0,001662795670300421
-0,012816116359478049;0,008806882426517426;-0,005126974144716079;-0,0020036356357479024;0,007703604134991243;0,010382782204523822
-0,01373381775985021;0,008466060628637157;0,0025766299902751644;0,00837914656877592;0,0024105665375543095;0,012333465073536276
-0,014731664585652286;0,007920159864968244;0,004987196527829474;0,020712611642312195;0,0005613548836833904;0,0003044447033968556
-0,015394345548703323;0,007477324300910337;0,005548551411512864;0,02101705634570905;-0,013179895856477913;-0,003442228561456151
-0,015228522046061874;0,007233976597965611;-0,007631344444965049;0,0175748277842529;0,004096954646392897;-0,006956388842604133
-0,014222016289592063;0,007212570951481398;-0,0035343897985721517;0,010618438941648767;-0,001324942993662509;-0,00858592788100132
-0,012512517421752137;0,006885911527198583;-0,004859332792234661;0,002032511060647446;0,005167422571897395;-0,014144182886015183
-0,01037828099624626;0,006417876510972882;0,00030808977966273465;-0,012111671825367737;-0,00046627373306794284;0,006004066294725843
-0,008162744128314484;0,005755468183057794;-0,0001581839534052082;-0,006107605530641894;-0,0005288948006821476;-0,009020010973999334
-0,006431674133397417;0,005105383446329217;-0,0006870787540873557;-0,015127616504641228;-0,0017815542255465583;0,007312788582359925
-0,004944908359706027;0,004448971351464431;-0,002468632979633914;-0,007814827922281303;-0,001537999691417824;0,011235303343819655
-0,004063247246200286;0,0037650761064361507;-0,004006632671051738;0,003420475421538352;0,0013947243656707575;0,00537015604289387
-0,0034941792495857965;0,0029824355422225137;-0,0026119083053809805;0,008790631464432222;0,005879315986361933;0,002468267668102521
-0,0027882922361097736;0,002039529671166807;0,003267407680980952;0,011258899132534743;-0,0008576170780772441;-0,006249438143046161
-0,0017307799640564614;0,0009921474678958615;0,002409790602903708;0,005009460989488582;0,008928305699518035;-0,0007215196622675571
-0,00022291172670175965;7,546157186415388e-05;0,011338096302421743;0,0042879413272210246;0,005789757877310103;-0,0045874841342325515
0,0014853349502324852;-0,0007448327000514053;0,017127854179731845;-0,0002995428070115269;-0,00267509836887294;-0,009529278594512192
0,0033650992802555712;-0,0011116031198700948;0,014452755810858905;-0,009828821401523719;0,00871198497827914;-0,015122214811670337
0,005232881897998196;-0,0007932593724995106;0,023164740789138046;-0,024951036213194056;-0,0059058775983233495;-0,004951118481094141
0,0067075116596798726;0,00010319460730542993;0,017258863190814697;-0,029902154694288197;-0,009439605385154884;0,009837384667241073
0,007184099972833786;0,0019262382186758923;0,007819257805659813;-0,020064770027047124;-0,01246966725965043;0,02656856627225332
0,006464602098216173;0,004439636357678942;-0,004650409453990617;0,006503796245206195;-0,004788149467815056;0,027213837307578245
0,0049425134225166735;0,0072658048089083846;-0,009438558921805673;0,03371763355278444;0,0016849773990141592;-0,007670386613675681
0,0036805765966254223;0,009905956881978203;-0,007753581522791514;0,02604724693910876;-0,01152201437292169;-0,020309407282037048
0,003767345112845549;0,012168566598175794;-0,019275595895713205;0,005737839657071711;-0,002802888709190099;-0,00026075365604476264
0,004896003506630026;0,014121033053461724;-0,022078484604903303;0,005477086001026948;0,00697147178047014;0,009375852510328603
0,006254175486697371;0,015302475672919128;-0,015107012824433164;0,014852938511355551;0,009342697502004726;-0,01600083875434627
0,007831430906805794;0,015600778908180398;-0,005764315322428437;-0,0011479002429907181;0,0038539465847718946;-0,023892358682849058
0,010002803867368439;0,01529480163046434;-0,0019103687376565426;-0,025040258925839776;0,009243975045613695;-0,0014853102761042125
0,012128260818211455;0,014758251739851147;0,007333606307957152;-0,026525569201943988;-0,000699861086322584;0,008156393754545632
0,013252107412020882;0,014145287099731691;0,006633745221634568;-0,018369175447398356;-0,002997735051770256;0,01904741022707046
0,013314931237752547;0,013825666711930522;0,003636010169864312;0,0006782347796721044;-0,003409433067607881;-0,0051739057344379336
0,01264298804558828;0,013771396132994735;0,00022657710225643113;-0,004495670954765829;0,002927896033429578;-0,006939192991038318
0,011998174244610896;0,013862565960853522;0,003154473135686009;-0,011434863945804147;0,001871007819691517;0,00507770865649218
0,011173533605442878;0,013962798872802565;0,005025480955377526;-0,0063571552893119665;-0,006350029438266347;0,01439191938192555
0,009891498408442695;0,014189210710179048;-0,001324548482888821;0,008034764092613583;-0,008748047565764971;0,014390570236086392
0,008355176999870033;0,014616641785770632;-0,010072596048653792;0,022425334328699975;0,0045680726758338674;-0,004008481428251276
0,007140246155001914;0,014991090922046663;-0,005504523372819925;0,0184168529004487;-0,0051983808539907694;-0,023470246782173465
0,006822328683281796;0,014962636216376543;-0,010702904226810694;-0,005053393881724766;-0,004486947765292848;0,0014644435532305544
0,007241085327579624;0,014714000575793626;-0,015189851992103542;-0,0035889503284942115;-0,0041223257156253745;0,0028070873889565195
0,007457706216608462;0,014037248766138282;-0,019312177707728917;-0,0007818629395376919;-0,000887381850479485;-0,00024894585274717884
0,007530769092497531;0,012752902876798795;-0,020199559558208402;-0,0010308087922848708;0,01811750656778041;-0,015046982041154733
0,0075725574508050935;0,010696069879150151;-0,0020820529904279905;-0,016077790833439604;0,004392834825642178;0,0035941226803766213
0,00757311345742126;0,007831254499173173;0,0023107818352141873;-0,012483668153062982;0,011777856746845186;-0,0024263707655925587
0,006930557830699843;0,004883156999579074;0,014088638582059373;-0,014910038918655541;-0,006083360527017211;0,007455898954435908
0,005788655477855906;0,002027490773393542;0,008005278055042163;-0,007454139964219633;-0,0032771580367911904;0,0018978215201117324
0,0040503515682657485;-0,0002646299095096145;0,0047281200182509725;-0,005556318444107901;-8,374588870593141e-05;-0,004576777527690076
0,0020138820601068048;-0,0022365394702110845;0,004644374129545041;-0,010133095971797977;-0,00023393001919675555;0,015138433359263966
-0,00024484018581645475;-0,004019324230182516;0,0044104441103482855;0,0050053373874659884;-0,000861257766194487;0,006748353912756855
-0,002908886270611633;-0,005616334024972146;0,0035491863441537985;0,011753691300222843;-0,006531592733579422;0,01267338721793733
-0,005372718859908172;-0,007036926055347843;-0,0029824063894256236;0,024427078518160172;0,006225374561422942;-0,0017320541759179298
-0,007366403797195798;-0,008315550631957389;0,003242968171997318;0,022695024342242243;0,013066135019299957;-0,016642842356699022
-0,008383005593757016;-0,00971347146414396;0,016309103191297275;0,00605218198554322;0,0006726852564258035;-0,010467976105974941
-0,008491806416628545;-0,010981673569450639;0,01698178844772308;-0,004415794120431721;-0,0025616857980487184;-0,005324156475550207
-0,008358519960078345;-0,011597511547105427;0,01442010264967436;-0,009739950595981928;-0,00735803706042823;0,006247449745777928
-0,008401865268345413;-0,01153407798685129;0,00706206558924613;-0,003492500850204;0,0022997549273739704;0,00011079463513863352
-0,008834808600451759;-0,01089384032061018;0,0093618205166201;-0,0033817062150653665;-0,0036190059742257363;-0,0010577324356100537
-0,009407451966566265;-0,009971120030799224;0,005742814542394364;-0,00443943865067542;-0,006573711099729651;0,019266759736103867
-0,010115363581283385;-0,008673926920323465;-0,0008308965573352867;0,014827321085428447;-0,006670720422147031;0,01123083133505487
-0,011000852742027523;-0,007147021228151931;-0,007501616979482317;0,026058152420483316;0,0027419692962695336;-0,01210997378272019
-0,011293249059354521;-0,005653351398273808;-0,004759647683212784;0,013948178637763126;0,003751264027945983;-0,02113239918466675
-0,01054331927986219;-0,004459746247574978;-0,0010083836552668007;-0,007184220546903625;0,0012231590872473913;-0,014184970179857648
-0,009235462354859331;-0,00345652700420466;0,00021477543198059057;-0,021369190726761272;0,0023079803562650533;0,008945568559212774
-0,008214974251732617;-0,0024936431070450133;0,002522755788245644;-0,012423622167548498;-0,001428314464230071;0,016943113497431217
-0,008049253777676355;-0,001522168192606143;0,0010944413240155729;0,004519491329882719;0,00045788415321969256;0,0004518566445481931
-0,008380478190322033;-0,0004497830466374472;0,0015523254772352654;0,004971347974430912;-0,009975686664436947;0,021931798693443028
-0,008530922949772401;0,0006663797522918716;-0,008423361187201682;0,02690314666787394;-0,004992839726797212;-0,005398444205279906
-0,008482513790245534;0,001844635570310601;-0,013416200913998894;0,021504702462594033;0,004520430748889553;0,004249558738650197
-0,007357978764003709;0,002685956940841263;-0,00889577016510934;0,02575426120124423;0,002369524516196722;-0,015317868243434132
-0,0053732556392581225;0,00299063027481197;-0,006526245648912618;0,010436392957810098;-0,003911287465054057;-0,023735500855420172
-0,0023583620664627664;0,0029394728021783023;-0,010437533113966675;-0,013299107897610074;0,008239766942305899;-0,01914801762721957
0,0010739872246449934;0,0026272655035881306;-0,002197766171660776;-0,032447125524829645;0,0010627468173733771;-0,01566398485910185
0,00397437219984835;0,0018975568804392915;-0,001135019354287399;-0,048111110383931496;0,013798321996425651;0,010768905427522416
0,005576872154058521;0,0010799376104240214;0,012663302642138252;-0,03734220495640908;-0,003777624402825523;0,018812365373472806
0,005254927692911432;0,0002169175662372555;0,008885678239312729;-0,018529839582936275;-0,005537150609679612;0,010608162603791826
0,00343929503350798;-0,00013957037226398038;0,0033485276296331174;-0,007921676979144449;-0,002160335660959985;0,013276053092741269
0,0008824687907870764;-0,0001406311811927071;0,0011881919686731325;0,00535437611359682;0,0026261691761462554;0,00830918755014412
-0,0019912245310996046;-7,750884936109145e-06;0,003814361144819388;0,01366356366374094;-0,0023325261970393255;-0,007160891961900423
-0,004650742808442413;0,00017265709006741414;0,0014818349477800623;0,006502671701840518;-0,0023628623953757186;0,00928410068914462
-0,006763718539235584;0,0005056395108637129;-0,0008810274475956562;0,015786772390985138;0,004319534324843376;0,003685325378750437
-0,008616587401955134;0,0008978953295712142;0,00343850687724772;0,019472097769735575;0,0015214029282978672;0,0005687155797232668
-0,009837985369035279;0,0012549100503748893;0,004959909805545587;0,02004081334945884;0,0032517660751197885;-0,004080316580315657
-0,010280499425326;0,001749465046268473;0,008211675880665376;0,015960496769143184;-0,010274098641401726;-0,009696263203594069
-0,009921380947638368;0,00244241643438388;-0,00206242276073635;0,0062642335655491155;-0,0022782384593682745;0,013486019279127154
-0,008923842599185008;0,0034638348577259027;-0,004340661220104625;0,01975025284467627;0,001566489093243001;-0,013069868067714915
-0,007675734908109684;0,004402756370638471;-0,0027741721268616237;0,006680384776961354;0,002250425961159652;-0,0011685152587101455
-0,005637617103247309;0,005168051434746855;-0,0005237461657019715;0,005511869518251208;-0,001597056425781257;-0,01539244475720404
-0,0033322839073064796;0,005822379613780773;-0,0021208025914832285;-0,009880575238952832;-0,0030448271916706238;0,006493227058999282
-0,0008064759306356025;0,006455757946186612;-0,005165629783153852;-0,0033873481799535504;0,0036573884785432997;0,004803297903186621
0,0013241090364771617;0,007004304174933123;-0,0015082413046105525;0,0014159497232330703;0,013108833485752619;-0,006975749604012191
0,003319200076391784;0,007346225212353479;0,011600592181142066;-0,0055597998807791205;-0,011881884857932318;0,008703867952886413
0,005370929105235729;0,007627816597589413;-0,00028129267679025127;0,0031440680721072922;-0,004683213561839317;-0,012248807184682686
0,007200266138848509;0,00837343167007103;-0,004964506238629568;-0,009104739112575394;-0,010276962342213064;0,0019144503661261414
0,009155365895345581;0,009107795035481037;-0,015241468580842632;-0,007190288746449253;0,01116688241649394;0,0016115313028741418
0,010746276087339638;0,009643578151345861;-0,0040745861643486925;-0,005578757443575111;-0,006247654289306737;0,008994873673033643
0,012049574729475723;0,00956970252397698;-0,010322240453655429;0,0034161162294585323;0,007221693121255562;-0,011442338103910266
0,013129723073868805;0,009332843450034151;-0,0031005473323998667;-0,008026221874451733;0,0019103032656502539;-0,0037133185972416105
0,014346516067440227;0,008683094757945105;-0,0011902440667496128;-0,011739540471693344;-0,005147857316669252;0,0008690827126511258
0,015242260186033581;0,007909324172560064;-0,006338101383418865;-0,010870457759042218;0,005611709285847227;0,004199370552477377
0,0156684226857592;0,007087943824505039;-0,0007263920975716376;-0,006671087206564841;0,008360685211731583;-0,0060064171227328655
0,015659766875123132;0,006013039421113259;0,007634293114159946;-0,012677504329297706;0,010039083917511266;-0,008718978181505854
0,01538426757622447;0,004909079333818614;0,01767337703167121;-0,02139648251080356;-0,006703166371050243;0,021447389382152016
0,014601668104153899;0,004110490971090366;0,010970210660620969;5,090687134845506e-05;-0,006160716266694358;0,012924824982059269
0,012963209331651184;0,004018837689628967;0,004809494393926611;0,012975731853407724;0,002658902842281749;0,0019418114659492114
0,011326786834002409;0,004365992834592406;0,00746839723620836;0,014917543319356935;0,007157126767301333;0,005312563653166985
0,010209393610489944;0,004905527755312911;0,014625524003509693;0,02023010697252392;-0,011984613692665264;-0,01007463988186838
0,009688702119751754;0,00574379856548175;0,00264091031084443;0,01015546709065554;-0,010674393863451231;0,00751612069449234
0,009977214907914523;0,007167090335790976;-0,008033483552606802;0,01767158778514788;-0,007165650668597701;-0,004391379330411338
0,010671946379703512;0,00869601851853398;-0,015199134221204502;0,013280208454736542;0,005027458747825175;-0,007865771691856205
0,012073541362898416;0,00990360735917271;-0,010171675473379327;0,005414436762880337;0,011251014093453193;-0,01703018695527958
0,014006344684282784;0,010503230830963262;0,0010793386200738664;-0,011615750192399243;-0,005843099024173959;0,002153983754295985
0,016155725476182364;0,010695987283818641;-0,0047637604041000925;-0,009461766438103258;0,005984280513062046;0,006985335144749694
0,017840476260385974;0,010931917281476973;0,0012205201089619533;-0,002476431293353565;0,0008056426292616936;-0,004743359188762064
0,019146756387065453;0,010977296862971301;0,002026162738223647;-0,007219790482115629;0,005228698299271306;-0,0016012853307795227
0,02035397926201079;0,011071497248824108;0,007254861037494953;-0,008821075812895152;-0,0025573859813751154;-0,009783199049985702
0,0212724105176715;0,011246744144205864;0,0046974750561198375;-0,018604274862880854;-0,001410112504978689;0,015660427709915825
0,02183799874081641;0,011712185481087415;0,0032873625511411486;-0,002943847152965029;0,0013167897873049283;-0,005463845886681473
0,02165941596944608;0,012365525820213758;0,004604152338446077;-0,008407693039646502;-0,00173354444024576;0,009106878280813357
0,02136307931195715;0,01315036066138575;0,002870607898200317;0,0006991852411668553;-0,002469580017893769;0,00023293376100924634
0,02073043493288236;0,014119361596095583;0,0004010278803065481;0,0009321190021761017;-0,0070701814928510465;-0,011571110015769326
0,020125757963454248;0,01520318684673343;-0,006669153612544498;-0,010638991013593224;-0,0014934124181378294;0,006144420177801313
0,019558365754113176;0,01630305321258354;-0,008162566030682328;-0,004494570835791911;0,003857715650026683;-0,005121788517327142
0,018565413904228376;0,017136153433931867;-0,004304850380655645;-0,009616359353119053;-0,0026149737557032426;0,009886335705685645
0,0173926792209119;0,017642751014052903;-0,0069198241363588875;0,00026997635256659214;0,004711028772701131;-0,009685255421436834
0,015835290163470662;0,01797715457894771;-0,002208795363657756;-0,009415279068870241;-0,004860705744856253;0,00589419261412194
0,014288700160132086;0,018034765178388167;-0,007069501108514009;-0,003521086454748301;0,00592657298872995;0,003247167014489072
0,012365498994038703;0,01800402396328231;-0,001142928119784059;-0,0002739194402592293;0,012314882782085368;-0,009203393259631015
0,010301454369755386;0,017690502703835893;0,011171954662301309;-0,009477312699890245;-0,008470821632625913;0,005015268283658836
0,0082264529678617;0,017331264319598114;0,0027011330296753955;-0,004462044416231409;-0,000662538857922057;-0,00397040998232652
0,005772359057972404;0,017418904121852388;0,0020385941717533385;-0,008432454398557929;-0,0020565512507653705;0,011349624562328797
0,0031397833714338517;0,017614589245293678;-1,795707901203203e-05;0,0029171701637708686;0,0014653264218811302;-0,003873755802021095
0,00016990950895298283;0,0178918181356051;0,0014473693428690981;-0,0009565856382502264;-0,00827028280902914;0,019363249698891555
-0,0026832775469770517;0,01816832874275604;-0,006822913466160041;0,01840666406064133;-0,0022334235195829444;0,011498637523336339
-0,005574728028437095;0,018502734123621748;-0,009056336985742985;0,029905301583977667;-0,0005011000817741751;-0,009058114310509402
-0,007729911947471486;0,01856422296584105;-0,00955743706751716;0,020847187273468265;0,0054774941378310515;-0,009459816343169919
-0,00868888380314677;0,018263458328630636;-0,004079942929686109;0,011387370930298346;-0,004719937431947818;3,286409459854478e-05
-0,008813968167883322;0,017580396208719533;-0,008799880361633927;0,011420235024896891;0,005807517737635937;0,010224847309662083
-0,00848355769540794;0,016734136371620988;-0,0029923626239979906;0,021645082334558974;0,0007347333037011627;-0,0070199080170395695
-0,007696337821936685;0,015535881320057083;-0,002257629320296828;0,014625174317519404;-0,00534066326625654;-0,008636546632560263
-0,006043314655083069;0,01421793176353326;-0,007598292586553368;0,005988627684959141;0,005785742722706627;0,004308909259702967
-0,003805284515528677;0,012809677034197563;-0,0018125498638467408;0,010297536944662108;-0,005229030925783362;-0,0027599744162776912
-0,0013277092685759196;0,011097490601399734;-0,007041580789630103;0,007537562528384417;0,006259620132915478;-0,009039747636463674
0,0015617674561633219;0,009312802174048033;-0,0007819606567146253;-0,001502185108079257;-0,00028174922285655046;-0,01749985514358865
0,00475274668203794;0,007246450515111128;-0,0010637098795711758;-0,019002040251667907;0,012533652949255895;-0,009691869386000668
0,007883638503589389;0,005148820429905639;0,01146994306968472;-0,028693909637668574;0,0038740065603779655;-0,008491117163862388
0,01025444871507412;0,003008641949517302;0,015343949630062685;-0,03718502680153096;0,0037285480001317817;0,01066783263072843
0,01147750254105211;0,0013272611919163538;0,019072497630194467;-0,026517194170802533;0,0005302956864939382;0,01187425522040858
0,011213155294968859;0,0002596384195179132;0,019602793316688405;-0,014642938950393952;-0,004522176718626085;0,01462223399428153
0,00988812028205351;-4,508444767274862e-05;0,01508061659806232;-2,0704956112421735e-05;-0,011295963156593633;0,013759506291102244
0,0079773677111224;0,00043430441780412576;0,003784653441468687;0,013738801334989822;-0,002306151155113151;0,007545304213009696
0,006065786941946794;0,001516917947203493;0,001478502286355536;0,02128410554799952;0,0002973082177511535;0,004301725893022787
0,004703758226170781;0,0027509176142616076;0,0017758105041066896;0,025585831441022305;-0,005361749573646463;-0,002285820956814913
0,004193093732314748;0,004044057372773944;-0,003585939069539773;0,023300010484207392;-0,00035587838004202954;-0,01692749400332097
0,004705862496099608;0,005408229551450548;-0,003941817449581803;0,006372516480886423;-0,0018867469802408554;-0,009886634026100335
0,0061506316792527636;0,00662896416734556;-0,005828564429822658;-0,003514117545213913;0,007014857018685761;-0,01109847890263227
0,007850301521641376;0,007692026085257301;0,0011862925888631026;-0,014612596447846182;-0,001361049543465026;0,0003140388057813748
0,009409406662221433;0,008521945425976136;-0,00017475695460192342;-0,014298557642064808;-0,00423684755312681;-0,005817750433274399
0,010384007944887641;0,009399316470249493;-0,004411604507728734;-0,020116308075339207;0,00023822458512692823;0,005984317452136012
0,010786666921871257;0,010269697236338774;-0,004173379922601805;-0,014131990623203194;0,0026955954454381814;0,007313316865524805
0,010384673575841306;0,010963613822118906;-0,001477784477163624;-0,00681867375767839;0,0003919026650351931;0,011292756162124301
0,009417400604883226;0,011490595210994967;-0,0010858818121284308;0,0044740824044459115;0,00028759843587089495;-0,002430335312454651
0,008177380683618011;0,011958465220784482;-0,0007982833762575359;0,0020437470919912604;-0,00309542567400628;-0,008811543711788591
0,007116324058530632;0,01238289995808886;-0,003893709050263816;-0,006767796619797331;0,0033035449399931305;0,003986106489175953
0,006137017317122904;0,012775403360342935;-0,0005901641102706856;-0,002781690130621378;0,004947730942111983;-0,0018544867636133763
0,004886998710923282;0,013012158400586461;0,0043575668318412975;-0,0046361768942347545;-0,01000148862698541;0,00945626796554215
0,0035257124994988055;0,013225306876419157;-0,005643921795144113;0,004820091071307396;2,7576238616044968e-05;0,0020259770651323145
0,0019789792123049385;0,013612758025525504;-0,0056163455565280684;0,0068460681364397105;-0,004610047694512787;0,005685778088271759
0,0006250495679633674;0,013774452302826088;-0,010226393251040855;0,01253184622471147;-0,0007071935213976976;0,020751013217321534
-0,0004550373509206152;0,013711492757865549;-0,010933586772438553;0,033282859442033005;0,00486492864779986;0,0010806052660062362
-0,001033850420816139;0,013239477482863376;-0,006068658124638693;0,03436346470803924;-0,0004558291182674423;0,00027460026187128145
-0,00028134911303034265;0,01233011873696366;-0,006524487242906135;0,03463806496991052;0,008435765558342773;-0,024612568827067652
0,0018456907830770235;0,011178013666078398;0,0019112783154366375;0,010025496142842871;0,0050586208999185145;-0,021098661663794344
0,00535825327798081;0,009764929105476888;0,006969899215355152;-0,011073165520951472;0,0029383479150451586;-0,019497000397949688
0,009271835618598312;0,008428295677492845;0,00990824713040031;-0,03057016591890116;0,0020397446202240765;-0,00425363498283704
0,012742491338377755;0,007370458218123008;0,011947991750624387;-0,0348238009017382;-0,002517318966572285;0,0010998829600620263
0,014990340421401151;0,006708950643969184;0,009430672784052102;-0,033723917941676174;-0,00509503504294101;0,00535229852179403
0,01584523746835502;0,006525362739840335;0,0043356377411110925;-0,028371619419882144;-0,008828814333468271;0,018791833756569953
0,015351177797641842;0,00671900174707357;-0,004493176592357179;-0,00957978566331219;-0,0020661293234696676;0,021041222985716312
0,013722253350133377;0,007086066263951248;-0,006559305915826846;0,011461437322404122;0,004210086827570958;0,010432822125036406
0,011710137476092427;0,00727340371713464;-0,0023492190882558883;0,02189425944744053;0,00029448240212162635;0,0038190189826167453
0,01015647909494764;0,007198368933684958;-0,002054736686134262;0,025713278430057274;-0,003597713988185869;-0,014412404246410243
0,009478591091700473;0,0070293653867050405;-0,005652450674320131;0,01130087418364703;0,005706570017519924;-0,011457903433013589
0,0098292342256556;0,006778172372279752;5,411934319979328e-05;-0,00015702924936655815;0,0015429022703425388;-0,01033610950048891
0,010631912326956604;0,006300881330881658;0,001597021613542332;-0,010493138749855468;-0,004096249870991359;-0,0003836859524797842
0,01142830925828295;0,005825755063211556;-0,0024992282574490265;-0,010876824702335253;0,0012119333032947072;0,001975432294924584
0,011804980639615076;0,005414509660083148;-0,0012872949541543194;-0,008901392407410669;0,00015022650972003337;-0,0011593873251640185
0,011746579032853791;0,004903295126656778;-0,001137068444434286;-0,010060779732574687;0,0016673327072062871;0,01593714592731449
0,011332121729796078;0,004340588795064236;0,0005302642627720011;0,005876366194739802;-0,00655804743600881;0,003984453079968087
0,010515233237435381;0,003732399725694322;-0,006027783173236809;0,009860819274707888;0,005762139003663028;-0,0017906214481638316
0,009933399392864273;0,003145421226835288;-0,000265644169573781;0,008070197826544057;0,0036621758749909063;-0,00509728349250077
0,009745998319281482;0,0023173314010467823;0,0033965317054171253;0,002972914334043286;0,00066008884158659;-0,01118549484415643
0,009881405158760452;0,0014786158084753248;0,004056620547003715;-0,008212580510113143;0,002756761205945807;0,0002205136013749276
0,010135728571601155;0,0007757614841205525;0,0068133817529495225;-0,007992066908738216;0,0036352461951174066;-0,002353901297062755
0,010061548764037332;0,00023517198164592877;0,010448627948066929;-0,01034596820580097;0,007226870444414876;-0,009362024482393205
0,00966768628012398;-3,2882250710714045e-05;0,017675498392481805;-0,019707992688194176;-0,0009517341262129768;0,009631811229928317
0,008859985067978589;0,00011700863485532027;0,01672376426626883;-0,01007618145826586;-0,005853139180003804;0,00725294730035618
0,007263964148305431;0,0009739194561206267;0,010870625086265025;-0,0028232341579096792;-0,010437341806431424;0,013405052844633926
0,005264895970301639;0,0024997808480366865;0,0004332832798336003;0,010581818686724247;-0,001574943035898925;0,002413502356917979
0,003152898425981459;0,004460467243403347;-0,0011416597560653247;0,012995321043642226;-0,005754864361159587;-0,0023309700404804574
0,0014641736291302497;0,006438484969963351;-0,006896524117224911;0,010664351003161768;-0,00655779461069364;0,006387263738012489
0,00029526167402472905;0,008370836306280743;-0,013454318727918552;0,017051614741174257;-0,0017992103158626371;0,0007660403023727093
-0,00044707624095432076;0,01002732667790914;-0,015253529043781189;0,017817655043546966;0,009275328920518078;-0,015441970201206707
-0,0005073495662864002;0,011145644300420792;-0,005978200123263111;0,0023756848423402595;0,008641728869730858;-0,007327126384133603
0,00014508331012339903;0,011653820761181197;0,002663528746467747;-0,004951441541793344;-0,0010141021217228707;9,518985980639869e-05
0,0008925435802268086;0,011922869217011078;0,0016494266247448763;-0,004856251681986945;0,0018679602993357802;0,002491593067252308
0,0014419461886584844;0,01229845882269967;0,0035173869240806566;-0,002364658614734637;-0,004699759592517783;0,0027206492082221256
0,0017970987298106824;0,012740025493378056;-0,001182372668437126;0,0003559905934874888;0,002139873685144622;-0,00822719475780604
0,002057664926373495;0,013322287641019668;0,000957501016707496;-0,007871204164318552;-0,00694251754251729;-0,0035931394293269997
0,0023324707466758072;0,013857254881923796;-0,005985016525809794;-0,011464343593645551;-0,004018578098575143;0,007573504638823513
0,0022924284004053773;0,014430522163496223;-0,010003594624384937;-0,003890838954822038;0,0023489022152512473;-0,0013844043323975215
0,0017938123103891253;0,014764388784036258;-0,00765469240913369;-0,0052752432872195595;0,005396847960435325;-0,0038862185924734075
0,0011395626621799916;0,014698111619600895;-0,002257844448698365;-0,009161461879692967;-0,002660141459119414;0,005685766248159963
0,0002743032824820757;0,014325646758800185;-0,004917985907817779;-0,003475695631533004;0,007812926662081776;0,004308784938226586
-0,0009574145724035589;0,013862868120051542;0,002894940754263997;0,0008330893066935824;-0,006729240839959849;0,01016732729782191
-0,0023281602525505136;0,013203370044990186;-0,003834300085695852;0,011000416604515492;0,005022654331621246;0,0027856762560344722
-0,003665582360429725;0,01265966960009939;0,0011883542459253937;0,013786092860549964;0,0008086693454298355;-0,0029261475008523913
-0,004562987804128317;0,01196259715178076;0,0019970235913552292;0,010859945359697573;-0,002250239855709213;0,004044145395332488
-0,00490894953340491;0,011313058873299147;-0,0002532162643539837;0,014904090755030061;0,0017987937922991637;-0,008975382589449354
-0,0048205134482936;0,010743401538471743;0,00154557752794518;0,005928708165580707;-8,159759039200187e-05;-0,002145166251761879
-0,004135913732981088;0,010163615553070177;0,0014639799375531781;0,0037835419138188275;-0,002429805367038851;0,0024828609479949637
-0,0032141656910453474;0,009645652668786421;-0,0009658254294856727;0,006266402861813791;-0,0015955597096039553;-0,008651449000681974
-0,002141075972556854;0,009186248982004791;-0,002561385139089628;-0,0023850461388681826;0,002007668432037729;-0,002508059209341343
-0,0008173301395958089;0,008688212278043735;-0,0005537167070518989;-0,0048931053482095255;-0,00607286667871984;0,004761597841094985
0,0004110138478105091;0,008087720168519092;-0,006626583385771739;-0,0001315075071145408;0,007387044616535776;0,004626819227789382
0,001443633621288446;0,007465079390712375;0,0007604612307640368;0,004495311720674841;-0,002527211389129272;-0,0031400469568912473
0,002470993094481801;0,006577375277474788;-0,001766750158365235;0,0013552647637835938;0,0059152813699400175;-0,0036997381258767406
0,00367816503650215;0,005720089613467762;0,0041485312115747824;-0,002344473362093147;-0,0021100681483367523;0,01199255314195731
0,004939547569073843;0,004792133943126126;0,00203846306323803;0,009648079779864163;0,0038608691357244485;-0,0024950276149043743
0,0061071511671618095;0,004030119521247482;0,005899332198962479;0,007153052164959789;-0,00017918229560952292;-0,011472539373599933
0,007660677956444343;0,0033496436218983594;0,005720149903352956;-0,004319487208640144;-0,011214807832903184;-0,01395016364580684
0,009500326832325268;0,0029051410105077357;-0,0054946579295502285;-0,018269650854446984;0,0011934538605132133;-0,005859561119913093
0,011167196219860587;0,0026894443952512307;-0,004301204069037015;-0,024129211974360076;-0,003944242247013747;0,0019904110245753115
0,012103279573218027;0,0022539614628127157;-0,008245446316050762;-0,022138800949784765;0,007387917799684323;0,006420166297180979
0,012074194447601064;0,0016464303676127206;-0,000857528516366439;-0,015718634652603786;-0,003230157077614256;0,016919777291235144
0,01115955728399271;0,0007090814197706951;-0,004087685593980695;0,0012011426386313584;0,006267261638177233;-0,0019019896534231695
0,009616174734280204;-0,00026256866872598813;0,002179576044196538;-0,0007008470147918111;-5,9960454847060585e-05;0,011770919654361944
0,008120837890112953;-0,0013977261809818991;0,0021196155893494772;0,011070072639570133;0,0058830791616511224;0,00386034536682317
0,00659746716535403;-0,0024457006514699486;0,0080026947510006;0,014930418006393303;0,0014161895467033336;-0,00548383768972889
0,0055168993461779114;-0,003408890498384019;0,009418884297703933;0,009446580316664413;-0,002051370710924802;-0,01553678818123777
0,005033548247257526;-0,004051972555258065;0,007367513586779131;-0,006090207864573358;-0,00037796870228938573;-0,009265863849210534
0,004928060361003716;-0,004318299240223955;0,006989544884489746;-0,015356071713783892;-0,006294214810074833;0,004221698086460321
0,004578964160166972;-0,004289925381718678;0,0006953300744149127;-0,011134373627323571;0,003925332060191258;0,004439213600223535
0,003615625090778873;-0,0039819697278338125;0,004620662134606171;-0,006695160027100036;-0,009669491782255069;-4,363905345203256e-05
0,0022069110762978307;-0,00364620087097235;-0,0050488296476488975;-0,006738799080552069;-0,005027505592373055;0,005765327131958806
0,000530390660732787;-0,0031256055287266406;-0,010076335240021952;-0,000973471948593263;-0,0007567077116728688;0,006508119498580531
-0,0014156817180543397;-0,002806963372386887;-0,010833042951694821;0,005534647549987268;0,002772927904082373;0,010852713664982569
-0,0034006929747851964;-0,0028913746256480116;-0,008060115047612448;0,016387361214969837;0,0034742400972482546;0,004517400786813952
-0,005164318329516563;-0,0034091075969769295;-0,004585874950364194;0,02090476200178379;0,001280634298066255;-0,0017359926380306756
-0,006272449235649136;-0,0042492451702103445;-0,003305240652297939;0,019168769363753113;0,006843963729148153;-0,007327401482041723
-0,006544389661710357;-0,005272817741458328;0,0035387230768502143;0,01184136788171139;0,005759679225731396;0,010884671414807909
-0,006049579313221453;-0,0064285999387982285;0,00929840230258161;0,0227260392965193;-0,0012071745901611752;-0,00379682556404691
-0,005081114249464095;-0,00744283321306412;0,008091227712420435;0,01892921373247239;0,002588829371907103;-0,014773806750692967
-0,0032036076138459643;-0,008085130395226748;0,010680057084327538;0,004155406981779422;-0,0049152788037917505;-0,018167291330803567
-0,0005689324289289376;-0,008403778468892559;0,005764778280535787;-0,014011884349024145;-0,0006826651561292751;-0,005619728623711906
0,0022319590352592655;-0,008295224259185267;0,005082113124406512;-0,01963161297273605;-0,0007590157273593412;0,005173562821014138
0,004472375125486503;-0,007956078918256546;0,004323097397047171;-0,014458050151721913;0,003636781631032898;-0,005299115913818264
0,005927526696804298;-0,007413649052351562;0,007959879028080069;-0,019757166065540177;-0,0022216587438123603;-0,003370915903551458
0,006804356262053217;-0,006698295290564692;0,005738220284267709;-0,023128081969091635;-0,0081508863995981;0,0196740527695545
0,006890899184680529;-0,00566454636765462;-0,002412666115330392;-0,003454029199537134;-0,0034208187958048517;0,004290863436402434
0,006052318828544175;-0,0044012686333738385;-0,0058334849111352435;0,0008368342368652998;0,004397693911892035;0,002043697516497356
0,005075577304426336;-0,003234497543706273;-0,0014357909992432083;0,0028805317533626557;-0,0019270047575274465;0,0023203661356039906
0,004132309149783109;-0,0023010658504841173;-0,003362795756770655;0,005200897888966646;-0,0016118741638892313;-0,002803432195004174
0,003304262265274389;-0,00142506579723169;-0,004974669920659886;0,0023974656939624722;-0,0028926935547108866;0,010752850228338412
0,002684251296324334;-0,0006835775742500888;-0,007867363475370773;0,013150315922300884;0,006156628283633907;-0,017813821951814933
0,002160138955132778;-0,0001410761480948831;-0,0017107351917368657;-0,004663506029514049;0,006106660214875472;-0,0060135579814665704
0,002162039250833257;8,673073904549161e-05;0,004395925023138607;-0,01067706401098062;-0,0017933471540860111;-0,008597753431433527
0,0019773993053531745;0,0002461082185163917;0,0026025778690525955;-0,019274817442414147;0,0011178801760319788;-0,004286885579448743
0,0013656767994338669;0,000581322698912836;0,0037204580450845744;-0,02356170302186289;;
-1,703840418200626e-05;0,0010206402940713842;;;;
-0,0023422217286723952;0,0016087762110333155;;;;
