x;y;acc_x;acc_y;jerk_x;jerk_y
0,0018137422790362808;-0,0025817500193455107;0,0004880260925405368;0,0004739270590111318;-0,000862698511635035;-0,002316854812412325
0,0014128308653924646;-0,00165873054866198;-0,0003746724190944982;-0,0018429277534011933;0,0002215183448600576;-0,004982130636031994
0,00103144049545027;-0,0007167539956180039;-0,0001531540742344406;-0,006825058389433187;0,0011720980962257183;0,0018573957079205707
0,0006350632287442955;0,0001515054472899242;0,0010189440219912776;-0,004967662681512617;-0,0003656209993629367;0,0035626003008924125
0,0002325597990689433;0,000746762554620525;0,000653323022628341;-0,001405062380620204;-0,0006859547285530364;0,000144463088165743
-0,0001291858697267577;0,001143313154690621;-3,2631705924695414e-05;-0,001260599292454461;0,0008967424812960437;-0,0006648532926588728
-0,00046479861761732506;0,0014836612595359089;0,0008641107753713483;-0,001925452585113334;-0,001593178351952742;-0,0007371364329951946
-0,0008017166337448803;0,0017735853926830183;-0,0007290675765813937;-0,0026625890181085285;0,0009476154744886139;0,0019818405834839334
-0,0011040702188575815;0,0019864914224255945;0,0002185478979072203;-0,0006807484346245951;0,0003893001320885575;0,0013176642384290366
-0,0014355865070335386;0,0020928938914438295;0,0006078480299957778;0,0006369158038044415;-0,00043317942441738894;-3,1291467701283215e-05
-0,0017583608792932069;0,0021720664230770806;0,00017466860557838887;0,0006056243361031582;0,0013335220768140033;0,0017317921111389828
-0,002056821330353044;0,0022767155868625094;0,0015081906823923921;0,002337416447242141;0,0006857873499836395;0,0008578434087544787
-0,0023482950371897455;0,0024055897240920646;0,0021939780323760316;0,0031952598559966197;-0,00021950223394688606;-0,001004705130130075
-0,0025794411167307514;0,0026279605192113054;0,0019744757984291456;0,0021905547258665448;0,002392617041831302;-0,0016208414516810377
-0,002722828074976716;0,002978141708570411;0,0043670928402604475;0,0005697132741855071;-0,0024086134843435344;-0,0017086511865661291
-0,002787236001285515;0,003415945086964178;0,001958479355916913;-0,001138937912380622;0,0009720370248156307;-0,0032292437324241696
-0,0026769602139838956;0,003876536996325366;0,0029305163807325438;-0,004368181644804792;-0,00099245264684978;0,0006298762398975616
-0,0024883452524456;0,004291571389191329;0,0019380637338827639;-0,00373830540490723;-0,0034472854932354954;0,0018418820239501366
-0,0021825096356780024;0,0045318785162651;-0,0015092217593527316;-0,0018964233809570935;0,0004894146304746383;0,0007251723499411
-0,0017991514695550944;0,004622653427142582;-0,0010198071288780933;-0,0011712510310159935;-0,0011503153171375444;-0,0004903682103333251
-0,0014761621738062958;0,00463757140278178;-0,0021701224460156376;-0,0016616192413493186;0,00013294574575530363;0,00015259122046688833
-0,001193965163212621;0,004605639337180338;-0,002037176700260334;-0,0015090280208824303;-0,0013022173367574913;-0,0012067520801442577
-0,0009985730504595714;0,004507242501924924;-0,0033393940370178253;-0,002715780101026688;0,00018032812949045351;-0,0014758575294115672
-0,0008846680057169353;0,004348484545834213;-0,003159065907527372;-0,004191637630438255;0,0035121508423299093;-0,0013021081071916546
-0,0009043387224550121;0,004081095385702433;0,0003530849348025375;-0,00549374573762991;3,562295856916059e-05;0,00045609450171647803
-0,001050372075494184;0,0036460407203531245;0,0003887078933716981;-0,005037651235913432;-0,0013297888937222023;0,0021577167504393743
-0,0011822820311412543;0,0029912362254986185;-0,0009410810003505042;-0,0028799344854740574;0,0031699231411600505;0,004254477812504841
-0,0012986436710534567;0,0021349256812075758;0,0022288421408095463;0,0013745433270307833;-0,0006718479015335524;0,001894701215743498
-0,0014526485509796792;0,0011634177574975705;0,001556994239275994;0,0032692445427742814;-0,001101591686349948;0,0007936572540871139
-0,0015174997452735198;0,00024689156686879654;0,0004554025529260458;0,004062901796861395;-0,00018022882953307173;-0,00029260685224204164
-0,0015200711699963206;-0,0005388648420490062;0,0002751737233929741;0,0037702949446193536;0,0012957671908410892;-0,00034998727261532393
-0,0015044264926020797;-0,001162105179092353;0,0015709409142340633;0,0034203076720040297;-0,0007155612804032388;0,0011796509505916132
-0,00147777486627212;-0,0016345337183509257;0,0008553796338308245;0,004599958622595643;-0,000889161099074276;-0,003804775000397921
-0,0013882856033727976;-0,0019701499507293373;-3,378146524345149e-05;0,0007951836221977218;0,0003169146241929141;-0,001419328476845505
-0,001264581155120242;-0,002121767838203923;0,0002831331589494626;-0,0006241448546477832;0,0008729013347923281;0,0014418127482394294
-0,0011422279654774248;-0,0022415783807905997;0,0011560344937417907;0,0008176678935916462;-0,0010764840058386307;0,004200607909823094
-0,001008549449476629;-0,002386354717563188;7,955048790316e-05;0,00501827580341474;-0,000418276784397275;-6,979867858376843e-05
-0,0008286295537261615;-0,0024984243385921105;-0,000338726296494115;0,004948477124830972;0,0002701399975734344;7,789167287403781e-05
-0,0006455276384595677;-0,002409762927484443;-6,858629892068056e-05;0,0050263687977050095;0,0007656216211535168;0,0025207591851598293
-0,00047597477505273835;-0,002123162431383537;0,0006970353222328363;0,007547127982864839;0,0006941239881359355;-0,0015902151092304466
-0,0003091653636027363;-0,0016355071833744307;0,0013911593103687718;0,005956912873634392;7,109288086914502e-05;-0,002836767738796913
-0,00011447453926342085;-0,0008459668160507305;0,0014622521912379168;0,0031201451348374792;0,0012513748262241754;-0,0026385347759146256
0,00013586265749064553;0,00018185006621834515;0,0027136270174620922;0,0004816103589228536;-0,0021560416198704094;-0,000828897436478019
0,0004446899418942286;0,00133447275388092;0,0005575853975916829;-0,00034728707755516536;-0,00015007712148237644;-0,0016318923128880794
0,0008620623069962953;0,0025063598559004092;0,00040750827610930643;-0,0019791793904432448;-7,926566930962706e-05;-0,004323167535073613
0,0013017380880020295;0,0036643554748176915;0,00032824260679967937;-0,006302346925516858;-0,0015433224478772281;-0,002771871022735614
0,0017577142000521357;0,004743183918117244;-0,0012150798410775487;-0,009074217948252472;-0,002257907758060132;0,00233667420443609
0,0022268200163742292;0,005569918484396122;-0,0034729875991376807;-0,006737543743816382;0,001379973336912102;0,0029815124864537856
0,0026473226390532206;0,006033684332744902;-0,0020930142622255787;-0,0037560312573625965;0,0015584379412598298;0,0005859103251627806
0,002928905757766705;0,006227948431341026;-0,0005345763209657489;-0,003170120932199816;-0,00039373152847925474;0,0008729413605945702
0,0031267683059911663;0,006271971279642646;-0,0009283078494450037;-0,0022971795716052457;0,0004177213452923184;0,00019912843359451426
0,0033032478013769974;0,0061891892906562745;-0,0005105865041526852;-0,0020980511380107314;-0,002166267200671354;0,0020585878796024193
0,0034425949827850285;0,006014520118805692;-0,0026768537048240393;-3,946325840831211e-05;0,00569422402746432;-0,0005676852892597672
0,003561518704026952;0,005755928901434681;0,003017370322640281;-0,0006071485476680794;-0,005796782033848397;0,003753243988087379
0,0035733682770759142;0,005495759153727337;-0,0027794117112081157;0,0031460954404192998;0,0032258303190319526;-0,002782733688531519
0,0037059126630304873;0,005211303464113269;0,0004464186078238369;0,00036336175188778075;-0,0016173087945650644;-0,0013314909824896082
0,003727280580536736;0,005052691592115975;-0,0011708901867412275;-0,0009681292306018274;-0,0008704893865877361;0,00026438875393537675
0,003766505242355938;0,004908614190194191;-0,0020413795733289636;-0,0007037404766664507;0,0020865023040563535;0,004395310149873391
0,0037588942967054914;0,004725811619048333;4,5122730727389926e-05;0,0036915696732069403;-0,004688227773504722;0,0047598531534674
0,0036696281681218856;0,004514859428835819;-0,004643105042777332;0,00845142282667434;0,0064157895080518;-0,008668893349719958
0,0035821669487673758;0,004451570025551581;0,0017726844652744683;-0,0002174705230456181;-0,0035096082897290437;0,0022470557443284717
0,003308981527701773;0,004726337535334317;-0,0017369238244545754;0,0020295852212828536;0,0021228488768559595;-0,0007333096548210599
0,003106703485247148;0,004992406224195229;0,0003859250524013841;0,0012962755664617936;0,00022720537538475916;-0,0011068602992497928
0,0028349484898143405;0,005339658321907454;0,0006131304277861432;0,00018941526721200086;0,0028512188349537546;-0,00409553272488436
0,0025786304964775884;0,005738761442278152;0,003464349262739898;-0,003906117457672359;0,0008596424572671971;-0,0032690831192559444
0,0023468377202522823;0,0061454411733373295;0,004323991720007095;-0,007175200576928303;-0,0015792467526646245;0,003806094734438936
0,0022536189145365717;0,006395876206089612;0,0027447449673424704;-0,003369105842489367;-0,0020443715469431398;0,00444591915442924
0,002333359777621145;0,006359303215764763;0,0007003734203993306;0,0010768133119398726;0,0018165047183242022;-0,0014180173735338086
0,0025228904393994173;0,00618796599174034;0,002516878138723533;-0,000341204061593936;-0,004744927585980982;0,0011017891581965866
0,0027404360379936626;0,006059701300193511;-0,002228049447257449;0,0007605850966026506;-0,000124778501400441;0,000541359359340271
0,003058656762136849;0,005917788446182925;-0,00235282794865789;0,0013019444559429216;-0,0007673471907850976;-0,0006314584610953022
0,003287755508389738;0,005806298996036445;-0,0031201751394429877;0,0006704859948476194;0,0007578271369211159;0,0007571022568827745
0,0034227411366963114;0,00574688732412768;-0,002362348002521872;0,001427588251730394;0,0016467938170536822;-0,002937465752151147
0,0034329197594251647;0,005714295092012822;-0,0007155541854681896;-0,0015098775004207532;-0,002281936796542053;-0,004863535167059452
0,0033486044620531434;0,005738806389967179;-0,0029974909820102424;-0,006373412667480205;0,0045712052011006865;0,0018150044527172615
0,003235666997262395;0,005702922587904707;0,001573714219090444;-0,0045584082147629434;0,0007708969090889084;0,004134590740151364
0,003002829893191236;0,005412102279143026;0,0023446111281793525;-0,00042381747461157915;-0,0022469485803286865;0,0029644902140116974
0,002832941357883695;0,004938945641790826;9,766254785066597e-05;0,0025406727394001183;-0,0017636160984853821;0,0013648565104894261
0,0027568372677033285;0,004448836305454164;-0,0016659535506347162;0,0039055292498895444;0,0028615932341814615;-0,0021296879845665723
0,002684639679436989;0,004060353878693507;0,0011956396835467453;0,0017758412653229722;-0,0002622438167604671;-0,0001276494319490118
0,00254580394914526;0,003828092621928431;0,0009333958667862782;0,0016481918333739604;-0,00012772093590696781;0,0005476637000055851
0,002454793806195401;0,0036668650157762744;0,0008056749308793104;0,0021958555333795454;-0,0001075335258636026;-0,004137812674427074
0,0024011194979169934;0,0035715650829590763;0,0006981414050157078;-0,001941957141047529;-0,0009256261448131187;0,0003099762886672047
0,002379672186873758;0,00356409937147706;-0,00022748473979741085;-0,0016319808523803242;0,002200866327506018;8,789856055062273e-05
0,002386150532031151;0,0034789553743531424;0,0019733815877086072;-0,0015440822918297015;-0,0026712828798951954;0,0017666509864638774
0,0023835294875966476;0,0033285321431340115;-0,0006979012921865882;0,00022256869463417595;-0,0011845783316801542;0,002431678127035611
0,0024598437066704884;0,003116345620241693;-0,0018824796238667424;0,0026542468216697868;0,0002757894286863488;0,0039243203151764355
0,002508241874056866;0,002913061845134741;-0,0016066901951803936;0,006578567136846222;0,0013151474744233851;-0,0002573684604302018
0,0024813408564885735;0,002815947942894581;-0,00029154272075700843;0,0063211986764160205;-0,00033862296275032067;-0,0010952543827533606
0,002390172231113065;0,00298197672612827;-0,0006301656835073291;0,00522594429366266;0,0014103560088443434;-0,0005162589474793089
0,0022873418969072768;0,0034008534564185997;0,0007801903253370143;0,004709685346183351;-0,0013720997841887572;-0,0012269982203875623
0,002159304935361195;0,004028767958455436;-0,0005919094588517429;0,0034826871257957887;-0,00010114806726190667;-0,004099410472875792
0,002062475586828594;0,0048450698743396055;-0,0006930575261136496;-0,0006167233470800032;0,0011359604096792195;-0,0032519742303924043
0,0019419698599419232;0,005800679275255607;0,0004429028835655699;-0,0038686975774724075;-0,0007472199322993422;-0,0021029627487426927
0,0017937418320107066;0,006731619742288409;-0,00030431704873377236;-0,0059716603262151;-0,0012618978057720512;-0,001989962722568628
0,0016632299194221127;0,007507812306222313;-0,0015662148545058235;-0,007961623048783728;-0,0014685781859205445;0,0013914816200141233
0,0015205453248841676;0,008045138457107614;-0,003034793040426368;-0,006570141428769605;0,0020124853982468587;-0,00035054639486042927
0,00131521213616599;0,008263999686041567;-0,0010223076421795093;-0,006920687823630034;-0,0011192847519985658;0,0036451697021853413
0,0009884872258307574;0,008220055257824734;-0,002141592394178075;-0,0032755181214446927;0,0028431239983289242;0,0020846731633540894
0,0006208700098083445;0,007899283316662701;0,0007015316041508492;-0,0011908449580906033;-0,00024425417253959303;-0,003516867861737716
0,00016758909801880867;0,00744749065064288;0,00045727743161125614;-0,004707712819828319;0,00045360619926195986;0,0014980303034169418
-0,00025763054960469326;0,0069480641862994345;0,000910883630873216;-0,0032096825164113774;0,0021359574574060167;0,0015658986168217565
-0,0006645590999637449;0,006260329209162856;0,0030468410882792327;-0,001643783899589621;-0,0006061692773043637;-0,0016065966234813933
-0,001035052305087868;0,0054442069313698225;0,002440671810974869;-0,003250380523071014;0,004945834594408831;0,0019494514113154449
-0,0012836718666808216;0,004562333297593204;0,0073865064053837;-0,0013009291117555694;-0,007835666046794556;0,004946238313691773
-0,0014346645558347805;0,003550444442893746;-0,00044915964141085604;0,0036453092019362032;0,00016819121853743624;0,0010470196004948897
-0,0012901969887733917;0,0024865184237240646;-0,0002809684228734198;0,004692328802431093;-0,0007926684725611186;0,0025465874777818864
-0,0011636958073684368;0,0015684047726318311;-0,0010736368954345384;0,007238916280212979;0,002416841702548099;-0,0010105324159897597
-0,0010484333628784188;0,0008379842736368417;0,0013432048071135606;0,0062283838642232196;-0,001761823890916267;0,0024292226770141236
-0,0009761163942057823;0,0003971204258503712;-0,0004186190838027064;0,008657606541237343;-0,0033852742973944777;-0,005594659760177541
-0,0008500712332486036;0,00020539193263282955;-0,003803893381197184;0,0030629467810598023;0,005715670688656575;-0,004471102267689226
-0,000740770835643533;0,00035996770106478163;0,0019117773074593912;-0,0014081554866294237;-0,001585801509554112;0,0013388245751884704
-0,0007836261732863496;0,0006370613407391259;0,0003259757979052792;-6,933091144095335e-05;0,0016421041928441557;0,0005557215121390971
-0,0007500104186307907;0,000857828760948293;0,001968079990749435;0,00048639060069814374;-0,001994649827891508;-0,0010840777217007817
-0,0007033556320590207;0,0010758229446998222;-2,656983714207327e-05;-0,000597687121002638;-0,00012127432531222095;-0,0009895085134557363
-0,0005779776458572732;0,0013132727524792771;-0,00014784416245429421;-0,0015871956344583743;0,0017058374304213036;-0,0018924064055278328
-0,0004536624531412086;0,0015268150754186264;0,0015579932679670094;-0,003479602039986207;-0,0006856394309931605;0,002485990001401525
-0,00033526102692331585;0,0016768695729796408;0,0008723538369738489;-0,000993612038584682;-0,0015561876815117183;0,0022934181616347527
-0,00015453986998674267;0,0016877399889412069;-0,0006838338445378693;0,0012998061230500707;0,0019438499092277175;0,0013935272232585838
6,107544042878443e-05;0,0016588659233593855;0,0012600160646898482;0,0026933333463086545;-0,00045014258918452815;0,0014144073041987976
0,0002493373970627968;0,0016819841026995672;0,00080987347550532;0,004107740650507452;-0,000937875492371152;-0,0006846839853203446
0,00048799999628440304;0,001812835615892095;-0,00012800201686583197;0,0034230566651871075;-0,0003544058327871521;-0,0024084967827217793
0,0007590575345262222;0,002107996755104921;-0,00048240784965298406;0,0010145598824653282;-0,00038051669172317615;-0,0027653102686958433
0,0010249949920934079;0,002540080160925231;-0,0008629245413761602;-0,0017507503862305152;-0,0021253904661483816;-0,0020910980678215674
0,0012716361356744743;0,0030127459620441542;-0,002988315007524542;-0,0038418484540520825;-0,0009878498362313123;0,001125847171047148
0,0014837602976004944;0,003415381747713857;-0,003976164843755854;-0,0027160012830049346;0,0010201772760244018;-0,004946104004142068
0,0015763518592255327;0,0036643435952214767;-0,0029559875677314523;-0,007662105287147003;0,0024640506488681525;-0,004549510947124538
0,001509896827100337;0,0038046653914088984;-0,0004919369188632998;-0,012211616234271541;-0,0010411296595762495;0,007372899244766806
0,0013252022922658829;0,0036385029761104404;-0,0015330665784395493;-0,004838716989504735;0,0020599986479480446;0,003403113070031088
0,001120830280676897;0,002983875911441121;0,0005269320695084952;-0,001435603919473647;0,0021746627497348653;0,004171586522779328
0,0008551356059503292;0,0021357001671916116;0,0027015948192433605;0,002735982603305681;-0,0006297922776444254;-0,0030328025390803127
0,0006105182140041011;0,0012301002661631564;0,002071802541598935;-0,00029681993577463164;-0,0005908282289630064;0,0002849438816693618
0,0004739646148276074;0,0004339396692669287;0,0014809743126359288;-1,1876054105269818e-05;-0,001872435848977845;0,003939048144591326
0,00042028311731507115;-0,0003740937250602843;-0,00039146153634191626;0,003927172090486056;0,0013674787431981073;0,00162771761237495
0,0004258405923079721;-0,0011826021615517083;0,0009760172068561911;0,005554889702861006;-0,0007216555899607;0,0010651474274923842
0,00041573960584719634;-0,0018340237144236899;0,0002543616168954911;0,00662003713035339;-0,00034153647235587656;-0,00026057382632140025
0,0004446793076606682;-0,0022632496791812314;-8,717485546038545e-05;0,00635946330403199;-0,001573163867195618;-0,004881766505412395
0,0004837934741499598;-0,002427674158724637;-0,0016603387226560035;0,0014776967986195946;0,0017935807736804213;0,0022125436217165922
0,000519420646420836;-0,0023377201061067633;0,00013324205102441776;0,003690240420336187;0,00019226236794741246;-0,00013749228858475626
0,0004886342697854719;-0,0021886581815441057;0,0003255044189718302;0,0035527481317514306;0,0006192737739287076;-0,001623307969216406
0,0004631775751910846;-0,0018919866401680007;0,0009447781929005378;0,0019294401625350246;-0,000965640558533102;-0,002830497455730321
0,0004507410573555705;-0,0014532051735218383;-2,086236563256412e-05;-0,0009010572931952964;0,0002326990661261734;-0,0010717260347779672
0,0004760956672360779;-0,000937246100374275;0,00021183670049360927;-0,0019727833279732637;0,0003743823892258854;0,004542515893397972
0,0005006157824912828;-0,0004573293189545235;0,0005862190897194947;0,0025697325654247087;-0,00032130478416042725;-0,0002238441707671443
0,000533609365766232;-5,632387065370264e-05;0,0002649143055590674;0,0023458883946575644;-0,001414885488714726;-0,0013610196652327142
0,000590051712629961;0,00044747088026410656;-0,0011499711831556587;0,0009848687294248502;-0,0029233589612076023;0,0005803389877428768
0,0006570906317160527;0,0010451011669682184;-0,004073330144363261;0,001565207717167727;-0,00045539432490871237;0,0016053140292630122
0,000678130703475918;0,0016821262028493243;-0,004528724469271973;0,003170521746430739;-0,00016986083157280452;0,0006589080070264625
0,000536237569461253;0,002381759547417139;-0,004698585300844778;0,0038294297534572017;0,0036814014132041002;-0,0019427356746710353
0,00021319545667570898;0,0032082137618421836;-0,0010171838876406776;0,0018866940787861664;0,00025915572657995295;-0,004536786596584436
-0,0002977900681436262;0,004187845166405516;-0,0007580281610607247;-0,0026500925177982693;0,0008714615085949375;0,0006661118807166355
-0,0008494629484685884;0,005242944334120295;0,0001134333475342128;-0,0019839806370816337;0,002051909140652085;-0,0038504307413490257
-0,0014314569552359795;0,006192039801123143;0,0021653424881862976;-0,0058344113784306595;0,0025842756221253413;-0,0001026702469895946
-0,0020089136281020025;0,007061776042642727;0,004749618110311639;-0,005937081625420254;-0,0006967155400393818;-0,004190676195734294
-0,0024997566014405732;0,007698135829025084;0,004052902570272257;-0,010127757821154548;8,316387556457638e-05;0,0002227572552457313
-0,0028006148503666784;0,00809701235039063;0,0041360664458368335;-0,009905000565908817;-0,00200867681298178;0,0011358931338796008
-0,0029393569964818933;0,008090778558909995;0,0021273896328550534;-0,008769107432029216;-0,0015045000969044486;0,00560505178424095
-0,002912656484763635;0,0076883447447930065;0,0006228895359506048;-0,0031640556477882664;0,0008637701024746466;0,006197845937395446
-0,0028008603877311745;0,00693514663339485;0,0014866596384252515;0,00303379028960718;-0,0010377451390940484;-0,0024868436119878656
-0,0026641487092606895;0,006055386296085163;0,00044891449933120303;0,0005469466776193144;0,00036965145364774993;-0,001311538278328181
-0,002467970645253195;0,0052969775703597625;0,000818565952978953;-0,0007645916007088666;-0,0016248748703620239;0,0015395571268802949
-0,002253836001272452;0,004560446711739135;-0,0008063089173830709;0,0007749655261714283;0,0011458656976613482;-0,0004194888222584098
-0,002006958719172551;0,0037933321890901523;0,0003395567802782773;0,00035547670391301855;0,0012935218644818045;0,0019170752883603467
-0,001792333793767973;0,003057216287488027;0,0016330786447600817;0,0022725519922733653;-0,0009368594865372219;-0,0030291659072410985
-0,0015641265971522637;0,0023353194540424228;0,0006962191582228598;-0,0007566139149677333;0,0015958463804588603;-0,0022598633497821936
-0,001270596254746151;0,001704324700287753;0,00229206553868172;-0,003016477264749927;-0,0007445272735087417;0,0020427515537151976
-0,0009492171460111242;0,0010430653899343738;0,0015475382651729784;-0,0009737257110347293;-0,0017660642023876894;-0,00032938387888970314
-0,0005361554157288284;0,00026114698899099763;-0,00021852593721471102;-0,0013031095899244324;-4,536481043788086e-05;0,0027864561689078804
-6,119215483961352e-05;-0,0005597204403937678;-0,0002638907476525919;0,001483346578983448;-0,0008503168972351666;0,0003665151484988846
0,0004050300685610129;-0,0014327122533755105;-0,0011142076448877585;0,0018498617274823326;0,0014452511536707843;-0,0012580633315773596
0,0008606966620555357;-0,0022463702031979152;0,00033104350878302574;0,000591798395904973;-0,003887251253286282;0,0027207855211765983
0,0012717949497545481;-0,002986033683921027;-0,0035562077445032564;0,0033125839170815713;0,0012944569634581807;0,005522880389521173
0,0016961349778048815;-0,0037020252288079395;-0,0022617507810450757;0,008835464306602744;-0,0018066971535559417;-0,0027610486467923995
0,0019782266960750848;-0,004285513417011589;-0,0040684479346010174;0,006074415659810345;0,0001839797359922679;0,0011766077301433309
0,002169848383103485;-0,004515583032951129;-0,0038844681986087495;0,007251023389953676;-0,0005593769626432363;-0,002919484127656108
0,0021987321527478444;-0,004502676022498255;-0,004443845161251986;0,004331539262297568;0,0016257477514241905;-0,003800869369259968
0,002072237194447854;-0,004199728076447234;-0,0028180974098277953;0,0005306698930375997;0,0005778582771849318;0,0007184170451789429
0,001767988429697784;-0,0037235185599043103;-0,0022402391326428635;0,0012490869382165426;3,743322270177013e-05;-0,0016913241761246159
0,001351015768554602;-0,0032260822476398825;-0,0022028059099410933;-0,0004422372379080733;0,0035439153492989837;0,002205175503930637
0,0008444335421057057;-0,0026786824578467934;0,0013411094393578904;0,0017629382660225637;0,0013250289256060161;-0,00041479919999284215
0,00024973907925916565;-0,0021489721575700268;0,0026661383649639065;0,0013481390660297216;0,002767833930109369;-0,00022718481906301713
-0,0002913110060130588;-0,0015487443266523578;0,005433972295073275;0,0011209542469667044;-0,0019947438950002807;-0,0014942593799377457
-0,000725715556686727;-0,0008945909330935;0,0034392284000729946;-0,0003733051329710413;0,00016778566052001037;-0,0016222895940760911
-0,0009427612155574641;-0,00019559936965597415;0,003607014060593005;-0,0019955947270471324;-0,0009103999116489327;0,0011066338401249896
-0,0010222377384252815;0,0004884599884627102;0,0026966141489440723;-0,0008889608869221428;-0,0004250169888990029;-0,0031154230430582765
-0,0009574336988693786;0,0010926955574995093;0,0022715971600450694;-0,004004383929980419;0,0011877260934516406;-0,0018905018266402729
-0,0007847650933557129;0,0016613726910594227;0,00345932325349671;-0,005894885756620692;-0,0051382518787038665;0,0006662784163351115
-0,0005212326014402444;0,0020698744674201193;-0,0016789286252071565;-0,005228607340285581;0,001243541175562855;0,0031493588807360653
-0,00011932717938490751;0,002242580813515988;-0,0004353874496443016;-0,0020792484595495153;-6,055873008006113e-05;0,0018861308024194987
0,0002154210976621431;0,0022061428660004336;-0,0004959461797243627;-0,00019311765713001666;2,301076268093616e-05;0,0010676958566057798
0,0005327538767234217;0,0020865349801028987;-0,00047293541704342655;0,0008745781994757632;-0,0009666233035054653;-0,0021936986901956723
0,0008302488085957258;0,001959202387920163;-0,0014395587205488919;-0,0013191204907199092;-0,001909330999154961;0,003255546922795907
0,0011088263237862927;0,0018668529237164581;-0,003348889719703853;0,001936426432075998;0,0034235403793551403;0,0017657716769082857
0,0013298214901549042;0,0017217386398839566;7,465065965128748e-05;0,0037021981089842837;-0,0006212464393885592;7,482316808561651e-06
0,0014168610677353613;0,001654081413334495;-0,0005465957797372717;0,0037096804257928453;0,0001320787487485084;-0,0003162867927968896
0,0015068866717018702;0,0017345121111444048;-0,0004145170309887633;0,0033933936329959558;-0,0015303478626014569;3,108006279744363e-05
0,0015750484444788878;0,0019633300259860285;-0,0019448648935902202;0,0034244736957933994;0,00044574608580869035;-0,0026870688552989713
0,0016266295360163553;0,00232788368614749;-0,0014991188077815298;0,0007374048404944281;-5,983165702408422e-05;-0,0018715387706392736
0,0016004160318102137;0,002829416294140688;-0,001558950464805614;-0,0011341339301448455;0,0001740877521265241;-0,003541816578297635
0,0015142377752928112;0,003360445095753663;-0,00138486271267909;-0,004675950508442481;-0,0006430305876141476;0,0016146513769312587
0,001365701500183184;0,0038461085401608444;-0,0020278933002932376;-0,003061299131511222;0,0018605353721571263;0,002282848502585158
0,001161770716566393;0,004144733964230326;-0,0001673579281361113;-0,000778450628926064;0,0012717062303765243;-0,002305045942605624
0,0008767242009378726;0,004320907423039359;0,001104348302240413;-0,003083496571531688;-0,00029677436327382734;0,0010071403039322024
0,0005849833681839078;0,0044659428566913495;0,0008075739389665857;-0,0020763562675994857;0,0009723723555399855;0,002445317339874936
0,0003374164675195595;0,004487638427482073;0,0017799462945065712;0,0003689610722754505;-8,061212044260151e-06;0,0026091528404471598
0,00012215252441387462;0,004426279747568816;0,001771885082462311;0,0029781139127226103;-0,00014715004442373506;0,0005934669139990856
-2,1913566911547388e-05;0,004379679510546577;0,001624735038038576;0,003571580826721696;-0,0002698556128743752;-0,003003572975650251
-9,510425493847695e-05;0,004452203830033244;0,0013548794251642007;0,0005680078510714448;-0,0012197438542001858;-0,00562544133077976
-0,00010330554144386347;0,004667591382588777;0,00013513557096401499;-0,005057433479708315;-0,00015578548195222149;0,0029576476867953644
-5,7311650942681966e-05;0,004905699249187169;-2,06499109882065e-05;-0,0020997857929129504;-0,001242253838309614;0,0004308786539126003
-5,91233760293986e-06;0,004941509776597228;-0,0012629037492978205;-0,0016689071390003501;0,001749051032240487;-0,0006138702835651461
4,466097929727399e-05;0,004893328872290769;0,0004861472829426664;-0,002282777422565496;-9,932576063452752e-05;-0,0026238710993279485
4,471814622557501e-05;0,004778391682424296;0,0003868215223081389;-0,004906648521893445;-0,0008723283898262812;0,0005897883017170341
6,42212044715827e-05;0,004572143395655203;-0,0004855068675181423;-0,004316860220176411;0,0007930875866553734;0,0041430647417771554
9,919712360991593e-05;0,004169629168010372;0,0003075807191372311;-0,00017379547839925513;-0,0001242618772998804;0,0002908337340075118
0,00011475276804752348;0,0035944405315584847;0,00018331884183735072;0,00011703825560825665;0,0013887884481389168;0,0017071273445452145
0,00014261164125062026;0,0030123000759706277;0,0015721072899762675;0,0018241656001534712;-0,0009846511122788022;-5,435820476865083e-06
0,00017780326812721109;0,0024348411506071007;0,0005874561776974653;0,001818729779676606;-0,0012547345156527336;-0,0009871708331948073
0,0002758791866028526;0,0019303488492497124;-0,0006672783379552683;0,0008315589464817988;-0,0017474661405821115;0,0008749558933465323
0,00039745335218639277;0,0014986057390793885;-0,0024147444785373798;0,0017065148398283311;0,0010614848942815235;0,0010731752912211314
0,0004923363842517221;0,0011001249867683364;-0,0013532595842558563;0,0027796901310494625;-0,0023392436720980044;-0,0009950611920765632
0,0004906296371755564;0,0007699048280504176;-0,0036925032563538606;0,0017846289389728993;0,0027381177398563992;-0,0026291383431994338
0,0004347925067291563;0,0005508722745744773;-0,0009543855164974614;-0,0008445094042265344;-0,0009159175703405695;-0,0012828395539618079
0,00023125524602860185;0,000403224878657453;-0,001870303086838031;-0,0021273489581883423;0,0013651695480945423;-0,003933817623056389
-1,0457435331851081e-05;0,00022179710657136732;-0,0005051335387434887;-0,006061166581244731;0,0012967521118289783;0,0018299112182646026
-0,00032698224016582524;-4,4724623842252054e-05;0,0007916185730854897;-0,004231255362980128;-0,0005119672683214227;0,0016225706529155517
-0,0006637123865495389;-0,0005536930175056606;0,00027965130476406697;-0,0026086847100645766;0,0021809620093919506;0,002261317755227702
-0,0009687777900098331;-0,0012319116256882744;0,0024606133141560176;-0,0003473669548368745;0,0018400752100136107;0,0029281496380175985
-0,0012626571412795646;-0,0020144776222734712;0,004300688524169628;0,002580782683180724;-0,002697579005233014;0,001118296974061364
-0,0014581119599830553;-0,002810938297052143;0,0016031095189366143;0,003699079657242088;0,0010191839068598024;0,0023423488367046302
-0,001481539237719761;-0,0035041676645035857;0,0026222934257964167;0,006041428493946718;-0,0017002006802567526;0,0009168124794900756
-0,0014408421346990019;-0,004049433845665345;0,0009220927455396641;0,006958240973436794;-0,00011274582936743674;-0,004416228883703258
-0,0012952532946463864;-0,0043530428870692355;0,0008093469161722273;0,0025420120897335363;1,0159029013290938e-05;-0,004392372813090142
-0,001112780744772184;-0,004378322289535655;0,0008195059451855183;-0,001850360723356606;-0,0025875621517855336;0,003711261616384215
-0,0008979343182510929;-0,004301921208412732;-0,0017680562066000154;0,0018609008930276089;0,0016889767312089224;0,0020289945143193294
-0,0006503076539225808;-0,0042995345562240736;-7,907947539109294e-05;0,0038898954073469383;-0,00246899810053896;0,0015007530143686665
-0,00047340323785806935;-0,004222711868314311;-0,002548077575930053;0,005390648421715605;0,0019840144438096514;-0,003374110826685789
-0,0002996620008092017;-0,00399029336411067;-0,0005640631321204015;0,002016537595029816;0,0017218627509862036;-0,0035669540005584255
-0,00022784386679753613;-0,0035422489230384057;0,001157799618865802;-0,0015504164055286096;-0,0015053114456362263;0,0017272892080147234
-0,0001785882580706866;-0,0030135429781649485;-0,00034751182677042426;0,0001768728024861138;-0,00042931001744979207;-0,0027790604388838874
-8,302066458920501e-05;-0,002546853689512636;-0,0007768218442202163;-0,0026021876363977736;0,0007646086861310016;0,0038698271381064353
-1,3535441785403899e-06;-0,0020730894887608787;-1,2213158089214747e-05;0,0012676395017086617;-0,002130942647934563;-0,0011587638010676915
4,924070246331558e-05;-0,0017034127934650322;-0,002143155806023778;0,00010887570064097019;0,0032218778922723608;0,0011437704167246206
9,934642278160296e-05;-0,0012830305181008395;0,0010787220862485828;0,0012526461173655908;-0,0009777501278982444;0,004066454974305366
6,372591085893921e-05;-0,0008582932147110079;0,00010097195835033837;0,005319101091670957;-8,912362724230885e-05;0,0020682146565847697
7,125428238621877e-05;-0,0003834500666265526;1,1848331108029516e-05;0,007387315748255727;0,0017515269178304724;-0,0019319687421175055
8,282153224751186e-05;0,00030415712512474097;0,001763375248938502;0,005455347006138221;0,0003465546789351674;-0,007494922200701221
9,486271535312616e-05;0,0012872569468062637;0,0021099299278736694;-0,0020395751945629995;-0,0015269876498499547;-0,0017886865474942698
0,0001774389084162805;0,002488570648733315;0,0005829422780237146;-0,0038282617420572693;-0,0012439569662540395;-0,0015871918527129505
0,00034441229859438164;0,0036083013428778467;-0,0006610146882303249;-0,00541545359477022;-0,00015167975467994706;-0,0004109817391315662
0,0005347033798934314;0,004574901567340087;-0,0008126944429102719;-0,005826435333901786;-0,0009602327886178864;0,0007455846160200619
0,0006985538736632681;0,005324883648011519;-0,0017729272315281583;-0,005080850717881724;0,0008526813754485378;-0,0008917574709630116
0,0008298965897166939;0,00584180831532688;-0,0009202458560796205;-0,005972608188844736;-0,001255446913970202;0,0023469802877174872
0,0008903222165089934;0,006155498953926971;-0,0021756927700498224;-0,0036256279011272485;0,0016138521942663901;-0,00036715020094452155
0,0009139380090581082;0,006230285264973274;-0,0005618405757834323;-0,00399277810207177;9,879475820078962e-05;0,006799283676691359
0,00085052609080523;0,006160046459974485;-0,0004630458175826427;0,002806505574619589;0,0026732874536201726;0,0010514195888696454
0,0007646405495210144;0,005930096530892826;0,00221024163603753;0,003857925163489234;-0,0004538939818492446;0,000474763521229854
0,0006602331755334932;0,005812406824795952;0,0017563476541882853;0,004332688684719088;-0,0016998095344043333;-0,0008759479151999872
0,0006442354669874733;0,005849034125238646;5,653811978395193e-05;0,003456740769519101;-0,0017825852823873563;-0,002885328100071277
0,0006984916646089847;0,006058968973070103;-0,0017260471626034044;0,0005714126694478239;0,0007264936288930122;0,0012740955020431877
0,0007550093870218541;0,006407173451682326;-0,000999553533710392;0,0018455081714910115;0,002492148390093308;-0,001860880916270069
0,0007424852229305874;0,00677823443707246;0,0014925948563829158;-1,537274477905748e-05;-0,0023484179851184853;-0,004578260936267536
0,000689978917490905;0,007223115749322236;-0,0008558231287355694;-0,004593633681046594;-1,181866905806267e-05;-0,0015742972925178456
0,0006971764063065393;0,007667382151780849;-0,0008676417977936321;-0,006167930973564439;0,0003974904050064766;0,001108988656540355
0,0006701409699727508;0,007927903206997598;-0,0004701513927871555;-0,005058942317024084;0,00319327452953006;0,0047725086229213065
0,000608399861727217;0,00794170702327177;0,0027231231367429044;-0,00028643369410277786;0,0020878111692924136;1,990847451605049e-05
0,000527852697770197;0,007753153146864977;0,004810934306035318;-0,00026652521958672737;-0,0042999077233961975;-0,003235549947812888
0,0005562304592828931;0,007553141922694074;0,0005110265826391205;-0,0035020751673996153;0,0007872558054941772;-0,0001959216724490842
0,000777045593037002;0,007342469689739703;0,0012982823881332976;-0,0036979968398486995;0,0008354159924012124;0,0012910008093281466
0,0010183017900966757;0,0069917144500893464;0,00213369838053451;-0,002406996030520553;0,0002423622209629453;0,0031344875485395385
0,0013114892826816813;0,006493039336845041;0,0023760606014974553;0,0007274915180189856;-0,0023664241754915508;-0,00030318015312291724
0,0016900247104880673;0,005898084382379915;9,63642600590453e-06;0,00042431136489606835;-0,001978978622755742;-0,0013873608482649208
0,0021636025623543516;0,005332229088635548;-0,0019693421967498376;-0,0009630494833688524;-4,304761306782312e-05;0,0011211513578937293
0,0026375658712608717;0,004783346249487023;-0,0020123898098176607;0,0001581018745248769;0,0005468686531602818;0,003339954782419788
0,003032755492297399;0,004195941431003744;-0,001465521156657379;0,0034980566569446647;-0,0004438895840570001;-0,0013134104063590724
0,003347449520941219;0,0036148606875014604;-0,001909410740714379;0,0021846462505855924;-0,0008458409465136457;-0,002187953112470331
0,0036035227033187445;0,0031737022102769634;-0,0027552516872280247;-3,306861884738721e-06;0,003174474627718818;-0,0020693668441968197
0,0037832194560676945;0,00281992958307589;0,00041922294049079323;-0,0020726737060815584;0,0007150559148694363;0,003105094063056084
0,003852706141327524;0,0024660246813994276;0,0011342788553602295;0,0010324203569745255;-0,0006948161298029332;0,0036090693224049147
0,003938961744206985;0,0020292128314797022;0,0004394627255572964;0,00464148967937944;-0,0006917084081654173;-0,0038434333233391474
0,004070588501300855;0,0016336977958389582;-0,00025224568260812097;0,0007980563560402928;0,002123196735773075;-0,0021343170316382998
0,0042197937674170165;0,0014238423473733916;0,0018709510531649542;-0,001336260675598007;-0,0010129707018745049;-0,0022664249986174625
0,004358909206228854;0,0012459091531494368;0,0008579803512904494;-0,0036026856742154695;-0,00014311760688288933;0,002924144749603152
0,004572862687167289;0,0010145255319015617;0,00071486274440756;-0,0006785409246123173;-0,004033626054016623;0,0018664256807481901
0,004821135382157342;0,0006390344836850678;-0,003318763309609063;0,0011878847561358728;0,002884682172337366;-0,005346489131064383
0,005098002586923698;0,00023640179848408128;-0,00043408113727169684;-0,00415860437492851;-8,067136484130044e-05;0,006348382802763281
0,0052421192593056914;-0,00011871549647147041;-0,0005147525021129973;0,002189778427834771;-0,002465373404252763;0,0032996457867381437
0,005368872686196817;-0,0006401769664241625;-0,0029801259063657604;0,005489424214572915;-0,0011617253221600787;0,0007422232205014576
0,005475036013003422;-0,0010740472992634637;-0,004141851228525839;0,006231647435074372;-0,0017906286948576183;-0,004312802149510582
0,0054619943035553965;-0,0012883406635198482;-0,005932479923383457;0,0019188452855637902;0,004799504296316107;-0,005402343208768711
0,0052832785449663374;-0,001253368130373258;-0,0011329756270673508;-0,003483497923204921;-0,00020185703987478376;0,001124157703312565
0,004867263589441941;-0,001141641785804116;-0,0013348326669421345;-0,0023593402198923558;0,0010849328206286313;-0,0014521230535039058
0,00440592960883485;-0,0011692553581631711;-0,00024989984631350326;-0,0038114632733962615;-0,0006993163320018481;-0,001991486965073303
0,0038912023215500737;-0,0012912425393179204;-0,0009492161783153513;-0,005802950238469565;0,002626251184808033;0,003513546299671551
0,0033664790404127573;-0,00156568825140852;0,0016770350064926817;-0,002289403938798014;-4,5514887263876924e-05;0,0031562512436608264
0,0028037871121428266;-0,002072251973037902;0,0016315201192288048;0,0008668473048628125;-0,002532819199069232;0,004538129765293532
0,0023081765841326033;-0,0026703918522192048;-0,0009012990798404272;0,005404977070156344;0,0016698724176362444;0,00016774859076222615
0,001877826860891532;-0,003233857839205995;0,0007685733377958172;0,0055727256609185705;-0,0008505461064339005;-0,0031997759697900835
0,0014114251744568442;-0,003581124743386532;-8,197276863808334e-05;0,002372949691128487;0,0013902671003671162;-0,00047082100744692823
0,0009757664215339886;-0,0037054826211303255;0,001308294331729033;0,0019021286836815587;-0,0017292599993900884;-0,001826871795610474
0,0005368287578656097;-0,0037349225112289796;-0,0004209656676610555;7,525688807108466e-05;0,0030835214972604165;0,0010842688925107313
0,00015022286746639227;-0,0036882772539803717;0,002662555829599361;0,001159525780581816;-0,0011690187735003167;-0,0029735429344827646
-0,00025322164963926744;-0,00363862172120892;0,0014935370560990443;-0,0018140171539009486;0,001741934010152153;-0,0007393825229283363
-0,0005501639335609527;-0,003542585157214196;0,0032354710662511974;-0,002553399676829285;-0,0029205122384988926;0,003043522065315926
-0,0007873647352386762;-0,0035191092793755096;0,0003149588277523048;0,0004901223884866412;-0,0010828164416348506;0,0023657972532988014
-0,0008951466942663517;-0,0035977693886099947;-0,0007678576138825458;0,0028559196417854427;0,0008943633088442024;0,000785480015862941
-0,0009903303001839352;-0,0036568246023050144;0,00012650569496165665;0,0036413996576483837;-0,0004763216145362119;-0,0005021724499388175
-0,0011162282106568205;-0,003601643030328616;-0,00034981591957455524;0,003139227207709566;1,9701072113222085e-05;-0,001364538397205961
-0,0012370658933312394;-0,0034008054720462825;-0,00033011484746133316;0,0017746888105036052;-0,002177635870217503;0,0010010887649108055
-0,0013718962127886407;-0,0030743988254555666;-0,002507750717678836;0,0027757775754144107;0,0031994534976132055;-0,006121411694285282
-0,0015199311261444952;-0,002677004626444706;0,0006917027799343695;-0,0033456341188708716;-0,0023619704808416353;-0,0002566713875502627
-0,001768276068207503;-0,0021685793244172694;-0,0016702677009072658;-0,0036023055064211343;0,003560856993053786;0,0003241556953016214
-0,0019889528990731362;-0,0017939793871446675;0,0018905892921465203;-0,003278149811119513;-0,0019694341720290637;0,0005128809914136251
-0,00227644043797506;-0,001563471670128911;-7,884487988254335e-05;-0,0027652688197058878;0,0016543525923663274;0,0021858891588062215
-0,002488304405191123;-0,001464089945557935;0,001575507712483784;-0,0005793796608996662;-0,0010865906128496722;-0,0007411681474608287
-0,0027033221676024876;-0,0014753189737751944;0,0004889170996341119;-0,001320547808360495;-0,0002597116174826858;0,000124795366748795
-0,002855319621514501;-0,0015097231884284403;0,0002292054821514261;-0,0011957524416117;-8,842087012887745e-05;0,00033520961979846553
-0,0029877603914411502;-0,0015969493154161063;0,00014078461202254866;-0,0008605428218132344;-0,000922619849974271;-0,0013476999131901563
-0,0031110329420817417;-0,0017320055400682401;-0,0007818352379517224;-0,0022082427350033906;0,001552350557856616;0,0005540409115657105
-0,003228674108241432;-0,0019014834775929036;0,0007705153199048936;-0,0016542018234376801;-0,0011359205793749078;0,0003561815790721484
-0,0033775886839191903;-0,0021592911245177024;-0,0003654052594700141;-0,0012980202443655317;0,001516118846741854;-0,002651327212392973
-0,0034956826468007535;-0,0024832668443800087;0,00115071358727184;-0,003949347456758505;-0,0011746307875336176;0,0008522122849046812
-0,0036283928200611174;-0,002859163374016936;-2,3917200261777682e-05;-0,0030971351718538237;0,000399389649438045;0,001664697447121527
-0,0037150744498306073;-0,0033930338019242034;0,0003754724491762673;-0,0014324377247322967;0,0005993558626149753;0,0024592837236571546
-0,003802712767610568;-0,004050789636705624;0,0009748283117912426;0,001026845998924858;-0,0015995518256104457;-0,000981679574270769
-0,0038753321874234786;-0,004765842980476337;-0,0006247235138192031;4,516642465408893e-05;0,0017605441752295004;0,0005656110241554352
-0,003908958474764739;-0,005439822484290055;0,0011358206614102972;0,0006107774488095241;-0,0013207614094803005;0,0009045923312057114
-0,003967573702658768;-0,006111995331117609;-0,00018494074807000327;0,0015153697800152355;0,00255915137130891;0,00022065173007659866
-0,003980756104096385;-0,006759737079992782;0,0023742106232389065;0,0017360215100918341;-0,0017181240929123598;-0,0014891690988832196
-0,004001336135456802;-0,0073468640376673465;0,0006560865303265467;0,00024685241120861456;0,0006311907935674932;0,0004230240515996908
-0,003926947741887663;-0,007864550134938237;0,00128727732389404;0,0006698764628083054;-0,0019951125429948785;0,0023511281024339303
-0,003826315887105462;-0,008372362135760784;-0,0007078352191008386;0,0030210045652422357;0,0013181730848976086;0,0010530944633113104
-0,0036741929393674993;-0,008853379078070997;0,0006103378657967701;0,004074099028553546;-0,0009563271051838129;-0,0025626852314439563
-0,0035503834003935706;-0,009213555837771522;-0,00034598923938704285;0,0015114137971095898;-0,002731843545734358;0,002198642009293428
-0,0034021603467877704;-0,009410768636329905;-0,003077832785121401;0,0037100558064030176;0,0020820960810460087;0,002742229161027593
-0,0032677768627574523;-0,009547524883003904;-0,0009957367040753923;0,00645228496743061;-0,0015537774778935226;-0,004068091638256027
-0,00325650669013199;-0,009535878897421782;-0,002549514181968915;0,002384193329174583;0,003319916032762646;-0,002302662346675477
-0,0032850659856695436;-0,009266141513142437;0,000770401850793731;8,153098249910617e-05;-0,00017676098423172193;-0,0028950068408906404
-0,003415605848485854;-0,008901036395696107;0,0005936408665620091;-0,0028134758583915342;-0,0022146166226032354;0,002211049901048673
-0,0035153296372704146;-0,008532670038949813;-0,0016209757560412263;-0,0006024259573428614;0,0020873724698101254;-0,0017911422068309368
-0,003591307791392495;-0,008276842716539182;0,000466396713768899;-0,0023935681641737983;-0,0013141350473435676;-0,0012732983707514078
-0,003732124975756225;-0,008045112432422263;-0,0008477383335746685;-0,003666866534925206;0,002268164541852233;0,002685084397788695
-0,003854286291569198;-0,007909124874872298;0,0014204262082775643;-0,000981782137136511;-0,0031291857873186474;0,0019923447084909673
-0,004010357140725159;-0,00791981197871934;-0,0017087595790410831;0,0010105625713544564;0,00035476792678741653;0,001550008843829137
-0,004109610941550016;-0,007969770368051843;-0,0013539916522536666;0,0025605714151835934;0,0028743969920552725;-0,001161257846165803
-0,004277215125536518;-0,007979306254530168;0,001520405339801606;0,0013993135690177905;0,0009498608055008295;-0,0005939428996734331
-0,004498978975613166;-0,007886419284401149;0,0024702661453024355;0,0008053706693443574;0,0010678580310659325;-0,000766418214422443
-0,004659926612097749;-0,007737559771511418;0,003538124176368368;3,895245492191446e-05;-0,002044533390538228;-0,00043586644851859035
-0,004722063602770235;-0,007556485431847912;0,00149359078583014;-0,0003969139935966759;0,0013672516970999332;-0,002139599819499932
-0,004642675626387986;-0,007373852993987531;0,0028608424829300733;-0,002536513813096608;0,0012445351129264648;-0,00021323387164493002
-0,004503544018572532;-0,007207097115871017;0,004105377595856538;-0,002749747684741538;-0,0013018296365560206;0,0021577123183905422
-0,0042499787114398755;-0,007141801790278366;0,0028035479593005175;-0,0005920353663509959;-0,0012478734477782139;0,004740668564225087
-0,0038321983004729566;-0,007186496372075377;0,0015556745115223036;0,004148633197874091;-6,639503088304993e-05;0,00467300932767567
-0,0033022759711340173;-0,007254872368526429;0,0014892794806392537;0,008821642525549761;-0,0006914390235622306;-0,002895351308401295
-0,0027101266613341855;-0,007157303037062516;0,0007978404570770231;0,005926291217148466;-0,0008960900965590372;-0,0029031752147897494
-0,002058406172308784;-0,006706868004576613;-9,824963948201412e-05;0,0030231160023587167;-0,0018410104018764441;-0,0007540384477372347
-0,0013747720650003014;-0,006019381323404772;-0,0019392600413584583;0,002269077554621482;0,0004744372541646384;-0,003678265736569264
-0,0006950679432710995;-0,005210970002138581;-0,0014648227871938199;-0,001409188181947782;-0,00036512167387789396;-0,0018698442621845751
-9,293422319623583e-05;-0,004311795578687531;-0,0018299444610717138;-0,003279032444132357;0,0013175162122424297;-0,0021258621096894234
0,0004506065853908751;-0,003468988682514393;-0,0005124282488292841;-0,0054048945538217805;-0,000518328075466085;0,0017123967165464174
0,0009209496155351175;-0,0027573430841065488;-0,001030756324295369;-0,003692497837275363;0,001191253021916;0,005542841853233643
0,0013707955157261885;-0,002261893267851576;0,00016049669762063096;0,0018503440159582801;0,0003688303112591093;-0,0004161530859368122
0,0017794111629454445;-0,0019141433650876178;0,0005293270088797403;0,001434190930021468;-0,0006253399601578585;0,0004583755774623579
0,002194446678069526;-0,0014923797016853284;-9,601295127811826e-05;0,0018925665074838258;-0,0018642887679871656;-0,00266827069394388
0,0026306552735487973;-0,00101324840108218;-0,001960301719265284;-0,0007757041864600543;-0,0017336727392533724;-0,002742943986238389
0,0030630233509769435;-0,0004584144401796788;-0,0036939744585186562;-0,0035186481726984433;-0,0005264259375886843;-0,0020942996985757363
0,0034169793596344786;6,539135326442025e-05;-0,0042204003961073405;-0,00561294787127418;0,0014985887506036022;0,004018844734607103
0,003623176389951267;0,0004484512198005816;-0,0027218116455037383;-0,0015941031366670765;0,002082640767816349;0,0012571322010060202
0,0036605574044237623;0,0006069931714857758;-0,0006391708776873894;-0,00033697093566105625;-0,0007777331005748844;0,0015733804064271776
0,003589065953076108;0,0007017709977042869;-0,0014169039782622739;0,0012364094707661213;-0,0015257391272380377;0,001158032820599099
0,0034920076666209578;0,0007830699864963557;-0,0029426431055003116;0,0023944422913652202;0,004405646640417107;0,0024308908368952525
0,0033382732210353165;0,0009138253541190694;0,0014630035349167958;0,004825333128260473;-0,00032927996779590074;-0,001537266958815283
0,003066833051229663;0,001140358413396392;0,001133723567120895;0,0032880661694451897;0,0004917046773606354;-0,003545992624113089
0,0028539130228206816;0,0015599047978041333;0,0016254282444815304;-0,00025792645466789915;-0,0016736517793773872;-0,00020117755718324776
0,002686341937096536;0,0021109738289896824;-4,822353489585679e-05;-0,0004591040118511469;-0,0010391750892207174;-0,0009939913966798691
0,0025837879811516514;0,0026517258019885153;-0,0010873986241165742;-0,001453095408531016;0,0025897405935057377;-0,0008183006145178751
0,0024793050838109324;0,0031741136145133028;0,0015023419693891635;-0,002271396023048891;-0,002493848559918292;0,00020295878485022956
0,0023313262415055507;0,003638377610696849;-0,0009915065905291287;-0,0020684372381986615;0,0009416150195340756;0,0015814760187882748
0,0022434410779757353;0,00401178576595844;-4,989157099505315e-05;-0,0004869612194103867;-0,0002229288912736424;-0,0004664845129149775
0,0021158956508247548;0,0043024564316920845;-0,00027282046226869555;-0,0009534457323253642;0,00037213538640774174;-0,0058504876490255014
0,001986354560833972;0,0045736486486493136;9,931492413904619e-05;-0,006803933381350866;-0,0019944614479292175;0,0015502818261561857
0,0018459006523524417;0,0048067030363135275;-0,0018951465237901713;-0,00525365155519468;0,0001620249618045251;0,0032674962341709135
0,0017094193408364734;0,0047676000887237075;-0,0017331215619856462;-0,0019861553210237665;-0,000398851222051827;-0,0028297937799720563
0,0014971321683688978;0,0045183510789261;-0,002131972784037473;-0,004815949100995823;0,0014034409478657292;0,0022796918406958744
0,0012155201334218967;0,004189655856287542;-0,000728531836171744;-0,0025362572602999484;-8,647066527105347e-05;0,0022497355888867823
0,0008486291871133966;0,003668322669609151;-0,0008150025014427974;-0,00028652167141316603;-0,0019050828886811259;0,0031860880001648925
0,00045259696735802657;0,003045539192518762;-0,0027200853901239233;0,0028995663287517265;0,002303510476955666;-0,0004913526776729044
2,3964647544944765e-05;0,0024112948485718465;-0,00041657491316825744;0,002408213651078822;0,001565363215259902;-0,0028764000879717595
-0,000513471087873094;0,0018930331577749998;0,0011487883020916446;-0,0004681864368929374;9,453172502293244e-05;0,0027981149606962595
-0,001067569819817863;0,0014711000130213062;0,001243320027114577;0,002329928523803322;0,0016606737356477282;0,0011793958804547713
-0,0015757170196789663;0,001030439410791895;0,0029039937627623053;0,0035093244042580934;-0,0016633853319977243;-1,2537789839528815e-05
-0,0020341314184554866;0,0006829759495146167;0,001240608430764581;0,0034967866144185646;0,0012982932297900193;0,0012488400033555686
-0,0023763860667215145;0,0004758854644076623;0,0025389016605546003;0,004745626617774133;0,0019213466149119243;0,0002614635968313083
-0,002669016377756959;0,00040866644387745033;0,004460248275466525;0,0050070902146054416;-0,00025187477161875416;-0,0007865154223391426
-0,00286009062237022;0,0005312724880582037;0,00420837350384777;0,004220574792266299;0,00026593560473430616;-0,002392093453763469
-0,0028727549359648195;0,0008541621408231748;0,004474309108582077;0,0018284813385028298;-0,0024266536165563207;0,0010023451548084872
-0,0027170843094055084;0,0013458747852787979;0,002047655492025756;0,002830826493311317;-0,00013645193637144837;-0,003147899639865101
-0,0023824413185029145;0,0019107266832745341;0,0019112035556543075;-0,00031707314655378405;-0,0007749095512053494;-0,002856633482829357
-0,00196589210791929;0,002588811641002723;0,001136294004448958;-0,003173706629383141;-0,0004078216383993673;-0,004384313572842094
-0,0014728947551094934;0,0032542136728687604;0,0007284723660495908;-0,007558020202225235;-0,0029502252184193858;0,0028251071688874946
-0,0009344456421217384;0,0037926674395594726;-0,002221752852369795;-0,004732913033337741;-0,0013519451579897292;0,002339013656996361
-0,0003668576344919998;0,004028800398161175;-0,003573698010359524;-0,0023938993763413796;0,0022937101845354677;-0,004714430221583257
0,00011186025904294704;0,004075616835429368;-0,0012799878258240565;-0,007108329597924637;-0,0031406693923065575;4,373276635080692e-05
0,0004476302321635129;0,004026677297643905;-0,004420657218130614;-0,00706459683157383;0,0024981809502234113;0,002760786920781015
0,0007322006922511165;0,0036934045759414572;-0,0019224762679072027;-0,004303809910792815;-0,001780413249807808;0,005307850815323742
0,0008399448636134956;0,0030775479809760564;-0,0037028895177150106;0,001004040904530927;0,00563642021192548;1,1762767952939318e-05
0,0008707899842595864;0,002289538989578943;0,0019335306942104696;0,0010158036724838664;-0,0003559623461335745;-0,001685387017706999
0,000753519524197077;0,0015416916343630664;0,0015775683480768951;-0,0006695833452231327;-0,0038197352740261294;0,003127771920493353
0,0007135902919029863;0,0008344764260465444;-0,0022421669259492343;0,0024581885752702204;0,0020502729130072173;0,0012473008228760813
0,0007367637935319714;0,0001004778839210972;-0,000191894012942017;0,0037054893981463017;-0,001277489873936253;-0,0029977271101968572
0,0006702506181229871;-0,0005351931151935412;-0,00146938388687827;0,0007077622879494445;0,0013690857884390614;-0,003989051025332811
0,0005960616821963222;-0,0010226445383823275;-0,00010029809843920857;-0,0032812887373833664;-0,003045082366711258;-7,939504860187893e-05
0,0004630973907945264;-0,001481785470053136;-0,0031453804651504665;-0,0033606837859852454;-0,00033623038418874665;0,00187807793247112
0,0003261211754551623;-0,0020721779512192793;-0,003481610849339213;-0,0014826058535141254;0,005745413339996442;0,00010398952644067455
6,332974150977958e-05;-0,002796997783824832;0,002263802490657229;-0,0013786163270734508;-6,842925137134047e-05;0,0016350022405596382
-0,0003387261264091717;-0,0035811218505709505;0,0021953732392858884;0,00025638591348618733;-0,0007194124584928834;0,0028190916991988613
-0,0006502298947018338;-0,0044203905704000065;0,001475960780793005;0,0030754776126850486;-0,0015556912088835542;-0,000992144037637241
-0,0008739187334230604;-0,005249403853689615;-7,97304280905492e-05;0,0020833335750478077;0,0028454746087971973;0,0023352145413018666
-0,0010385691409125668;-0,005955398032471822;0,002765744180706648;0,004418548116349674;-0,0005604574831956401;-0,001979455277976855
-0,001206408765525695;-0,006578058868252116;0,002205286697511008;0,0024390928383728194;-0,003524510475866445;0,003568180682479133
-0,0012636186229105575;-0,007023977779378424;-0,001319223778355437;0,006007273520851952;0,001328734102363397;0,0017254227482283446
-0,0012326170123949797;-0,007372332976969818;9,51032400796012e-06;0,007732696269080297;0,0006986176487509231;-0,004385642886477997
-0,0012543843530136193;-0,007480397233727134;0,0007081279727588832;0,0033470533826022997;0,0021139623349599908;0,00036994781474369853
-0,0012757712806719405;-0,007279153639721239;0,002822090307718874;0,003717001197345998;-0,0024643266027433233;-0,0009574755510451394
-0,0012688330894199062;-0,006944027910411251;0,0003577637049755507;0,002759525646300859;-0,0015779281123801357;0,0014179491019174761
-0,001149011285859117;-0,006460222133207424;-0,001220164407404585;0,004177474748218335;0,002442580693578573;-0,0013730305186302055
-0,001014878934099306;-0,005866035330151563;0,0012224162861739878;0,0028044442295881294;-2,4072164303940227e-05;-0,006816377986031741
-0,0009295531586356782;-0,005104749537166968;0,0011983441218700475;-0,004011933756443611;-0,001031203090514866;0,0017149519733593022
-0,000795330731725091;-0,004231285974998847;0,00016714103135518146;-0,0022969817830843092;0,001200064266065077;0,00017139686996629766
-0,0006131745399397019;-0,0035182997630884712;0,0013672052974202584;-0,0021255849131180116;-0,0022907195326754594;0,0005893227913795276
-0,00042433270690010543;-0,002897192822501468;-0,000923514235255201;-0,001536262121738484;0,0018700687819031255;-0,00050115665144395
-0,00018080266196369868;-0,0023611092784391846;0,0009465545466479245;-0,002037418773182434;-0,002767882833552047;-0,0034784749910146268
2,5786813562500002e-05;-0,001886476219246441;-0,0018213282869041225;-0,005515893764197061;0,0015329385115542297;0,00144205940501195
0,0002702384709546157;-0,0014933399109809948;-0,0002883897753498928;-0,004073834359185111;-0,0005496785980542923;0,0006412717700535614
0,0004418369968705665;-0,001320839353283431;-0,0008380683734041851;-0,003432562589131549;-0,002511355484367787;0,0029831218007367113
0,0006018999317725216;-0,0013112921699532714;-0,003349423857771972;-0,00044944078839483786;0,00203868259603188;-0,0006286887010516704
0,0007284401317383092;-0,001439047490188374;-0,001310741261740092;-0,0010781294894465082;-0,0008558894765006188;-0,0023274584158917352
0,000721003377393218;-0,00158478044195927;-0,002166630738240711;-0,0034055879053382435;0,0020292977881430224;0,0049977248180042705
0,000661136972578523;-0,0017736385733080264;-0,00013733295009768845;0,001592136912666027;-0,0010795789373280133;0,0009975601750981597
0,0005146053382341998;-0,0020987202208703126;-0,0012169118874257017;0,0025896970877641867;0,0007805407294965792;-0,00010776298016521024
0,0003625803858859689;-0,0023601163919259576;-0,00043637115792912254;0,0024819341075989765;0,00192772254740671;-0,0031900500967079887
0,00016187895804070993;-0,0025179246794710354;0,0014913513894775875;-0,0007081159891090122;-0,0008474597365192701;0,0010811187593568888
-5,627731612171396e-05;-0,002576455602712154;0,0006438916529583174;0,00037300277024787665;0,00040721805482503426;0,0039701371094807425
-0,00021477953470503433;-0,002663311165517633;0,0010511097077833516;0,004343139879728619;0,000576837651009029;-0,0026112020470408087
-0,000347526087170022;-0,0027352466175131966;0,0016279473587923806;0,0017319378326878104;-0,0006987721308362449;-0,004687475614358588
-0,00043822825132367555;-0,002633456474319616;0,0009291752279561357;-0,002955537781670778;-0,001322894354138229;0,0008337219070356922
-0,00046381252112563393;-0,002462388817818523;-0,00039371912618209326;-0,0021218158746350857;-0,0016913561272173788;0,0016858126423844252
-0,00045222978180934687;-0,0024095426725842606;-0,002085075253399472;-0,00043600323225066046;0,00322425902406402;-0,00011600700595133101
-0,0004563958075403435;-0,002441569162335402;0,001139183770664548;-0,0005520102382019915;-0,0006275279724176006;-0,0010101279759352141
-0,0005439648434073191;-0,0024910357813765697;0,0005116557982469475;-0,0015621382141372056;-0,00034518296242673323;-0,003331579500155675
-0,0005859665284477127;-0,002562582809945817;0,00016647283582021423;-0,004893717714292881;-0,0016292540810309234;0,0031433801917603726
-0,0006075019815582285;-0,002696615367080553;-0,0014627812452107092;-0,001750337522532508;0,0016876346557673054;-0,002083618110776342
-0,0006223785212359356;-0,0030263966327870036;0,00022485341055659622;-0,00383395563330885;0,0029095471876415084;0,0004229941511125074
-0,0006957663107220711;-0,0034261913993947546;0,0031344005981981046;-0,0034109614821963424;-0,003936780468989331;0,0005136173817179568
-0,0007601599637859428;-0,00397934439133486;-0,0008023798707912262;-0,0028973441004783856;0,002851966061641299;0,0004529238181664452
-0,0006991775929218903;-0,004668935842562819;0,0020495861908500727;-0,0024444202823119404;-0,0019357542695793827;0,004202289155189623
-0,0006702904168894868;-0,005474421057809913;0,00011383192127068995;0,0017578688728776826;0,0016740202579372384;-0,0015060216391255266
-0,0005594197932230806;-0,006377683084349485;0,0017878521792079284;0,000251847233752156;-0,000969094449973236;0,001501070319008424
-0,00044399589270584656;-0,007210630355973949;0,0008187577292346924;0,00175291755276058;-0,002365871132075539;-0,0007618946892702927
-0,00025705790502029546;-0,008033503738248328;-0,0015471134028408468;0,0009910228634902873;0,002117989157449567;0,0006175792045554351
-3,736960816535666e-05;-0,008786260418412283;0,0005708757546087203;0,0016086020680457225;-0,0009853801331510866;0,0005385837366297386
0,00012043415257594826;-0,009499376184036627;-0,0004145043785423663;0,002147185804675461;-0,00038549159121892707;-0,0006268063766108056
0,000301072943501602;-0,010148147866939142;-0,0007999959697612934;0,0015203794280646554;-9,413075446707692e-06;0,00227768062071132
0,0004651315592855611;-0,010711032117654638;-0,0008094090452080011;0,0037980600487759753;0,0010590151001511512;0,002690965299221082
0,0005971903362790684;-0,011213101191247549;0,00024960605494315016;0,006489025347997057;-6,405131397222916e-05;0,0010935160132086175
0,0006968727514642557;-0,011563247862889418;0,000185554740970921;0,007582541361205675;-0,001561653734075897;-0,004142290720325348
0,0008065394088471691;-0,011653833520611407;-0,001376098993104976;0,003440250640880327;-0,0020640829230894747;-0,0005361986051108381
0,0009236282558689193;-0,01144111752388517;-0,0034401819161944507;0,0029040520357694888;0,0033725328520572313;-0,0037761438838135875
0,0009856731431664703;-0,01109079150152372;-6,764906413721933e-05;-0,0008720918480440987;-0,0031061679411775837;0,00088495411991249
0,0009101107538162434;-0,010624303397731488;-0,003173817005314803;1,2862271868391284e-05;0,0013012862157941712;-0,0021666970915389383
0,0008318424019005277;-0,01019269896786102;-0,0018725307895206319;-0,002153834819670547;0,00015957006552706245;0,00030704816679913427
0,00062662136977222;-0,009760580047115818;-0,0017129607239935694;-0,0018467866528714127;0,003147913764770276;0,0019080201857309964
0,0003464991060630868;-0,009414614519157437;0,0014349530407767068;6,123353285958366e-05;-0,0009163458587966716;0,0021761744161460095
-2,1415866057890006e-06;-0,009142520457313914;0,0005186071819800351;0,002237407949005593;-0,001776315622221203;0,0015049519717648396
-0,0002933841576435966;-0,008867977054156005;-0,001257708440241168;0,0037423599207704328;0,0023744119154913354;-0,0015738379224612686
-0,0005638824414022028;-0,008503937333037875;0,0011167034752501675;0,002168521998309164;-0,0008587993988170891;0,000735326792033919
-0,0008846890627704557;-0,007990203215088925;0,0002579040764330784;0,002903848790343083;-7,395260304243409e-05;-0,0033084504536732007
-0,0011608275451287019;-0,00738972821720761;0,0001839514733906443;-0,0004046016633301175;6,560269297163981e-05;0,0009454323987440616
-0,001426649864429625;-0,006673099267712573;0,0002495541663622841;0,0005408307354139441;-0,0011911390536104224;-0,0033110521422404365
-0,0016851141247949224;-0,005972654384750738;-0,0009415848872481383;-0,0027702214068264924;0,0032700838202255333;-0,001451483889221089
-0,0019335962185057282;-0,005250576272372347;0,002328498932977395;-0,0042217052960475815;-0,0015417354028475702;0,001976668418228536
-0,0022197417077064597;-0,004639307016267015;0,0007867635301298248;-0,0022450368778190455;-0,0005672281074258836;-0,0011950071097656806
-0,0024127472395880953;-0,004196905972003587;0,00021953542270394116;-0,003440043987584726;-0,0007084606050363554;0,0015325494629159775
-0,002574282230264538;-0,0038443064028529203;-0,0004889251823324142;-0,0019074945246687486;-0,0016509504716808177;-0,0012034315891917557
-0,002727035804032823;-0,0036293085932056425;-0,002139875654013232;-0,0031109261138605043;0,0020881594701418482;-0,0007915834886946943
-0,0028993463850944044;-0,0034906105645451145;-5,171618387138366e-05;-0,0039025096025551986;-0,00023924850034215406;0,0014118909492023546
-0,0031572519923165152;-0,0034763495804390073;-0,0002909646842135377;-0,002490618653352844;3,111623977117284e-05;0,005004389825304781
-0,0034172262468934816;-0,0036181889804351077;-0,0002598484444423649;0,0025137711719519368;0,0008576833528950029;-0,0007936305106995556
-0,0036888390888389893;-0,003859653126565322;0,000597834908452638;0,0017201406612523812;0,0019609797616969293;0,0014295057330727806
-0,0039708458685621915;-0,004000566425817458;0,0025588146701495673;0,003149646394325162;-0,002040739833078564;-0,00021328662290001632
-0,004228939251947289;-0,0040726740986195;0,0005180748370710031;0,0029363597714251455;0,0007540472761243949;0,0002989151668522233
-0,004384680048526403;-0,004018795915648535;0,001272122113195398;0,003235274938277369;-0,0014079029248730973;4,795793317861896e-05
-0,0045196978516226765;-0,003847463341820564;-0,0001357808116776993;0,0032832328714559877;0,00044097730098509313;-0,004544521437142568
-0,0046038307701911346;-0,0035467197704614987;0,00030519648930739385;-0,0012612885656865802;0,0012153699742729895;0,0006644250438697791
-0,004693394921226701;-0,003114646884244193;0,0015205664635803834;-0,0005968635218168011;-0,0011424596120524766;-0,001046647380946536
-0,004770751212689971;-0,002733025540654351;0,0003781068515279068;-0,0016435109027633371;-0,0010414189945455316;0,0022362031584751696
-0,004787284845610026;-0,0023752787379371816;-0,0006633121430176248;0,0005926922557118325;0,0006349996983400635;-0,0006566413684212444
-0,004788694204468965;-0,002083272371330545;-2,831244467756122e-05;-6,394911270941189e-05;;
-0,004816636049048608;-0,0017675583144954356;;;;
-0,004845710391415355;-0,0014544022221687023;;;;
