x;y;acc_x;acc_y;jerk_x;jerk_y
-0,0026456114965180523;-0,005624467176511237;-0,00234478939337833;-0,0028006915064305027;0,005508931608368017;-0,00014324980137719878
-0,0031820650719109316;-0,006128811564760549;0,0031641422149896875;-0,0029439413078077015;0,0015640708363527933;-0,00021563602936611193
-0,0038123102230389443;-0,006745183613267081;0,004728213051342481;-0,0031595773371738134;0,005093247525952679;0,006544824730035564
-0,0043159896855673695;-0,007479313314085921;0,00982146057729516;0,003385247392861751;-0,0014820637474914355;0,006864902465847311
-0,004630540626042096;-0,008339826108391712;0,008339396829803725;0,010250149858709062;-0,0015498255903553942;-0,00026200553088398526
-0,004552233143425015;-0,009064929006983035;0,00678957123944833;0,009988144327825077;-0,002166550706565351;-0,000966731628764983
-0,004140349787615786;-0,009380025911225994;0,004623020532882979;0,009021412699060094;-0,004189546233524723;-0,0029484934792745887
-0,003456883582228623;-0,009295597042355951;0,0004334742993582566;0,006072919219785505;0,0007530673597302764;-0,004162729610002219
-0,0025884965555261416;-0,008850311665523504;0,001186541659088533;0,001910189609783286;-0,008277046969323017;-0,007415333875203489
-0,0017027705568493294;-0,008162109519899636;-0,007090505310234484;-0,005505144265420203;0,0011730494107883745;0,0034255104459054997
-0,0007695828918089758;-0,0073974997898844375;-0,00591745589944611;-0,0020796338195147035;0,00041128386887987357;6,821858203315267e-05
-0,00012001543917800192;-0,006853095830486047;-0,005506172030566236;-0,002011415237481551;0,006420627525470285;-0,0031221984059816854
0,0002928537774751277;-0,006391877223868244;0,000914455494904049;-0,005133613643463236;-0,0001726610880404258;-0,0033348541161001277
0,0004854761129056079;-0,006011115226749704;0,0007417944068636231;-0,008468467759563364;-0,0008685198563449688;0,005742946253161768
0,0007146766681322501;-0,005835697775369693;-0,00012672544948134565;-0,002725521506401596;0,004498103403611901;0,00901274655644524
0,0009735489996334371;-0,005999019034372216;0,004371377954130555;0,006287225050043643;0,0016955999235026518;-0,0005110475558761651
0,0012273523131553703;-0,006271361153630804;0,006066977877633207;0,005776177494167478;0,0013008785575654054;-0,0008573546844480862
0,0016560107448425258;-0,006292214270887645;0,007367856435198612;0,004918822809719392;-0,006596427835146912;0,0014228921288334528
0,0023273482916350095;-0,006082020288377787;0,0007714286000517004;0,006341714938552845;-0,002264157769297774;9,896111288978937e-05
0,003293400095835438;-0,005675073393479155;-0,0014927291692460737;0,006440676051442634;-0,001038620251802569;-0,003908067860630568
0,004290309044037934;-0,005014457901038407;-0,0025313494210486426;0,0025326081908120662;-0,000419016094884303;-0,0036696112803685232
0,005227508825470587;-0,004096215366539955;-0,0029503655159329456;-0,001137003089556457;-0,003317253804482251;-0,0027339768540595236
0,006063454630061294;-0,0030766685044090196;-0,006267619320415196;-0,0038709799436159806;-0,005662890951716459;-0,009292428847127509
0,006781385814014685;-0,002102601765860343;-0,011930510272131656;-0,01316340879074349;0,0016608589767282689;0,0010003650280116655
0,007248612225151467;-0,0012833742250563055;-0,010269651295403387;-0,012163043762731824;0,002367750291581483;0,0004195093790842
0,0072386182254029815;-0,0009906830358820074;-0,007901901003821904;-0,011743534383647624;-0,0017034057679739395;0,008991701781929672
0,006817838173838362;-0,0011845135972169826;-0,009605306771795843;-0,0027518326017179524;0,005376010894931352;0,0022337168470801423
0,006080982082120866;-0,0018480855338978625;-0,004229295876864492;-0,0005181157546378101;0,00356063772425428;0,0025853984593445095
0,004959913719531537;-0,002621730774647461;-0,0006686581526102117;0,0020672827047066994;0,007042588111288307;0,00864606879684196
0,003669673521867627;-0,003416100645582571;0,006373929958678096;0,01071335150154866;0,000976189260724257;-0,002692985296783315
0,002352686998099309;-0,0041277792083294134;0,007350119219402353;0,008020366204765345;-0,0030677438855095905;-0,005469292253038147
0,001290657672678115;-0,00441092371101431;0,004282375333892762;0,002551073951727198;-0,0003577800078798099;0,003605773398836387
0,000522633116033015;-0,004373253565508592;0,003924595326012952;0,006156847350563585;-0,002922429531868772;-0,0002661873883964272
-7,409642725637443e-05;-0,004233540461933786;0,0010021657941441803;0,005890659962167158;0,0017695961842005004;-0,006573983267790989
-0,0005138421575052459;-0,0038475534643364374;0,0027717619783446806;-0,0006833233056238314;-0,004536665071164497;-0,010307441367707254
-0,00091350125598835;-0,003225940068252402;-0,001764903092819816;-0,010990764673331085;0,0005196847578697802;0,0003304875901245924
-0,001202289875337667;-0,00263165960439332;-0,0012452183349500358;-0,010660277083206493;0,005540878933907697;0,007469448520325009
-0,0015616746183997766;-0,0024770097274674813;0,004295660598957661;-0,003190828562881484;-0,00041727273609206555;0,001985508906923464
-0,0019708680948598875;-0,002748770933869902;0,0038783878628655954;-0,0012053196559580204;0,005732530510542476;-0,0007636386708606974
-0,002208235147361692;-0,003148165282787583;0,009610918373408071;-0,0019689583268187177;-0,002271569249359777;0,00041277094956830573
-0,002290466685348873;-0,003595772417943584;0,007339349124048294;-0,001556187377250412;0,0018426999123454038;0,0019093872028295017
-0,0019882614883997307;-0,004122137886172334;0,009182049036393698;0,0003531998255790897;-0,007034444655429024;0,0007146141117580773
-0,0013924823264886569;-0,0047107508494911;0,002147604380964674;0,001067813937337167;-0,004295346949882532;-0,0013196543459237514
-0,00042942120312183503;-0,005285235819786703;-0,0021477425689178584;-0,0002518404085865844;-0,0023613182415509887;1,987053218593937e-05
0,0006195440954835738;-0,00581700823258882;-0,004509060810468847;-0,00023196987640064504;-0,0052997064220246595;0,000578855830546926
0,0015825996913322682;-0,0063588542617343995;-0,009808767232493507;0,000346885954146281;0,00022268816424234061;0,0032860993949307693
0,0023652928547622087;-0,006909979085936005;-0,009586079068251166;0,0036329853490770503;0,00010418622949810719;0,0055379384859914615
0,002755635328892409;-0,007447228471971759;-0,009481892838753059;0,009170923835068512;0,002205120852407344;-0,0011253600451536228
0,002762534640292563;-0,00783915844404443;-0,007276771986345715;0,008045563789914889;0,007336614422626755;0,001932439522830648
0,002390158238142594;-0,007864251462714363;5,9842436281039996e-05;0,009978003312745537;0,0020446530295816327;-0,0028511184931535594
0,0017267109565387967;-0,007567521929787699;0,0021044954658626727;0,007126884819591978;0,0031899185770739545;-0,01268431813191484
0,001065657372386241;-0,006871672264351213;0,005294414042936627;-0,0055574333123228625;-0,005198381475065482;0,0014640228640092068
0,0004887836068681922;-0,005890747206131048;9,603256787114531e-05;-0,004093410448313656;0,0004845351639155976;-0,0017638304721061815
0,0001236864030676085;-0,005132119480403798;0,0005805677317867429;-0,005857240920419837;-0,0033851215398239543;0,006187803384361215
-0,0002375694980181294;-0,0045372281726090945;-0,0028045538080372114;0,0003305624639413779;0,003836445985041348;-0,001988196674016701
-0,0005756026898323975;-0,004176626501631185;0,0010318921770041366;-0,0016576342100753233;-0,004255244875982427;-0,006757989176067666
-0,0010258180339681542;-0,003802802332095619;-0,0032233526989782907;-0,00841562338614299;-0,0006600495754549296;0,0019016328710717706
-0,0014347576910237452;-0,0034952835309630666;-0,0038834022744332203;-0,006513990515071219;0,004370736375097654;-8,396261029128271e-05
-0,001972631456038468;-0,0035243896652762336;0,0004873341006644341;-0,006597953125362502;-0,0025004864985103195;0,006112866838150904
-0,00266584131203052;-0,0038140554201922493;-0,0020131523978458854;-0,0004850862872115974;0,00347762122145881;-0,002876114395702914
-0,003339557803995994;-0,004367639300122766;0,0014644688236129244;-0,0033612006829145114;-0,0019488992993367676;-0,005210990903325233
-0,004093800391875304;-0,004940626631541745;-0,00048443047572384323;-0,008572191586239744;-0,0002396875441213614;0,007843692848449837
-0,004789464226810096;-0,005648061990277306;-0,0007241180198452046;-0,0007284987377899066;0,00444648808815562;0,007775321727619744
-0,005504505280773842;-0,006698385012462456;0,0037223700683104155;0,007046822989829837;0,0006994311675883325;0,0004115221983141404
-0,006248511055531397;-0,007777847984159202;0,004421801235898748;0,007458345188143978;0,0031940758119316237;-0,0075999460177462175
-0,006843622027556535;-0,008575438036262754;0,007615877047830372;-0,00014160082960223974;-0,0032993604252914976;0,005573573756326583
-0,007261860950145724;-0,009074694280840548;0,004316516622538874;0,005431972926724343;-0,0011825938409499304;0,0034108605363167566
-0,007375464790821696;-0,009579614558602432;0,0031339227815889437;0,0088428334630411;0,0003629955193422407;-0,0033895694040734226
-0,007316407966596114;-0,009867255919295341;0,0034969183009311844;0,005453264058967677;-0,005300469999893281;-0,005574904131761205
-0,007131994231106975;-0,009801183941466608;-0,001803551698962097;-0,0001216400727935274;4,8365271869188486e-05;-0,002217168340302944
-0,0068077037635805885;-0,009516981401279165;-0,0017551864270929085;-0,0023388084130964715;-0,0009811984700871246;0,004175564766044887
-0,006555555364012685;-0,009237644464003466;-0,002736384897180033;0,0018367563529484154;0,0018980206869508298;-0,0036370728255555596
-0,006373614421528498;-0,009051859863251624;-0,0008383642102292033;-0,0018003164726071441;0,000928123179463447;0,0020923335186062153
-0,006301128874931513;-0,008792605008381846;8,975896923424376e-05;0,0002920170459990712;0,0015558858741782644;-0,003342875649144761
-0,0062621778967436965;-0,008605362812416353;0,0016456448434125082;-0,0030508586031456897;0,005592684897630096;0,004505993158919613
-0,006219636559786509;-0,008406439934610897;0,007238329741042604;0,0014551345557739237;-0,0010168681080650888;0,0027437991911835324
-0,006111269429092822;-0,00832955140093127;0,006221461632977515;0,004198933746957456;-0,0027900604143152596;0,002650076975419219
-0,00571336910875743;-0,008194457485020686;0,0034314012186622556;0,006849010722376675;-0,005455846906179965;-0,006288369356314855
-0,005066610323102938;-0,007891406219231803;-0,002024445687517709;0,0005606413660618204;0,00285008885238458;-0,005433251967568331
-0,004282595488701956;-0,007314394524547852;0,0008256431648668711;-0,004872610601506511;-0,005862064780672645;-0,0011943366580848547
-0,003579558481801682;-0,00671495717522143;-0,005036421615805774;-0,006066947259591365;-0,0032085166229959827;-0,0012518728788925848
-0,002843495748306733;-0,006310424249955268;-0,008244938238801756;-0,00731882013848395;-0,0037740406017122002;0,003414938959041186
-0,002308889879444015;-0,00614856921507276;-0,012018978840513957;-0,003903881179442764;0,00792777520536811;0,001188358251636934
-0,0021040815401333676;-0,006279466985729611;-0,004091203635145847;-0,00271552292780583;0,003729409543152394;-0,0005493918607088477
-0,0023800323544432784;-0,006566520003564172;-0,00036179409199345314;-0,003264914788514678;-0,0007872705967465615;-0,005521480076699614
-0,002819631314159023;-0,006962193938510965;-0,0011490646887400147;-0,008786394865214292;0,002534632274755408;0,003914961386619786
-0,003273702037554506;-0,007488464464998347;0,0013855675860153932;-0,004871433478594506;0,0006242173176442128;0,016404040487918325
-0,003773735348499589;-0,0083661907860943;0,002009784903659606;0,01153260700932382;0,002357719477628792;0,007400808678360071
-0,004218345956004056;-0,009438774446334033;0,004367504381288398;0,01893341568768389;-0,0033939949523369983;0,0004971865965779365
-0,00458256516736214;-0,010050053826200812;0,0009735094289513996;0,019430602284261828;-0,0008131573825390509;-0,013268063499911692
-0,004772084203468687;-0,009903996578560238;0,00016035204641234868;0,006162538784350136;3,993809345415045e-05;-0,0005515518415232235
-0,004922662862417179;-0,00898071523954919;0,00020029013986649913;0,005610986942826912;-0,0011452313813049009;0,004658282367458896
-0,005066827439509177;-0,0078109323491641364;-0,0009449412414384017;0,010269269310285808;0,005420396768423846;-0,009866929952709783
-0,005202980411006514;-0,006416709981066006;0,004475455526985445;0,0004023393575760259;-0,0034372052375587214;-0,01221081601805632
-0,005376931032161387;-0,004611716840556443;0,0010382502894267231;-0,011808476660480294;0,006781960056172237;-0,00863117586043417
-0,005371863432236843;-0,0027906301257438395;0,00782021034559896;-0,020439652520914463;-0,0026912384612527013;0,0087597539121855
-0,00532526582073523;-0,0014418824773504474;0,005128971884346259;-0,011679898608728964;-0,001718741521451836;0,006308690877719018
-0,004965859795409659;-0,0009107209297936341;0,003410230362894423;-0,005371207731009946;-0,0026713729848682616;0,0009524563556022429
-0,0044012948947102365;-0,0008467553265859792;0,0007388573780261615;-0,0044187513754077035;-0,0015406902281860577;0,005498260224885566
-0,0037003207794950375;-0,0009976380326187223;-0,0008018328501598962;0,001079508849477863;-0,00431161654334334;0,002812212497588548
-0,0029697923691587927;-0,0013252707936677736;-0,005113449393503236;0,003891721347066411;-0,003146171159661565;0,0022870584545329475
-0,002271337272828943;-0,0016097232007377103;-0,008259620553164801;0,006178779801599359;0,0013900017396099723;0,0004960740758210222
-0,001777420152239223;-0,0017385067539249905;-0,006869618813554829;0,006674853877420381;0,008118147922926665;0,0013753246123004055
-0,001613887853776095;-0,0016201391150482965;0,0012485291093718362;0,008050178489720786;0,0047276503566483705;-0,0025428967555468363
-0,0017251403078551602;-0,001234777321074787;0,005976179466020207;0,00550728173417395;0,0034187811115520966;-0,011303799936242736
-0,001786451597559352;-0,0005274083875124462;0,009394960577572303;-0,005796518202068786;0,00139370381284434;-0,004857471615673747
-0,0016087157086227355;0,00040025181541685265;0,010788664390416643;-0,010653989817742533;-0,0017728905158715808;-0,003437722247211044
-0,0010551813965832268;0,0010960512902634;0,009015773874545063;-0,014091712064953577;-0,006359272833623777;0,003389603778705976
-7,010050892705243e-05;0,001365691172400246;0,002656501040921286;-0,0107021082862476;-0,009948195502960715;0,003093598763713762
0,0012756113337109246;0,001071662571938949;-0,007291694462039429;-0,0076085095225338385;-0,003093547908119408;0,003641867225370979
0,0027275832179857527;0,00034954964002774803;-0,010385242370158837;-0,00396664229716286;-0,005491328398088649;0,010549643813757937
0,003887887323779004;-0,0006769036727848066;-0,015876570768247486;0,006583001516595077;-0,0012360186797610168;0,000587191331055642
0,004632781734765902;-0,0018620226774838755;-0,017112589448008503;0,007170192847650719;0,003095324912998243;0,0011790097248485787
0,0047426133150229;-0,0027838216215191414;-0,01401726453501026;0,008349202572499298;0,006045719117965545;0,0027659960625261854
0,004167941317359558;-0,003418812851648379;-0,007971545417044715;0,011115198635025483;0,005895626255096292;-0,005939334447461975
0,0030325787382958058;-0,0037198359788776438;-0,0020759191619484224;0,005175864187563509;0,00261305455640308;-0,00038210829354512477
0,001578354342550265;-0,0035762511607058895;0,0005371353944546575;0,004793755894018384;0,0052557154320043015;-0,0003367553848573554
4,1093180326787215e-05;-0,003225631775031595;0,005792850826458959;0,0044570005091610285;0,002822601094447555;-0,0011170946885417504
-0,0014746825661185042;-0,002683262153596565;0,008615451920906514;0,003339905820619278;0,002898408363374669;-0,001753148501757642
-0,0027587442795054375;-0,001962612511795094;0,011513860284281183;0,0015867573188616362;-0,000171841454665575;-0,005051144383783072
-0,00369818791605611;-0,001108366637168852;0,011342018829615608;-0,0034643870649214356;-0,007235321060452424;-0,0018270556345125442
-0,004177077141235535;-0,00019065046978814437;0,004106697769163184;-0,00529144269943398;-0,003690001869007309;0,0005607258770410316
-0,004202285613230336;0,0005884902149957058;0,0004166959001558751;-0,004730716822392948;-0,002379701954432281;-0,0009523295810038995
-0,0040632261744586095;0,0011559731918021968;-0,001963006054276406;-0,005683046403396848;-0,0016805136797065634;0,0005468008916860445
-0,003907498899680648;0,0015342274957129698;-0,0036435197339829695;-0,005136245511710803;0,0029593453646955814;-7,169826161310816e-05
-0,003830291867073743;0,0016851599434878689;-0,0006841743692873881;-0,0052079437733239115;-0,003806903320729832;0,0020777840079196745
-0,0038988256238261564;0,001630642570794336;-0,00449107769001722;-0,003130159765404237;0,004169130966148807;0,0012009168102949004
-0,003994726355350066;0,0013678074471678466;-0,00032194672386841316;-0,0019292429551093365;0,008436578322487634;0,0008804891949988798
-0,004270270194474663;0,0009797659329251875;0,00811463159861922;-0,0010487537601104567;-9,972194599033868e-05;0,0036832870741858263
-0,004558691902553998;0,000514554700478155;0,008014909652628882;0,0026345333140753695;0,0005384044149497891;0,003633321797280825
-0,004522528346688564;7,393317626704359e-06;0,008553314067578671;0,006267855111356194;0,0015672089285562532;-0,0005746106288585986
-0,004165768404717974;-0,00039438673266173156;0,010120522996134924;0,005693244482497596;0,0007467943844144953;-0,0004558499383577443
-0,0034668759000442374;-0,0005454525784959197;0,01086731738054942;0,0052373945441398515;2,614042349663448e-05;0,0017450521363676762
-0,002363162475525104;-0,000468788645030204;0,010893457804046054;0,006982446680507528;-0,007063740834608687;-0,002726723635900637
-0,0008247563557839934;-0,00018262892979889418;0,0038297169694373676;0,0042557230446068905;-0,006324312333989689;-0,003180514225559889
0,0011493880761189591;0,00038282865265271674;-0,002494595364552321;0,0010752088190470015;-0,003689355144669254;0,002104218068879858
0,0032767211867994065;0,0011185151568886033;-0,006183950509221575;0,0031794268879268596;-0,005860595779640598;-0,00022579378720450835
0,005304270482897761;0,00189721001388637;-0,012044546288862173;0,0029536331007223512;-0,005453813636675547;-0,00500814297076025
0,0070844617586272515;0,0028030819464012107;-0,01749835992553772;-0,002054509870037899;-0,003348833265996526;-0,0028929329439532775
0,008382871182802256;0,0038270992029449456;-0,020847193191534247;-0,004947442813991176;0,004152978901327126;0,0008025886247036984
0,008981346209955752;0,004768936064687165;-0,01669421429020712;-0,004144854189287478;0,005645045480452249;0,0016434482194132571
0,008745933509447877;0,005512875213869737;-0,011049168809754872;-0,002501405969874221;0,009265048174704943;-0,0023839696466597116
0,007842752237331718;0,00609102019548081;-0,0017841206350499295;-0,004885375616533932;0,005201468169326345;0,0007145272708806438
0,006497604212825364;0,006569108938296914;0,003417347534276416;-0,0041708483456532885;0,004584390707526531;7,42734052816274e-05
0,0050810913629170135;0,00685178265645166;0,008001738241802947;-0,004096574940371661;0,0025491866552120393;-0,0005556304967278547
0,003801272414379718;0,006967622440780276;0,010550924897014986;-0,004652205437099516;0,0011584062874673284;0,006875982470797876
0,0028415229955145414;0,006919599227494025;0,011709331184482315;0,0022237770336983598;-0,0013468249345032907;0,0028879563216835658
0,0023038105725299643;0,006685487796723792;0,010362506249979024;0,0051117333553819255;-0,005961227265839628;-0,000924218072993005
0,0022344713969246798;0,006540327447301496;0,0044012789841393965;0,004187515282388921;-0,004514042746312515;-0,008829372112641065
0,002579632471318556;0,006599636432094475;-0,00011276376217311812;-0,004641856830252145;-0,006325648068834955;0,0033356469663032295
0,003100844705078008;0,0068264460281830105;-0,006438411831008073;-0,001306209863948915;0,005384257174142121;0,003802120547869492
0,0036175463883505355;0,006867581351061461;-0,0010541546568659521;0,002495910683920577;-0,001868130311375782;-0,0026095836819819695
0,00387671159838274;0,006856468279381956;-0,002922284968241734;-0,00011367299806139264;-0,006274269381670777;-0,0002238024340140421
0,004093710622140307;0,006945191635059272;-0,009196554349912511;-0,00033747543207543473;0,002065072392467601;-0,003331975929824954
0,004193818247168204;0,007029368070814134;-0,00713148195744491;-0,003669451361900389;0,0015170704427164977;-0,0002373731240640775
0,0039260636981996;0,007100045489285978;-0,005614411514728412;-0,003906824485964466;0,008773208088722902;0,0036163539749900775
0,0033730498709332;0,007023944853281806;0,0031587965739944893;-0,0002904705109743888;-0,0026213608774069627;-0,00047232732614083117
0,002595459583077664;0,006791571237839056;0,0005374356965875265;-0,00076279783711522;-0,0014885157022792757;-0,0010167072992887938
0,0019442211581819071;0,0065475788019573305;-0,0009510800056917491;-0,0017795051364040138;0,003306728519295355;-0,002699544218105504
0,0013144801611496516;0,006273074452590995;0,002355648513603606;-0,004479049354509518;0,0032977868273707;0,0039053213319473062
0,0006466959638897259;0,0059273898977685;0,005653435340974306;-0,0005737280225622116;-0,004719267759763442;0,003968637921899262
7,313770717394443e-05;0,005402543368765625;0,0009341675812108638;0,003394909899337051;-0,003951508647018721;-0,0031201574783726455
-0,00027428313590286476;0,00485474771886026;-0,003017341065807857;0,00027475242096440533;-0,001065920563890297;0,002126574966319142
-0,0005843372757312394;0,004442748464928378;-0,004083261629698154;0,0024013273872835472;0,0002789720537937374;0,006485638483696529
-0,0010150850581919283;0,004041739307835072;-0,003804289575904417;0,008886965870980076;0,0034178055426679482;-0,003751628219343231
-0,0016091633058405433;0,0037367832462331073;-0,00038648403323646857;0,005135337651636845;-3,7891645784243755e-07;-0,00559627187560445
-0,002355413136525335;0,003787305819470346;-0,000386862949694311;-0,00046093422396760453;-0,001543805122199926;-0,005395962160733542
-0,0031171223285395857;0,004043241898773059;-0,001930668071894237;-0,005856896384701146;-0,0001434631599762093;0,0010642787753885885
-0,0038943060385416084;0,0042807406091170674;-0,0020741312318704463;-0,004792617609312558;0,0033597627785562634;0,0038322832627637887
-0,004748716471419401;0,00428396346407303;0,001285631546685817;-0,000960334346548769;0,0007396298396320777;0,0003288993737191187
-0,005686092153572011;0,00409548161465649;0,0020252613863178948;-0,0006314349728296503;-0,00046001812750443016;-0,0035454716752862103
-0,0065720425738571885;0,003868586391378;0,0015652432588134646;-0,004176906648115861;0,001774702075125284;-0,0024375051503768286
-0,00737698253868965;0,0036164337691863236;0,0033399453339387486;-0,006614411798492689;0,003383987746778394;0,004851663661512962
-0,008119312773169574;0,003197204881070013;0,006723933080717143;-0,0017627481369797277;0,0018172683460193073;0,005550422995575153
-0,008728045194291947;0,0025133995210139945;0,00854120142673645;0,003787674858595425;0,0027140176642322378;-0,0048548458410123604
-0,009067820292185634;0,0017590842354787868;0,011255219090968688;-0,0010671709824169352;-0,005039259269302904;0,0015263113822819516
-0,009065947333009864;0,0011562759442873961;0,006215959821665784;0,00045914039986501634;0,004688073544261012;0,005670095771623666
-0,008613865610195346;0,0005107808137993282;0,010904033365926796;0,006129236171488682;-0,003031892311346679;0,004135096163117887
-0,007913145494514197;-0,00011634870069413916;0,007872141054580117;0,01026433233460657;0,0011383655221447048;-0,002380027113512685
-0,006776264044195976;-0,0004983087683280592;0,009010506576724822;0,007884305221093884;-0,005357453916193362;-0,00586339852294937
-0,005324496951694549;-0,00046969554257771643;0,0036530526605314598;0,002020906698144514;-0,005588608220725114;0,0017772084308811317
-0,003512309596124131;-0,00012571010798361826;-0,0019355555601936539;0,0037981151290256455;-0,002204769178469547;-0,003014590454284585
-0,0015540001341324537;0,0002991115945362604;-0,004140324738663201;0,0007835246747410606;-0,0036371102890059917;-0,004066810215752283
0,0003268871054514775;0,000875857902217165;-0,0077774350276691925;-0,0032832855410112223;-0,00292528827037411;-0,0024209791594546858
0,0020421613554888803;0,0014839451968877118;-0,010702723298043303;-0,005704264700465908;-0,005190628682811581;0,0018692949075504034
0,0034463382044195158;0,00196070106991781;-0,015893351980854883;-0,0038349697929155047;0,0032927244713140957;-0,0009082704228829258
0,004422406121428419;0,0022092863549292717;-0,012600627509540788;-0,0047432402157984305;0,005228438939800253;-0,00017051854965378227
0,004762739959203127;0,002304472848224113;-0,007372188569740534;-0,004913758765452213;-0,00032640017583297765;0,0018318586427108902
0,004599048696596203;0,0022099297328870174;-0,007698588745573512;-0,0030819001227413226;0,0038132225944879014;0,000702728912146771
0,004140469891199658;0,0019188362669318333;-0,0038853661510856105;-0,0023791712105945516;0,0020709044864796883;-0,0033611288410611666
0,0033739475359801725;0,001504466796066996;-0,0018144616646059222;-0,005740300051655718;0,00612050743439687;0,0012274720246829227
0,0024520105347172623;0,000994930476778377;0,004306045769790948;-0,0045128280269727955;0,0028574476548788065;0,008052054998596542
0,0014574950668701156;0,00025578215542352905;0,007163493424669754;0,0035392269716237462;-0,0045841697024243955;0,005804321992471207
0,0006352214298146067;-0,0006638792870102307;0,0025793237222453587;0,009343548964094953;0,002481816696381027;-0,0012573994805311454
9,948752974588794e-05;-0,0014419716505790407;0,005061140418626386;0,008086149483563808;0,0020952483247859734;-0,006388731120971776
-0,00033307342143301644;-0,0018463220555840524;0,007156388743412359;0,001697418362592032;-0,0011885417561923895;0,00453800881234126
-0,0005631887558668655;-0,0019272264812465118;0,00596784698721997;0,006235427174933292;-0,004066384211496691;-0,0010855349640041742
-0,0005070485405642201;-0,0019402341724052898;0,0019014627757232786;0,005149892210929118;-0,0021083874289309947;-0,0012399318754980938
-0,00021219444577277592;-0,0017038247765667365;-0,00020692465320771604;0,003909960335431024;0,0013585475738736186;-0,003106866165118762
0,00015871816004759938;-0,0012614196922910183;0,0011516229206659026;0,0008030941703122615;-0,00017516597067498453;-0,006749492529973592
0,0005213537797396661;-0,000662616194598059;0,0009764569499909181;-0,0059463983596613305;-0,0020473192606901888;0,003318906407010975
0,0009300543162583688;-3,168893009260925e-05;-0,0010708623106992707;-0,0026274919526503553;-0,0019117869536008011;0,0030309743227006775
0,0013778131307767083;0,00036138240002638717;-0,002982649264300072;0,00040348237005032213;-0,000914544645807383;0,001576957633912775
0,001782737452867077;0,0006493540520393694;-0,003897193910107455;0,001980440003963097;-0,0016656568635623203;0,000767225941389154
0,002068355804385443;0,0009534649988543645;-0,005562850773669775;0,002747665945352251;-0,0019934129610491153;-0,004698136741543339
0,0021980863994995104;0,0013367935458278835;-0,0075562637347188905;-0,001950470796191088;-0,002596702215164986;0,0031332256569002737
0,002105302963666787;0,0018300287306154926;-0,010152965949883876;0,0011827548607091856;0,00171559217406482;0,0006352987097737461
0,0017102689784453079;0,002245245083555458;-0,008437373775819056;0,0018180535704829318;0,0018272362754258135;-0,004619881702316982
0,0009091163552284738;0,002707771630923791;-0,006610137500393243;-0,00280182813183405;0,001834885975900341;0,00423849299300387
-0,00022953121902112247;0,0032430203211114414;-0,004775251524492902;0,0014366648611698202;0,0029590884819276284;0,004688956357784116
-0,0016325842932864486;0,0036661958860257295;-0,0018161630425652733;0,006125621218953936;0,007670507113066667;-0,006111745723872741
-0,0032266474285314907;0,0041468380453868105;0,005854344070501394;1,3875495081194789e-05;-0,0006439367199515406;-0,0059678079970310605
-0,004893357085479144;0,004872505053506049;0,005210407350549853;-0,005953932501949866;0,0022395997669872464;-0,0018588693276061496
-0,006325892979606741;0,005598727081428535;0,0074500071175371;-0,007812801829556015;-0,0007554943888981869;0,009668451045425297
-0,007550012579712344;0,0060867918092730264;0,006694512728638913;0,0018556492158692817;0,002465021026368308;-0,001808467423180693
-0,008476131895116463;0,006262344463935278;0,009159533755007221;4,7181792688588686e-05;0,003309587339243081;-0,00835044990531944
-0,009134470701375026;0,0065121230872323;0,012469121094250302;-0,008303268112630852;-0,005335489528391024;0,0029931275654645484
-0,0094264281574333;0,006763788982236865;0,0071336315658592775;-0,005310140547166303;0,0012060009108272873;0,004995261324998473
-0,009219620769721562;0,006683324152736198;0,008339632476686565;-0,0003148792221678298;-0,005935633233751597;0,005841199069562986
-0,008727468119375453;0,006390453701348877;0,0024039992429349677;0,005526319847395156;-0,0014005159935931988;-0,005607412988767546
-0,00790173016996188;0,006084988081074843;0,001003483249341769;-8,109314137239032e-05;-0,00303136668098386;-0,003553117540914502
-0,00697983225083091;0,006000575254696616;-0,0020278834316420913;-0,0036342106822868925;0,001517200972515939;0,0011777727974008056
-0,006017795001726268;0,005912918702663493;-0,0005106824591261522;-0,002456437884886087;-0,000912753924492013;-0,00048086719005176193
-0,00513687308988731;0,005679893723338895;-0,0014234363836181652;-0,0029373050749378488;-3,887086106901805e-05;0,00186711513938774
-0,004276378476413399;0,005348611228618853;-0,0014623072446871832;-0,0010701899355501088;0,0036082563388831757;-0,000826739289127465
-0,0034728213182842137;0,004899836530901296;0,0021459490941959924;-0,0018969292246775737;0,0022543134831740468;0,0018807719042731041
-0,0027277564499425164;0,004408254235761736;0,004400262577370039;-1,61573204044696e-05;-0,0003529178445177833;0,0010553767393870067
-0,0018968536178329788;0,0038407947716350725;0,004047344732852256;0,0010392194189825371;-0,0031727236547106526;0,003799030230189543
-0,0008899402826286398;0,0032726890146922306;0,0008746210781416033;0,00483824964917208;-0,003764665911481474;0,0018387522373518456
0,0002788668418897896;0,00274615203450869;-0,0028900448333398707;0,006677001886523926;-0,00442781907665088;-0,0030505369933198773
0,001482658809533883;0,0024131450402920325;-0,00731786390999075;0,0036264648932040483;-0,00012333908635819152;0,002040110324353403
0,0025708489838443815;0,002347218121536332;-0,007441202996348942;0,005666575217557451;0,0018518694756909093;-7,730703975672437e-05
0,00336632460175525;0,0024263497985087933;-0,0055893335206580325;0,005589268177800727;-0,0012132976015818142;-0,0036630264918987993
0,0038641520998121607;0,0027321444841835528;-0,006802631122239847;0,0019262416859019277;-2,060283332863677e-05;-0,005924805078048531
0,004138406257042751;0,003261509896970342;-0,0068232339555684834;-0,0039985633921466035;0,0023603265118905953;0,000699304850838689
0,004140555169383746;0,0038679249771932074;-0,004462907443677888;-0,0032992585413079145;0,003625982810832845;0,0042991801735946245
0,0038697747235020025;0,004314397521730209;-0,000836924632845043;0,00099992163228671;-0,0007326534923252984;-0,005298393202548726
0,0034204779798731435;0,004628899724614894;-0,0015695781251703414;-0,004298471570262016;0,0012872952530887244;0,002186814812139795
0,0029377042509304823;0,004983398792791047;-0,000282282872081617;-0,002111656758122221;-0,004604455525992215;0,00024684338194358446
0,002392147396981008;0,00516595899815672;-0,004886738398073832;-0,0018648133761786367;0,002818776836045287;-0,001413172568982629
0,0018352992281482686;0,005264052933197504;-0,0020679615620285453;-0,003277985945161266;0,0010899646529574161;-0,003911506577159676
0,001082981523392576;0,005287554333191142;-0,0009779969090711292;-0,007189492522320942;0,0007482733455502835;-6,998365182615818e-05
0,0002479453561557417;0,005179936295378331;-0,0002297235635208457;-0,0072594761741471;0,0012871856537045728;0,005570540816439776
-0,0006262106874439378;0,00478473855667268;0,0010574620901837271;-0,0016889353577073246;-9,396318503803944e-05;0,010122615299689872
-0,0015095556735844511;0,004099161771001146;0,0009634989051456877;0,008433679941982547;0,005173670500223479;0,003560652010413848
-0,0023506021761176155;0,0033460275710213193;0,006137169405369167;0,011994331952396395;0,0016609797770049395;-0,0001476766370475946
-0,0031531087224449523;0,0029302405687207946;0,007798149182374106;0,0118466553153488;-0,005029690677352205;0,0013412608245277624
-0,003710128492557522;0,0029942268445161254;0,0027684585050219007;0,013187916139876563;0,0012437358887380512;-0,0022867390487061046
-0,003955222295375128;0,003532079332925408;0,004012194393759952;0,010901177091170458;-0,0017200238191135697;-0,000502918421368001
-0,004089577757991858;0,004597448466929753;0,002292170574646382;0,010398258669802457;-4,515085563744359e-05;-0,014100237750278688
-0,00406344544485819;0,006098864684580917;0,0022470197190089386;-0,003701979080476231;-0,005445534891945117;-0,010141552174432605
-0,003945626308738666;0,008016211249024179;-0,0031985151729361783;-0,013843531254908836;-0,0035411725338887617;-0,005669174012253253
-0,0037379263838587854;0,009785478650248392;-0,00673968770682494;-0,01951270526716209;0,002743414835197605;0,004258640330448427
-0,0036581670658963512;0,011001004801276252;-0,003996272871627335;-0,015254064936713663;-0,0013903795533618396;0,00898225481472259
-0,003847995256206915;0,011436022741617625;-0,0053866524249891745;-0,006271810121991073;0,004979504623223552;-0,0027057313370120184
-0,004197674361382572;0,011260878084490455;-0,0004071478017656227;-0,008977541459003091;-0,0018091908286922281;0,0010663830910538907
-0,004762819563557796;0,010834861022483643;-0,002216338630457851;-0,0079111583679492;0,005193627780257157;0,006787917976245894
-0,005344250677803645;0,010049742302116705;0,002977289149799306;-0,0011232403917033063;0,0018185045625759566;0,008999388940743813
-0,006014335337267808;0,0089481772470318;0,0047957937123752625;0,007876148549040507;-3,9164247923884066e-05;0,00044055963047134883
-0,006565328430739998;0,007801682576278762;0,0047566294644513785;0,008316708179511856;-3,405559515598511e-05;-0,006066886158272056
-0,006924489775717179;0,0069702338474873435;0,004722573869295393;0,0022498220212398;-0,0015248281711693346;-0,0004661458581410871
-0,007093385942116304;0,0064714534458764;0,003197745698126059;0,001783676163098713;-0,00022870426187032722;0,002931044836533725
-0,007073379153743613;0,00606266592511505;0,0029690414362557316;0,004714720999632438;0,0012205145050477872;-0,006480632993347946
-0,00692546253744588;0,005725225450877647;0,004189555941303519;-0,0017659119937155077;-0,0027214264572672786;-0,0025690624644415933
-0,006658784263697918;0,005576373816625541;0,0014681294840362402;-0,004334974458157101;0,0009050079031756031;0,00338504742971249
-0,006224523752297815;0,0053568857026248164;0,0023731373872118433;-0,000949927028444611;-0,0009971670417469186;-0,000401256528652541
-0,005731538061536262;0,004963998610297807;0,0013759703454649247;-0,001351183557097152;-0,004355981820791069;-0,0001026935607499474
-0,005143626875286236;0,004533114436833013;-0,002980011475326144;-0,0014538771178470994;0,0015829502320138522;0,0007954758265923401
-0,004500676875217612;0,004048182921084333;-0,001397061243312292;-0,0006584012912547593;-0,0003623563033911259;0,00510762584849514
-0,003976927334162035;0,0035050963206217692;-0,0017594175467034179;0,0044492245572403805;-0,0027277509965990265;-0,004399904889416245
-0,003509060242838949;0,0029356736685090144;-0,004487168543302444;4,931966782413533e-05;-0,000901514479869206;-0,004122528154856142
-0,0031115698533839995;0,0025442199986858757;-0,00538868302317165;-0,004073208487032007;0,0022787830323293817;0,007421737432302202
-0,0028935662056611485;0,002154739115575702;-0,0031098999908422686;0,0033485289452701954;0,003615358633618851;-0,0010038693087116614
-0,0028911098788651627;0,0016023298929842477;0,0005054586427765823;0,002344659636558534;-0,002550987367863425;0,0030923265390568264
-0,003013049551702868;0,0011838618282036016;-0,0020455287250868426;0,00543698617561536;0,0014569120760444393;-0,0020429623433122976
-0,0031147708788295102;0,0008591801488852969;-0,0005886166490424033;0,0033940238323030628;0,0009959029701277211;1,307890650975932e-05
-0,003298313354959626;0,0007519779165916065;0,0004072863210853178;0,003407102738812822;0,003946354984638592;0,000977545442168392
-0,0035054004970514383;0,0007805366375900386;0,00435364130572391;0,004384648180981214;-0,0055743783269831815;-0,0005999460324573741
-0,0036961961862998372;0,0009453794681409835;-0,0012207370212592716;0,00378470214852384;0,003097941341068125;-0,0027519829399425544
-0,0037128462233192803;0,0012856082259311771;0,0018772043198088534;0,0010327192085812856;4,728406026721643e-06;-0,006623779249647806
-0,0037783257411890935;0,0017772250696623244;0,001881932725835575;-0,00559106004106652;-1,40325582576456e-05;-0,0036649570689202687
-0,0037687170862665533;0,002310150681736723;0,0018679001675779294;-0,009256017109986789;-0,003969088467038764;0,0069284781169065696
-0,00368383112231059;0,0026194338921684606;-0,002101188299460835;-0,0023275389930802193;-0,000738079858996793;0,004020949541027816
-0,003524229151651509;0,002558476418200727;-0,002839268158457628;0,0016934105479475964;0,005878645832005702;-0,0019600744313484006
-0,0034486747129708617;0,0024044173845097845;0,0030393776735480743;-0,0002666638834008042;0,0009178458596054012;-0,0010323741788078947
-0,0034866910006285195;0,002318094772736746;0,0039572235331534755;-0,0012990380622086989;0,0022321798009537624;0,006344204779565099
-0,0034031321813442544;0,002221105605627675;0,006189403334107238;0,0050451667173564;0,002847280438756858;0,0017845406358510604
-0,0031612844207338504;0,002072154916030256;0,009036683772864096;0,006829707353207461;-0,003880883928563155;-0,0038541577156371437
-0,0026718605267591566;0,002125010895127093;0,005155799844300941;0,002975549637570317;-0,0013399448932635144;-0,0008387985527233133
-0,0018209692818698991;0,002451055168352229;0,0038158549510374264;0,0021367510848470037;-0,007166462998916153;-0,003935628330259476
-0,000763846043208604;0,0028961214270801774;-0,0033506080478787267;-0,0017988772454124724;0,00013809210512090442;-0,005450121132472105
0,0004459113934941881;0,0034266577292020057;-0,0032125159427578223;-0,007248998377884577;-0,005881437155707811;-0,0016386004493035983
0,0015216445082818313;0,0038852389415073353;-0,009093953098465633;-0,008887598827188176;-0,0025310244119791173;0,0003044687828315934
0,0024688769853591615;0,004053860218697282;-0,01162497751044475;-0,008583130044356582;0,0032036960811434173;0,0019481998102051784
0,0030523513384978665;0,003866977542799701;-0,008421281429301333;-0,006634930234151404;0,0004132577140345192;0,008538658260810128
0,0031708265912187812;0,003336769665127857;-0,008008023715266814;0,0019037280266587242;0,004415348523148059;0,004708026695282655
0,002952450586767643;0,0025411645780899573;-0,003592675192118755;0,006611754721941379;-7,82478075700005e-05;0,003560434644329008
0,0024137536337058316;0,001821708612118406;-0,0036709229996887555;0,010172189366270387;0,008410530655283025;-0,0035003635677059303
0,0017313496729592704;0,0013667228350245104;0,00473960765559427;0,006671825798564457;0,0009511236852263547;-0,0060079082128533315
0,0009021087922251589;0,00131862463258143;0,005690731340820624;0,0006639175857111254;-0,003504181406957277;0,004482739144614868
0,0002624522177148182;0,0015373994620809278;0,002186549933863347;0,005146656730325994;0,0028213324038512295;-0,005950623243692922
-0,00014957510316269745;0,0017827309950088708;0,005007882337714577;-0,0008039665133669285;-0,001780951001987793;-0,0017041885045028862
-0,00047414042668567926;0,0022339287971498535;0,0032269313357267838;-0,0025081550178698148;0,00033263609266007306;-0,003304062262453819
-0,000598390456700078;0,002652967938756159;0,003559567428386857;-0,005812217280323634;-0,0037097292947445484;0,0031212512093417855
-0,0005935632332854054;0,002971680879647672;-0,00015016186635769153;-0,0026909660709818484;-0,0023043629894607346;-0,0011234638975350236
-0,0004463533127352585;0,0030579051293262395;-0,002454524855818426;-0,003814429968516872;-0,0005773440062998014;-0,0024380829931268666
-0,00030514986683941926;0,003036490736165533;-0,0030318688621182276;-0,006252512961643739;-0,00047794944199624524;0,003739798876852933
-0,00026212741517631707;0,002862499144264152;-0,003509818304114473;-0,0025127140847908055;0,0032288445867427133;3,157678722608137e-05
-0,000340379717997944;0,002438407033897021;-0,00028097371737175955;-0,002481137297564724;0,00012990575530858264;-0,002903121438745347
-0,0005590247529841498;0,0019138063601382579;-0,0001510679620631769;-0,005384258736310071;-0,0027132154842636237;0,001708021201729533
-0,0007889087366652261;0,0012899601944769059;-0,0028642834463268006;-0,0036762375345805384;0,003164723789723177;0,004743110671389945
-0,0010248354388288294;0,0004507436793631511;0,00030044034339637635;0,001066873136809407;0,0011355565408087721;0,007182101492581895
-0,0013753334788455048;-0,0005355223371338253;0,0014359968842051485;0,008248974629391302;0,0026290444725483586;0,0018967077931822673
-0,0017138139051263248;-0,0014791134281584254;0,004065041356753507;0,01014568242257357;-0,0003091939808334554;-0,00280661904581727
-0,001994854456038939;-0,0020927455340073735;0,0037558473759200517;0,0073390633767563;0,0006211237858079199;-0,006184116412181813
-0,002113293352681413;-0,0023005503429533785;0,004376971161727972;0,0011549469645744867;-0,0013873706827460183;-0,003661993355603188
-0,002081498354287085;-0,0022147926168291318;0,0029896004789819533;-0,0025070463910287014;-0,0016125779519661175;0,002946214997165887
-0,0018746245094236383;-0,0020828370121219056;0,0013770225270158358;0,0004391686061371858;0,00036590027663841243;0,0015598995128046078
-0,0015481666454009134;-0,0020511632630558275;0,0017429228036542482;0,0019990681189417936;-0,00402407571690447;-0,004997949531720475
-0,0011666278802975548;-0,002001922769744262;-0,002281152913250222;-0,002998881412778681;0,000726034507406428;-0,00275910283159736
-0,0007153722030480265;-0,0018727195516750246;-0,0015551184058437938;-0,005757984244376041;-0,003370173626711175;0,004891358482955903
-0,0003553626423285069;-0,0018634715901169343;-0,004925292032554969;-0,0008666257614201381;0,005354280531447472;-0,0014665486352100007
-5,7557817842739134e-05;-0,002084542998333886;0,00042898849889250407;-0,002333174396630139;-0,001386547865424009;0,0039742949196304445
4,323532534082988e-05;-0,002340279437007643;-0,000957559366531505;0,0016411205230003056;0,0005992580552738949;-0,0015775277599232584
0,00016118800848009904;-0,0026893428515466057;-0,00035830131125761007;6,35927630770472e-05;0,0016554807010477667;-0,0024564460526016185
0,00024083831695810803;-0,002972761445165556;0,0012971793897901566;-0,0023928532895245713;-0,0006006441637848286;0,0001956789263606734
0,0003061565729858126;-0,0032536363282614244;0,000696535226005328;-0,002197174363163898;0,001585927902192123;0,010155663515668947
0,0004233620046051234;-0,003630225342938276;0,002282463128197451;0,00795848915250505;-0,002452233035608502;0,005618172457067264
0,0005684288452646474;-0,004094701332141683;-0,00016976990741105098;0,013576661609572313;0,00016372589665476604;0,00034548490627571427
0,0008047942110520694;-0,004240837755244888;-6,04401075628494e-06;0,013922146515848027;-0,0020326377632877528;-0,008560261147251474
0,0010343687805430494;-0,0038439077139652013;-0,0020386817740440377;0,005361885368596553;0,0027139230258777652;-0,003537986361825493
0,001263701589603778;-0,0028900918120515926;0,0006752412518337275;0,0018238990067710598;0,002525817082922932;-0,005587115780983615
0,001411487127702745;-0,0017218004953941225;0,0032010583347566596;-0,003763216774212555;-0,005181632412756619;-0,0015654969952385508
0,001586282315875061;-0,00048055321846580956;-0,0019805740779999595;-0,005328713769451106;0,0005328909518476227;0,0018651048891389216
0,0018891198374376436;0,000610165387494001;-0,0014476831261523368;-0,0034636088803121842;0,0031852967673139804;-0,005310163036813323
0,0021127343958802277;0,0014877354426757676;0,0017376136411616436;-0,008773771917125507;-0,003826409383085448;0,0008360123168356243
0,0022784416292767184;0,0022267611426450467;-0,0020887957419238046;-0,007937759600289883;0,0006619331359873915;0,003040961435475574
0,0025136534083196748;0,002614835965929305;-0,0014268626059364131;-0,004896798164814309;-0,0017012608818890718;0,0021766502437992746
0,002665313357685679;0,002685400405201969;-0,003128123487825485;-0,0027201479210150342;0,00399949559193899;-0,002072886623105917
0,0027598988028142268;0,0025600929178820598;0,0008713721041135047;-0,004793034544120951;-0,001628533918154415;-0,0009153958865546624
0,0027293593084297555;0,0023259795137215494;-0,0007571618140409103;-0,005708430430675614;-0,0053852745969998755;0,007758074618859936
0,0027336746982098235;0,001900144727796201;-0,006142436411040786;0,002049644188184322;0,007132812465274065;0,003118168722496246
0,0027077036154282558;0,0012459727246438282;0,0009903760542332787;0,005167812910680568;-0,0011534034333044868;-0,0031447088540132286
0,0024360350762050566;0,0006737864890188281;-0,00016302737907120807;0,0020231040566673396;0,0025396260911093524;0,0008015709753416049
0,002203981579151188;0,0003083127698210509;0,0023765987120381443;0,0028246750320089446;0,0007090147742885022;0,004332846973013797
0,001965406986934472;2,3763212889967207e-05;0,0030856134863266466;0,007157522005022741;0,0012971501341082076;-0,002321925057912168
0,001821896343199281;-0,0001477993427607587;0,004382763620434854;0,004835596947110573;0,001783211834349277;-0,010826131881915143
0,001801810238917156;-3,3061018210574976e-05;0,006165975454784131;-0,005990534934804569;-0,0036242861514841143;-0,0012459493318196964
0,0019570346794524256;0,0002751011842240317;0,002541689303300017;-0,007236484266624266;-0,0023627552169935145;0,005409232580616966
0,00235889813817906;0,0003436419892664556;0,00017893408630650226;-0,0018272516860072998;0,0007180558995096079;-7,980745336243732e-05
0,002862429169037695;0,00012272342364390886;0,0008969899858161101;-0,0019070591393697371;-7,885573977334248e-05;-0,003861575310609079
0,0033731175633485906;-0,00017128520941892984;0,0008181342460427676;-0,005768634449978816;-0,0028615576723426683;0,0033011025216766084
0,00391968555709213;-0,0005415762080565581;-0,0020434234262999007;-0,002467531928302208;-0,0016506488463443186;0,002915386505248512
0,0044989789206773805;-0,001142612584693339;-0,0036940722726442193;0,00044785457694630423;0,002918513224152569;0,0018991467382997347
0,004996535347210635;-0,0018423502384622083;-0,0007755590484916502;0,002347001315246039;0,0023309386097963986;-0,0016983442522000292
0,005346328882838121;-0,002524173709153225;0,0015553795613047483;0,0006486570630460098;-0,0029834634919976566;0,00027706883051710485
0,00566510005652594;-0,0031121171272344007;-0,0014280839306929083;0,0009257258935631146;-0,0028749418524788573;0,006528808215956361
0,00604608641266595;-0,0036741142627937356;-0,0043030257831717655;0,007454534109519476;0,002978195299105979;-0,005361221455109075
0,006369949411578243;-0,0041990823626105464;-0,0013248304840657865;0,002093312654410401;0,004032696244592265;-0,0017008058445997926
0,006521691379163665;-0,004425869098046578;0,002707865760526479;0,00039250680981060826;-0,0016658776617696769;-0,0007670520484323734
0,006620440127386456;-0,004568923327306193;0,001041988098756802;-0,00037454523862176514;-0,003342676551461865;0,0024102912825596234
0,006827503506030307;-0,004696277284173384;-0,002300688452705063;0,0020357460439378583;-0,0019430982803128605;0,0035692898801671508
0,007076246408624429;-0,004838613050585446;-0,0042437867330179235;0,005605035924105009;0,00018604278526962448;-0,004433619415658591
0,00723296177311035;-0,004899518975239993;-0,004057743947748299;0,0011714165084464184;-0,0010498876743527397;-0,00809933438192359
0,007219925668275552;-0,00473622346293034;-0,005107631622101039;-0,006927917873477171;-0,0007836167602120747;0,00024672786589935436
0,007044579805530823;-0,00452607129028283;-0,005891248382313113;-0,006681190007577817;0,0009612034508811595;0,005856256859718217
0,006664928677902052;-0,0045930358325744075;-0,004930044931431954;-0,0008249331478595995;0,0034302551397732;0,003243665015081304
0,006049627614980757;-0,004927247975169097;-0,0014997897916587538;0,0024187318672217045;0,000901257278790632;-0,00223540265230375
0,0052371247548021835;-0,005294457443678171;-0,0005985325128681218;0,0001833292149179544;-0,000354382505692849;0,00263218452904751
0,00436463030295726;-0,005564917637498377;-0,0009529150185609708;0,0028155137439654643;0,005318118682328753;0,0023436398630422295
0,003468194550597612;-0,0058280446627218645;0,004365203663767782;0,005159153607007694;-0,0037840126979122903;-0,0019996875392923885
0,0025336421974955247;-0,005978551138186733;0,0005811909658554916;0,0031594660677153052;0,0009127596107778163;0,006544922046193474
0,0017736979909441489;-0,005922691469371294;0,001493950576633308;0,00970438811390878;-0,0009293848599188602;-0,0020160157129527206
0,0010370014230269926;-0,005740453157847243;0,0005645657167144477;0,007688372400956059;0,004731996205806322;-0,0015641186755044473
0,0003600628781751686;-0,00517003932176684;0,00529656192252077;0,006124253725451612;-0,0003154109487637814;-0,0039951590846708865
-0,0002942930380080773;-0,004292090589648196;0,004981150973756988;0,002129094640780725;-0,00011674685615428032;0,0015497044894280734
-0,0007367864772904925;-0,003169171708511487;0,004864404117602708;0,0036787991302087986;-0,000212317337531253;0,0034837348830824705
-0,0009800338776226282;-0,0019610890417435488;0,004652086780071455;0,007162534013291269;0,00021589883270738998;-0,004572460663119629
-0,0010287051132506556;-0,0006058544097672585;0,004867985612778845;0,00259007335017164;-0,0005475750861806544;-0,002218015083267251
-0,0008912928776758247;0,0010358815827406823;0,004320410526598191;0,000372058266904389;-0,002784432905986957;-0,008071214010422205
-0,0005591612175898401;0,002781220509255489;0,0015359776206112334;-0,007699155743517816;-0,002084782119995318;-4,58008598147458e-05
-5,421313643992783e-05;0,004541441766446471;-0,0005488044993840844;-0,007744956603332562;-0,0027092301794405145;0,0008432820458883633
0,0005121740495344339;0,00599369679389674;-0,003258034678824599;-0,0069016745574441984;0,0015583657063290342;0,002466218204613402
0,001056609055533432;0,007136153557213708;-0,0016996689724955646;-0,004435456352830797;0,0008329631504871426;-0,0019526056266959413
0,0014707226743794462;0,008002543338232906;-0,000866705822008422;-0,006388061979526738;-0,005582239153430778;-0,0015787699614792927
0,0018168495343256381;0,008691514865138873;-0,0064489449754392;-0,00796683194100603;-0,0038371203524081715;0,004353989891010102
0,002128308161391493;0,00912496391286377;-0,010286065327847371;-0,003612842049995929;0,004878508301998177;0,0017695104689062768
0,0021818089894397796;0,009239739682948427;-0,005407557025849195;-0,0018433315810896522;0,004728522863815778;-0,001558733517114691
0,0018238672043741717;0,009210001771033247;-0,0006790341620334164;-0,0034020650982043432;-0,0007696650225691021;-0,0017919068248756775
0,0012496231382745958;0,00910653059587448;-0,0014486991846025185;-0,005193971923080021;0,0011933397041020213;0,0019240096106457327
0,0006482177056936834;0,008866976816787539;-0,00025535948050049717;-0,003269962312434288;0,0021359945970515527;0,005745937835963083
-1,1135694271329928e-05;0,008419664160777397;0,0018806351165510556;0,002475975523528795;0,005018662370460097;-4,602112757878807e-05
-0,000680703473456363;0,007841553012269884;0,006899297487011152;0,002429954395950007;-0,001612243996255855;-0,0029970674529000707
-0,0012750458479793539;0,0073624808847035225;0,005287053490755297;-0,0005671130569500638;-0,0037494205140053208;0,0028487342913863234
-0,0015934163230218986;0,006980606932975162;0,0015376329767499766;0,0022816212344362596;-0,0022593246608302656;-0,0015818538037566665
-0,0017003046584342315;0,006576048458968798;-0,0007216916840802889;0,0006997674306795931;-0,003836976430878637;0,0019301867478688506
-0,0017456876747765655;0,006262754834339885;-0,004558668114958926;0,0026299541785484437;0,00440571082367347;-0,002263937869512178
-0,0018199383584821109;0,0059774519069381565;-0,00015295729128545626;0,0003660163090362656;0,0012824615945373763;-0,004694109461383045
-0,002076535766786013;0,005797347146678364;0,00112950430325192;-0,004328093152346779;-0,0026256527339009253;0,002663884839402733
-0,002339251466741334;0,005631883038780023;-0,0014961484306490053;-0,001664208312944046;0,0014110590714111887;0,002764278647038154
-0,0025567869945665777;0,005293295204787812;-8,508935923781658e-05;0,0011000703340941081;0,001168531728977823;0,004928352803328664
-0,002834168459617782;0,004888139038277837;0,0010834423697400064;0,006028423137422773;0,0030907853790340944;-0,0036361313399785322
-0,0031149534990384986;0,0045269856851316275;0,004174227748774101;0,0023922917974442404;0,0006037299332902479;-0,004890289190089617
-0,0033524008436696152;0,004406969257482329;0,004777957682064349;-0,0024979973926453763;-0,0010674656543999406;-0,003736451347392575
-0,003422879078349768;0,0043826445017308;0,0037104920276644082;-0,006234448740037951;0,0024148889920608957;0,0035904530231186116
-0,003302239005747346;0,004258399850273455;0,006125381019725304;-0,0026439957169193395;-0,0008244718006071919;-0,0023045976459287743
-0,0030331792520383485;0,0038847772492145933;0,005300909219118112;-0,004948593362848114;-0,006045114682644903;-0,0005025184445883249
-0,0025191042575403383;0,0034053948194789577;-0,0007442054635267911;-0,005451111807436439;-0,003540091918105592;0,005641343254259433
-0,001792992894277604;0,002728068655229397;-0,004284297381632383;0,0001902314468229943;-0,002699216734327518;0,003370441793449249
-0,001096649749555941;0,001832698018682379;-0,006983514115959901;0,0035606732402722434;0,0014989433973590476;0,0037338778148154703
-0,0005716785000995736;0,0009449366400082809;-0,0054845707186008535;0,007294551055087714;-0,0021876705945756275;-0,0018207381645038755
-0,0003260478152816021;0,00019960219094507253;-0,007672241313176481;0,005473812890583838;0,005161729523689975;0,0005408014001198995
-0,0002997999592076648;-0,00025395021591462734;-0,0025105117894865057;0,006014614290703738;0,005318133346359008;-0,0016064604648524479
-0,0005804417556607868;-0,0004885501071509737;0,0028076215568725027;0,00440815382585129;0,0019073858035303995;0,00020058384455227257
-0,000961504023693369;-0,0004825654267591705;0,004715007360402902;0,004608737670403562;0,003248743914078117;-0,0013781630508365207
-0,001230261429451051;-0,00030025459333331576;0,00796375127448102;0,0032305746195670417;-0,005252889499418403;-0,0027387744710122477
-0,001310418540792617;6,640574690868151e-05;0,0027108617750626167;0,000491800148554794;0,0021893241422875197;-0,0025002160363613146
-0,0010720256011549421;0,0005622890719333604;0,0049001859173501364;-0,0020084158878065205;-0,0036906827243503026;-0,0007293726491808452
-0,0007251981905147626;0,001077844402900231;0,0012095031929998338;-0,0027377885369873657;-0,00288376621661705;0,0011559880197399945
-0,00018236334318057776;0,001513063098354841;-0,0016742630236172163;-0,0015818005172473712;0,0010150549636441415;-0,0023795650290630785
0,00040885163187360054;0,0018387702523299564;-0,0006592080599730748;-0,00396136554631045;-0,0003802011497848531;0,0006548515146076114
0,0009330960859830902;0,0021012053856151766;-0,0010394092097579279;-0,0033065140317028383;0,004046045847967927;-0,0034135430036351527
0,001430972217693657;0,002205185897047979;0,0030066366382099988;-0,006720057035337991;0,0016394529078449238;0,009622226593518919
0,0018872719810139062;0,002176905847212668;0,004646089546054923;0,002902169558180928;-0,0042464056298982394;0,0007563791799490849
0,0024638372098625557;0,0018798235159638373;0,00039968391615668314;0,003658548738130013;0,0033504189050444708;-0,00048212059850593486
0,003226246020553402;0,0016988279670422436;0,003750102821201154;0,003176428139624078;0,002520227962336849;0,0012292459457959037
0,004004642187890516;0,0016641743676458504;0,006270330783538003;0,004405674085419982;-0,000890092738531717;-0,005238494895115957
0,004933042468075676;0,0017565778938344204;0,005380238045006286;-0,0008328208096959749;-0,004642227102968771;0,0028709870828986586
0,006112255979602356;0,0020252083834397896;0,0007380109420375147;0,0020381662732026837;-0,00876663286261431;-0,007928701216990033
0,0075066790129292875;0,00226052604065732;-0,008028621920576795;-0,00589053494378735;-0,0010835844369876668;-0,002871629999492961
0,008930622483937719;0,0025773703488029577;-0,009112206357564462;-0,008762164943280311;-0,0016934455471726284;0,004311093505691768
0,01003342107812308;0,002658593259197101;-0,01080565190473709;-0,004451071437588543;0,0002863557830359853;0,0020013814908626526
0,010771731418005862;0,0023893295718600324;-0,010519296121701105;-0,00244968994672589;-0,003947628578577722;0,0007814894958462285
0,01107781568169916;0,001942023027019422;-0,014466924700278827;-0,0016682004508796616;0,004080056584384151;0,00020839683115582777
0,010963128100524413;0,0013967288843097759;-0,010386868115894676;-0,0014598036197238339;0,007898683822363806;0,008480202031177556
0,010269763531338514;0,0007847067235649432;-0,0024881842935308707;0,007020398411453722;0,005836554398219063;0,00545919103993503
0,009160924237516828;0,00011429241803115735;0,003348370104688192;0,012479589451388752;0,003316731053295857;-0,004320664843200879
0,007952557571953907;-0,00027530595104447965;0,006665101157984049;0,008158924608187873;-0,003873766590156147;-0,008633506704106338
0,006878125710578513;-0,00016572074206456665;0,0027913345678279022;-0,0004745820959184653;-0,0010936627158064371;-0,0029495937512365993
0,006070297895522482;0,0002702214512428613;0,001697671852021465;-0,0034241758471550646;-0,001106420961375143;0,0050094348074317865
0,0053741234631795665;0,0006871803607135506;0,0005912508906463221;0,0015852589602767218;-0,0008637777563365034;0,0009394448354192418
0,00474585590491751;0,0009671722362980373;-0,00027252686569018136;0,0025247037956959636;-0,0020167475155523223;-0,006086349390556869
0,004141238382281306;0,0013105744702935928;-0,0022892743812425037;-0,0035616455948609058;-0,0009098633919501012;-0,0013587759390049844
0,003525719785017495;0,001754964856116987;-0,003199137773192605;-0,00492042153386589;0,0050593745869380174;-0,002598458916761283
0,0028186302125039835;0,002056889418145945;0,0018602368137454126;-0,007518880450627173;0,0020018814425944043;0,00782639625992048
0,0019835751290627683;0,002161997118820267;0,003862118256339817;0,00030751580929330724;0,001193267909897603;4,1371684613017434e-05
0,0012229295181713693;0,0019663496014695027;0,00505538616623742;0,0003488874939063247;-0,004063171255968275;0,0027074164703652856
0,000616768637533563;0,0017830027164904704;0,0009922149102691447;0,0030563039642716103;-0,0006626282697512337;0,002691922909802788
0,00021282320354525357;0,0016136113312676908;0,00032958664051791105;0,005748226874074398;-0,0002674275563806297;-0,00476985478134264
-0,00015143363403229007;0,0015664721046157759;6,215908413728134e-05;0,000978372092731758;-0,0013716867965391025;-0,0005225523330001647
-0,0005025070059891173;0,001749261952926837;-0,0013095277124018211;0,0004558197597315933;-0,005504576280667724;-0,005682738099880347
-0,0008510940145804533;0,001971186684947168;-0,006814103993069545;-0,0052269183401487535;0,0018403599957019928;-0,0022086398336513824
-0,0012520621316678621;0,0022113442073567633;-0,004973743997367552;-0,007435558173800136;0,004264401699002586;0,0029158982740699613
-0,0019255944084780527;0,0022424249961604083;-0,0007093422983649664;-0,004519659899730175;0,0033592349360942533;-0,00021514155153477127
-0,0027980764451829452;0,0019760834580120476;0,002649892637729287;-0,004734801451264946;0,0025845532578356173;-0,0021743166577622153
-0,0036989321738224367;0,00152895552387448;0,005234445895564904;-0,006909118109027161;0,004284644949821323;0,00045050613027958555
-0,004493792196952757;0,0008924355316863148;0,009519090845386227;-0,0064586119787475756;0,0010857846420990053;0,007699411586143717
-0,005079274384260481;-2,04491848629371e-05;0,010604875487485232;0,001240799607396141;0,0007438818027751259;0,008453854995883251
-0,005283992937752755;-0,0011916783805620919;0,011348757290260358;0,009694654603279392;-0,002132853867600981;0,0008823794668365824
-0,005064516471745621;-0,0023132755919654012;0,009215903422659377;0,010577034070115975;-0,002803336063322559;-0,0033082889415770103
-0,004391089714128072;-0,0030470866192375346;0,006412567359336818;0,007268745128538964;-0,00304573834963668;-0,003506129348430184
-0,0033490268196041473;-0,003357816283705029;0,0033668290097001383;0,00376261578010878;-0,00829393673518463;0,006480422802904617
-0,0020504612307067505;-0,0033777961430309653;-0,004927107725484492;0,010243038583013397;-0,00046161895478535886;-0,0006734426375253968
-0,0006172224814213482;-0,00324727137115255;-0,005388726680269851;0,009569595945488;-0,0032418542096628936;-0,008653116904597021
0,0006189319588446745;-0,0027070250559535986;-0,008630580889932744;0,0009164790408909794;0,0019570145099348096;-0,012462446233479184
0,0016395373318999033;-0,0017839949029351274;-0,006673566379997935;-0,011545967192588205;0,00324928286099381;-0,00576595719533444
0,002314919469357822;-0,000824305588281017;-0,0034242835190041246;-0,017311924387922645;0,0030269178414897083;0,008551021145151315
0,002723358951615824;-0,00032645496133043485;-0,0003973656775144163;-0,00876090324277133;0,0007994829850157814;0,0044732177228208325
0,0029948270931136603;-0,0005210813098967584;0,0004021173075013651;-0,004287685519950497;0,00038418134897608147;-0,0006917891063986711
0,0032504006075109197;-0,001066143788173935;0,0007862986564774466;-0,004979474626349168;8,944040070939241e-05;0,005351652570448593
0,0035220588142082345;-0,0017827136872491317;0,000875739057186839;0,00037217794409942495;3,7069184749188855e-05;0,005947587713385022
0,0038251689671646464;-0,0026984625713782954;0,0009128082419360278;0,006319765657484447;-0,004420445386364283;-0,0008374490295170872
0,004163308682408533;-0,0035993243377434813;-0,003507637144428255;0,00548231662796736;0,0015417422656287955;0,00045152085676458675
0,004537960727329859;-0,00424739547780929;-0,0019658948787994596;0,005933837484731946;0,0006916683276971258;-0,0015722449923984139
0,004772307286474056;-0,004676173952756404;-0,0012742265511023337;0,0043615924923335325;0,0013291022240804473;0,0006685753307180131
0,0049280180504662745;-0,0048675989283142405;5,4875672978113577e-05;0,005030167823051546;0,0014602382244657125;-0,0020049119035585594
0,005032759752414399;-0,004884560204178735;0,001515113897443826;0,0030252559194929862;-0,00029908118202995326;-0,002554506100418061
0,005139696481281649;-0,004700314767121168;0,0012160327154138728;0,0004707498190749254;0,0014794757342579956;-0,002393979741002042
0,005307237766046652;-0,004395059093283882;0,0026955084496718684;-0,0019232299219271165;0,0007380823527779468;-0,0028909963840077907
0,00552342035942821;-0,0040709734266835985;0,003433590802449815;-0,004814226305934907;-0,006087691245641541;-5,378837653516322e-06
0,005847423290796642;-0,0038238169569603997;-0,002654100443191726;-0,0048196051435884235;9,407605210526304e-05;0,004959789263270717
0,006308769854263067;-0,003769229539474597;-0,002560024391086463;0,00014018411968229338;-0,001913413692529481;-0,0014769809325318184
0,006663952400001822;-0,003907426327732332;-0,004473438083615944;-0,001336796812849525;0,0024791199424721577;-0,003095484827324496
0,00691673397009712;-0,0040400157512027746;-0,001994318141143786;-0,004432281640174021;-0,0013972217098452422;0,004595757080338034
0,00699057801684778;-0,0042260770471871986;-0,003391539850989028;0,0001634754401640126;0,0011450155344543689;0,005272227771988561
0,006984649337952687;-0,004589429608778583;-0,0022465243165346593;0,005435703212152573;0,005166846978570311;-0,0023886428863341413
0,006843059065018035;-0,004946243152763407;0,0029203226620356515;0,003047060325818432;-0,001895689312075649;-0,002049830005624878
0,006611607819421996;-0,005085628568262128;0,0010246333499600024;0,000997230320193554;0,004793631170392582;0,0025730351711605037
0,006496969480307382;-0,005103131570728113;0,005818264520352584;0,0035702654913540577;-0,0037670440420257134;-0,0005967145212282532
0,006423316475191169;-0,005080745360386354;0,0020512204783268706;0,0029735509701258045;-0,001724973693794818;-0,000954601438936456
0,006582394050889059;-0,0049155485303904334;0,0003262467845320527;0,0020189495311893485;-0,0003994414417066161;0,0016151352733732999
0,006823520445720024;-0,004631409661589481;-7,319465717456342e-05;0,0036340848045626484;-0,0006119336940155207;-0,0012781291783562077
0,0070776967119322715;-0,004266512811540954;-0,0006851283511900841;0,0023559556262064407;-0,0006386832039566304;-0,004122743117805708
0,007328945191857536;-0,0037562525693099215;-0,0013238115551467144;-0,001766787491599267;-0,0009431800430550474;-0,001886016793695669
0,007552788537735197;-0,003151754102030631;-0,002266991598201762;-0,003652804285294936;0,0010037937384491935;0,000722808530513333
0,00772367942140699;-0,0026179271344153117;-0,0012631978597525684;-0,002929995754781603;0,0022322682803234684;0,0005495767903845941
0,0078038906411507115;-0,0022302123382117894;0,0009690704205709;-0,002380418964397009;-0,0005210660700883385;-0,0021004300685394314
0,007833573946504331;-0,0019596973721995314;0,0004480043504825615;-0,00448084903293644;;
0,007902020068680786;-0,0017843991647631537;;;;
0,007988386364876544;-0,0017883349186442337;;;;
