x;y;acc_x;acc_y;jerk_x;jerk_y
0,0018040168736737693;0,0006551770720403577;-0,0028239438180153245;0,010343231991390594;-0,0008821636917570042;-0,002328345074222327
0,0018385721699142497;0,00017779216874421063;-0,0037061075097723287;0,008014886917168267;0,006670434718015185;-0,006842282662474464
0,0017601697134341171;0,00011413654510368737;0,0029643272082428562;0,0011726042546938032;-0,005265863387204684;-0,0029792765855219307
0,0015335229565630914;0,0003710763981498948;-0,002301536178961828;-0,0018066723308281275;0,003017580364364534;0,0011428244706490447
0,0014254492880217801;0,0006749204213838543;0,0007160441854027061;-0,0006638478601790829;-0,0034450236700647938;0,0011624963259103671
0,0012253141723219956;0,0009064975513846887;-0,0027289794846620877;0,0004986484657312842;0,005583397539766621;-0,0012349949695585581
0,0010538208240383194;0,00111152076697836;0,002854418055104533;-0,0007363465038272739;-0,0035698170430630786;0,008007927567784321
0,0007731682963681595;0,0013364899212012823;-0,0007153989879585456;0,007271581063957047;-0,0012352611317116308;0,00036194162699697274
0,000606692490902181;0,001532005215271114;-0,0019506601196701764;0,00763352269095402;0,0019085193677303228;-0,00031800112905944894
0,0004116007259178608;0,0020183837518992272;-4,214075193985367e-05;0,007315521561894571;0,0018379805360443993;-0,009108837232226281
0,00013848255614673342;0,002810103196165502;0,0017958397841045456;-0,0017933156703317105;0,0013192920319517066;-0,00848291953233933
-0,00013632124370198807;0,0038944435029075585;0,0031151318160562522;-0,010276235202671041;-0,0012055146917808231;0,0035583082639527863
-0,0003392914521865277;0,004907051182836348;0,001909617124275429;-0,006717926938718255;0,00015205816823775017;-0,0011937148274011877
-0,0004176563880288173;0,005508609454658294;0,0020616752925131793;-0,007911641766119443;-4,470421547980632e-05;-0,002537842058981693
-0,0004196366389000897;0,005841450648931512;0,002016971077033373;-0,010449483825101136;-0,0018335961353224484;0,006678683396450308
-0,0003391498780708349;0,005857826172559951;0,00018337494171092455;-0,003770800428650828;-0,0009624246042632084;0,0027965393556714513
-0,00017798427416024524;0,005456222343184344;-0,0007790496625522838;-0,0009742610729793766;-0,001910314335172963;0,00620932483228781
-9,483672581218547e-06;0,004903786496662704;-0,0026893639977252468;0,005235063759308434;0,0034827305632914364;0,0006395633144032353
0,00012785494249571678;0,00431238020722189;0,0007933665655661896;0,005874627073711669;-0,0008288625749969507;-0,0043224853864584495
0,00015761899766364223;0,003930376468153413;-3,549600943076117e-05;0,0015521416872532195;0,0032640897854280936;-0,0011139275509704366
0,00021911771545421525;0,003783357812033402;0,0032285937759973325;0,00043821413628278294;-0,0040425075544698345;-0,004277082292571385
0,00027919659286755784;0,0036984248234035208;-0,000813913778472502;-0,0038388681562886023;-0,0009517912384649071;-0,0023244502200358286
0,0004684192213207937;0,0036310204002249504;-0,0017657050169374092;-0,006163318376324431;0,004469800683524275;0,0011322852236384934
0,0006250852986351295;0,0034100612507948357;0,0027040956665868657;-0,0050310331526859375;-0,003816396881990508;-0,002412925133307181
0,000711123175271969;0,0029425693663117443;-0,0011123012154036424;-0,007443958285993119;0,002435827947524293;-0,000739816912437255
0,000905324878572283;0,002273836155721215;0,0013235267321206508;-0,008183775198430374;-0,003536130959272542;0,0022132180309444166
0,0010550345332564514;0,0013073446136909611;-0,002212604227151891;-0,005970557167485957;0,001992122720304284;0,008812871328173169
0,0012576852572254457;1,3502063723492229e-05;-0,0002204815068476071;0,002842314160687212;-0,001798283611173991;0,006310498583418381
0,0013718318121083645;-0,001519162772943415;-0,002018765118021598;0,009152812744105593;-3,622256860542905e-05;-0,00023871259343752338
0,0014771591067173789;-0,0029381350431828337;-0,0020549876866270272;0,00891410015066807;-0,0015955361126531072;0,00012419665369360622
0,0015017357966055295;-0,0039909948036580285;-0,0036505237992801344;0,009038296804361676;-0,0005836514462433558;-0,00292537030519531
0,001444112979028599;-0,0046872905581065005;-0,00423417524552349;0,006112926499166366;0,0016260527934259146;-0,0005841202628729669
0,001240469209480463;-0,005022054440380506;-0,0026081224520975756;0,005528806236293399;0,001218343360545441;5,153442045452428e-05
0,0008674584301113875;-0,005112301262687856;-0,0013897790915521346;0,005580340656747923;-0,0012142163898520505;-0,004741833629609782
0,0003901227526584089;-0,004981395835543471;-0,002603995481404185;0,0008385070271381412;0,0005811377181328264;-0,002562880426186631
-0,00014280408845665504;-0,004627276782129168;-0,0020228577632713587;-0,00172437339904849;0,0045722988015738444;-0,003929518438100077
-0,0007798907488278864;-0,00423961744762934;0,0025494410383024857;-0,005653891837148567;0,001697039479897515;0,0046693576291878675
-0,0014978917197299721;-0,003920933049091452;0,004246480518200001;-0,0009845342079606995;-0,0023058500904900164;0,0061976513713244835
-0,0021139150490999585;-0,0038284043240395063;0,0019406304277099842;0,005213117163363784;0,0007341972155558638;-0,006078912041092593
-0,0025600791577419448;-0,003775256967305988;0,002674827643265848;-0,0008657948777288094;0,007104274496308613;-0,0033194631625761417
-0,0029286180492755316;-0,0035135849240379192;0,009779102139574461;-0,004185258040304951;-0,002506350248457828;0,003951994007634088
-0,0031901638350784844;-0,0032865446758790023;0,007272751891116633;-0,00023326403267086293;-0,004525236911832431;-0,004090298235742654
-0,003060545535298459;-0,0032269147493322837;0,002747514979284202;-0,004323562268413517;-0,003978739358391166;-6,709068666164997e-05
-0,0026400171598737684;-0,003176615384092399;-0,001231224379106964;-0,004390652955075167;0,00011569322838491519;-0,006171652240290967
-0,0021095881852777093;-0,003299258509589056;-0,001115531150722049;-0,010562305195366134;0,000740725022542587;0,0053576052237192945
-0,001628408185845929;-0,0035975277532887193;-0,00037480612817946193;-0,0052046999716468395;-0,00802610599602506;0,001074737197071643
-0,0011918494324430306;-0,004318289204803027;-0,008400912124204522;-0,0041299627745751966;0,005067084356632716;0,0019123458493697787
-0,0007702829241673108;-0,005247238655183209;-0,0033338277675718057;-0,002217616925205418;0,0008275277631959906;0,005586532854880033
-0,0006847529008597718;-0,0063413866165464;-0,002506300004375815;0,003368915929674615;0,003856776287044665;0,004304296542873315
-0,000732575988255105;-0,007524239254917806;0,00135047628266885;0,00767321247254793;0,0008898749733682529;-0,002356890875165746
-0,0008806510758254709;-0,008572335256102228;0,0022403512560371028;0,005316321597382184;-0,0019281017020429045;0,0030245760003545785
-0,0009747071120890827;-0,009313502758384733;0,0003122495539941983;0,008340897597736763;0,004487748140623533;-0,0021044519945042917
-0,0009791490981112105;-0,00984201739677195;0,004799997694617732;0,006236445603232471;-0,0012148529863620153;-0,005577129568924338
-0,0009711011019735701;-0,010036896131249699;0,0035851447082557164;0,0006593160343081328;0,0009032784114355076;0,005977875760902723
-0,0007710531980512207;-0,009982317041598146;0,004488423119691224;0,006637191795210856;-0,003984060121092189;-0,0009892380387356847
-0,00042759950579864263;-0,009901365310574268;0,0005043629985990346;0,005647953756475171;-0,0034903073131793555;0,0027380968398744987
9,539111124158447e-05;-0,009554925907741957;-0,002985944314580321;0,00838605059634967;0,006827510184863557;-0,0024711994982046237
0,000638556248225773;-0,008982568354650639;0,003841565870283236;0,005914851098145046;-0,003907531005300696;-0,005187634951989706
0,0010622836126267486;-0,008074768777705334;-6,596513501746018e-05;0,0007272161461553406;0,0005243976725612144;0,0042264428801896264
0,0016396736118390537;-0,006930375156834227;0,00045843253754375424;0,004953659026344967;-0,004780292131861513;-0,006338922572925232
0,0022144250056506604;-0,005756892890116906;-0,004321859594317759;-0,0013852635465802648;0,000414865139440182;0,0006121432133874699
0,002807513700964017;-0,004385264262345786;-0,003906994454877577;-0,0007731203331927949;0,0010654182035384901;-0,004433013187611173
0,0032277280125046636;-0,003069046176437878;-0,002841576251339087;-0,005206133520803968;0,001838387879588163;0,0010620344438830621
0,003491662545850207;-0,0017837529038576812;-0,0010031883717509238;-0,0041440990769209055;-0,002259339799917534;-5,1941608966325076e-05
0,0036419340291421872;-0,0007067049721096428;-0,003262528171668458;-0,0041960406858872305;0,0007396137419851817;0,005029654622259853
0,0037520779775641303;0,0002045789965615591;-0,002522914429683276;0,0008336139363726222;0,0004689694929150001;-0,0007686037568206752
0,0037317207991193345;0,0009480213377972719;-0,002053944936768276;6,501017955194699e-05;0,0017396710368546564;9,855750376607658e-05
0,0036104470434872083;0,0017248082364878896;-0,00031427389991361965;0,00016356768331802357;0,004476319472972376;-0,0008157731014292388
0,003407015490384351;0,002504195542360585;0,004162045573058756;-0,0006522054181112152;-0,0038431844118570896;-0,004131328647567392
0,0031910129812849487;0,0032901255555660013;0,00031886116120166674;-0,004783534065678607;-8,624317858448027e-05;0,001376792703899149
0,003141492295107897;0,0040499673520469695;0,00023261798261718647;-0,0034067413617794584;6,526886762181494e-05;0,0016831674906528094
0,0031047260553789115;0,004618467785900793;0,0002978868502390014;-0,001723573871126649;0,0033496703822667173;-0,0030256711475261933
0,0030772645349546133;0,005050698565283438;0,0036475572325057187;-0,004749245018652842;-0,0014949279311182867;-0,005217245218816335
0,003061718488539876;0,0054139863898210175;0,002152629301387432;-0,009966490237469178;-0,002793147384122993;0,003437988929337027
0,003192074731425367;0,005587304413612483;-0,0006405180827355611;-0,006528501308132151;0,00024051743318498353;0,006255682080986674
0,003408536146366355;0,0053619628279051815;-0,00040000064955057757;-0,00027281922714547657;-0,0023426569916308176;-0,0004748370234819027
0,0035993768379979207;0,004875481189872593;-0,002742657641181395;-0,0007476562506273793;0,002114791416846881;-0,0004103889267256383
0,0037742175036474634;0,004378086782754187;-0,000627866224334514;-0,0011580451773530176;-0,0038146639294890095;0,005186416867870219
0,00383935186364975;0,003850786125610685;-0,0044425301538235235;0,004028371690517202;0,0017111346777824998;0,004673298217493474
0,0038793715746786566;0,0032771636613730627;-0,0027313954760410236;0,008701669908010676;0,004184655633415399;-0,0033587411393681404
0,003741690079554622;0,0028646760647561284;0,0014532601573743753;0,005342928768642535;-0,006433926795293615;-0,002774208675947229
0,0034947527653889465;0,0028002552644596206;-0,00498066663791924;0,0025687200926953063;0,005300458931769808;0,004227843994856928
0,003305945857518246;0,0029495516149088147;0,0003197922938505682;0,006796564087552234;-0,00054776027570453;-0,004842701238592387
0,0029179122841307757;0,0032015967690658207;-0,00022796798185396178;0,0019538628489598475;0,0016470176873907352;-0,008666267227321889
0,0025426704024973288;0,0037255044867249166;0,0014190497055367735;-0,006712404378362041;-0,003313821102994184;-0,001249205735575007
0,0021583098015897227;0,004327566718342406;-0,0018947713974574107;-0,007961610113937048;0,0017317112363945328;0,0014811951175837806
0,0018307111889035877;0,004661132774825414;-0,0001630601610628779;-0,0064804149963532676;0,002816262240374262;0,00462383705190729
0,0014273217203191564;0,00467623442675094;0,002653202079311384;-0,001856577944445978;-0,0032845933617097305;-0,006506632063034479
0,0010174098452922099;0,004432119478822335;-0,0006313912823983463;-0,008363210007480457;0,001498329127885294;0,0015721654105122912
0,0007136260534377186;0,004113741413115891;0,0008669378454869477;-0,006791044596968165;-0,001469570519901403;0,010646297782156998
0,0003845866102872937;0,003460834947110229;-0,0006026326744144554;0,0038552531851888325;-0,0003880278147815764;0,002235560791730231
9,022468095634667e-05;0,00253628669722584;-0,0009906604891960318;0,0060908139769190635;-0,0013245579218384724;0,0003303346897546751
-0,0002282425553511786;0,0017659485747490047;-0,002315218411034504;0,006421148666673739;0,0023553787281522243;-0,0018012758783567326
-0,0005863362112265452;0,001239243011348932;4,0160317117720126e-05;0,004619872788317006;0,0018739909974745585;-0,0029701803504966345
-0,0010370386035432918;0,0009693833946158084;0,0019141513145922787;0,0016496924378203714;-0,002327641576293754;0,000877004184975147
-0,0014861345831753297;0,0008843186894153653;-0,00041349026170147546;0,0025266966227955184;0,0016852328206130238;-0,00610211738732578
-0,0018586645102236766;0,000865241681727737;0,0012717425589115483;-0,0035754207645302613;0,00047033096386178;0,0008029848768709227
-0,002247734047740082;0,0009472325389519294;0,0017420735227733283;-0,0027724358876593386;0,00055444998050206;-0,0013543888600026852
-0,002585933882900026;0,0008862065655949115;0,0022965235032753883;-0,004126824747662024;0,00029339148139445603;-0,0006693276583571318
-0,0028544507771490367;0,0007142831567315199;0,0025899149846698444;-0,0047961524060191555;0,00023844136420297923;0,005948876790296492
-0,003031106731267032;0,00037728675796164734;0,0028283563488728236;0,0011527243842773365;0,0012254819274967188;0,0014665698790052879
-0,0031041660859982335;-0,0001515557370489914;0,004053838276369542;0,0026192942632826243;-0,00399082677879635;-0,0005422193910282532
-0,0030640911867745218;-0,0006342892566885366;6,301149757319269e-05;0,002077074872254371;0,004357333831335276;-0,0030876434168616955
-0,0028618627564960288;-0,001012251005796777;0,004420345328908469;-0,0010105685446073244;-0,0033774062096764562;0,0050645262617333466
-0,0026571138663146077;-0,0013071297600148425;0,0010429391192320128;0,004053957717126022;-0,0018503958805068665;0,003139847781224253
-0,002275551162976848;-0,001642431256017201;-0,0008074567612748537;0,007193805498350275;-0,0010124897942453345;-0,0059587478545585285
-0,0018522708948698076;-0,0018155744433345183;-0,0018199465555201882;0,0012350576437917468;-0,0024150836030246044;0,0003745054202455994
-0,0014612888972137617;-0,001700965410717825;-0,004235030158544793;0,0016095630640373462;0,003961288447805012;0,001953196304165867
-0,0011431047617785231;-0,0015369540723494616;-0,0002737417107397805;0,003562759368203213;-0,004587725305978976;0,0008834655412586229
-0,0009943218326850763;-0,0013085602114196043;-0,004861467016718756;0,004446224909461836;0,002709577795835333;-0,004339803060775074
-0,0008564885720212206;-0,0009376559757616187;-0,0021518892208834232;0,00010642184868676213;0,0013291109190275013;-0,0027379477990344316
-0,0009131139920261153;-0,00038890274372515947;-0,0008227783018559219;-0,0026315259503476695;-0,002070447918263628;0,004836260731142532
-0,0010558149808663469;0,00016410736225877022;-0,00289322622011955;0,0022047347807948627;0,0050720660309043;-0,002620138421739804
-0,0012314271017808153;0,000611856430228793;0,0021788398107847502;-0,00041540364094494117;-0,006547627377825899;-0,0012265056849712075
-0,0015227682715000656;0,0011477948894306105;-0,004368787567041149;-0,0016419093259161487;0,005966902410248422;0,0006293767979621522
-0,001726955848787926;0,0016671172029946303;0,0015981148432072725;-0,0010125325279539965;-0,0035367847315594045;0,0030954917727225514
-0,0021058949287574326;0,002120763143522004;-0,001938669888352132;0,002082959244768555;0,0016148395869375679;-0,0036890182206468294
-0,002420909414998648;0,002533907782931218;-0,0003238303014145641;-0,0016060589758782745;0,0017797761299502904;0,00271378810139683
-0,0028134706967739486;0,003030370792131174;0,0014559458285357263;0,0011077291255185556;-0,0067289353444689864;0,0010033278028944437
-0,003218985190605832;0,003462591442295999;-0,00527298951593326;0,0021110569284129993;0,01019444249488305;-0,0026010257511074053
-0,0035662618512962863;0,003939121257481567;0,004921452978949789;-0,000489968822694406;-0,003953829900273542;-0,005318687701809682
-0,004124458092624071;0,004500093349803654;0,0009676230786762469;-0,005808656524504088;0,00036066442800253284;-0,001754111236598313
-0,004485796214793864;0,005041466689217965;0,0013282875066787797;-0,007562767761102401;0,0028610562749392804;0,0016766533571772047
-0,004808429413816607;0,0053504937676521125;0,00418934378161806;-0,005886114403925197;-0,0015221550969197473;0,00013788776842217632
-0,005077931112572199;0,005357010135642164;0,002667188684698313;-0,00574822663550302;0,001552870160017844;-0,005240254017164381
-0,005179859060063069;0,005128081927475207;0,004220058844716157;-0,010988480652667401;-0,0037648837085197395;0,007408254978741771
-0,005175099460166006;0,004669224653888131;0,00045517513619641736;-0,00358022567392563;0,001169169420733307;0,0065060482878782425
-0,005001537506480297;0,0037708281541943573;0,0016243445569297243;0,0029258226139526125;0,0007404449222002535;0,0006530938257913559
-0,004809768547346731;0,0027292226275435587;0,002364789479129978;0,0035789164397439684;-0,004353739440925056;0,0030402441164266106
-0,004553025805935976;0,001804650005450865;-0,001988949961795078;0,006619160556170579;0,0022019823189785015;-0,002609218060440271
-0,004201691485360023;0,0010232340409479298;0,00021303235718342362;0,004009942495730308;-0,00048822387373564924;0,002803239875587904
-0,0039299151632558715;0,0005065844986918177;-0,0002751915165522256;0,006813182371318212;3,206442350618677e-05;-0,008794692864637143
-0,003649617546864384;0,00015033265626491804;-0,00024312709304603886;-0,0019815104933189297;0,0003221785531390686;-0,003486465658438179
-0,0033803275911349854;6,660810869074684e-05;7,905146009302977e-05;-0,005467976151757109;5,719733350216527e-05;0,007512095713684869
-0,0031207627191274278;-9,637685861618153e-05;0,00013624879359519504;0,00204411956192776;-0,0017711392164428616;-0,0012281824549775604
-0,0028580357887161498;-0,00047808087199339424;-0,0016348904228476666;0,0008159371069501997;0,005054314926574668;0,0008077042461839424
-0,002589858906561063;-0,0007780201028934966;0,003419424503727002;0,001623641353134142;-0,00311878888265308;0,0018409068293303611
-0,002387077641319884;-0,001045321849515591;0,00030063562107392194;0,003464548182464503;-5,1020740548898824e-05;0,003148294590464222
-0,0020475193959296244;-0,0012476779420123197;0,0002496148805250231;0,006612842772928725;-0,0014592527414614802;0,0039519744153456195
-0,0016959357256964077;-0,0013114521072104682;-0,001209637860936457;0,010564817188274345;0,00023772629709665344;-0,006025467163353625
-0,0013343674602421904;-0,0011107125614914677;-0,0009719115638398036;0,004539350024920719;-0,0005546783396946;-0,0029225854387147053
-0,0010211847092254313;-0,0004873803282414935;-0,0015265899035344036;0,001616764586206014;-0,0020442685731293098;-0,0035290243078418652
-0,0007468784207622643;0,00031752590600530965;-0,0035708584766637134;-0,0019122597216358513;0,001187509451622987;-0,002665189839950871
-0,0005336357284404735;0,0011871027237003533;-0,0023833490250407263;-0,004577449561586722;0,0010957686847867347;-0,0006091763775302773
-0,0004632273751852313;0,001980189152529963;-0,0012875803402539916;-0,005186625939117;0,003841344448245243;0,0018022384336267225
-0,000488152982931618;0,0025901775988961036;0,0025537641079912514;-0,0033843875054902772;-0,004202168713918642;-0,0010139963084812853
-0,0005645818042881645;0,0029927010076975643;-0,0016484046059273907;-0,0043983838139715625;0,0035267509840154355;-0,0022030971645924657
-0,0005388600613250609;0,0032598489162794135;0,0018783463780880447;-0,006601480978564028;0,0005561737701869247;0,00211754551633353
-0,0005790745025990528;0,0033510614723024005;0,0024345201482749695;-0,004483935462230498;-0,002442756771415232;0,005372493698395653
-0,0005441550887495231;0,0031782147891828267;-8,236623140262488e-06;0,0008885582361651545;-0,00041840469490184076;0,0013584436980816489
-0,00041185486896899454;0,0028260106875740328;-0,00042664131804210324;0,0022470019342468034;-0,0016287193523478569;0,0008870401873074599
-0,00027988411411407647;0,0025093489154118446;-0,00205536067038996;0,0031340421215542633;0,0020984146582282747;-0,0020424707943575357
-0,00016497901198084253;0,0022825672206195293;4,305398783831455e-05;0,0010915713271967276;0,0005786577270841733;0,0009789606809142565
-0,00013228833666320701;0,002181147210689384;0,0006217117149224878;0,002070532008110984;-0,0011347413166246482;0,0010544779313712838
-9,78755018320389e-05;0,002123390053847108;-0,0005130296017021605;0,003125009939482268;0,003211387354219492;-0,001927698091124752
-3,859419840397129e-05;0,0021484541773292712;0,002698357752517331;0,0011973118483575157;-1,846323815060105e-05;-0,0017263276247634074
1,6592095600990835e-07;0,0022985186983907253;0,00267989451436673;-0,0005290157764058917;8,858647550023628e-05;-0,0028577540867368786
0,00014686035041668434;0,00249647569338648;0,0027684809898669664;-0,0033867698631427703;-0,0008952601742539153;0,0041055641945948115
0,00040075056045202795;0,002673272057325999;0,0018732208156130511;0,0007187943314520412;-0,001789187610359396;0,0024089472901500236
0,0007653800100820503;0,002714597626739807;8,403320525365507e-05;0,003127741621602065;9,895539429443517e-05;0,003163776949985722
0,0012049382923365946;0,0027846749694116968;0,00018298859954809024;0,006291518571587787;0,0007420784894999165;-0,00035673255438505025
0,001647857902801285;0,0029798619769476693;0,0009250670890480067;0,005934786017202737;-0,0017736022938077758;-0,002599429323780225
0,0020980970572478993;0,003426709727347153;-0,0008485352047597691;0,0033353566934225115;-0,0008895974836203371;-0,00026394195167919743
0,0025853388952564336;0,004110948918434746;-0,0017381326883801063;0,003071414741743314;0,0015925025643436508;-0,0009004360115016791
0,0030386393250745776;0,00492860237725924;-0,00014563012403645548;0,002170978730241635;0,001969002178113341;-0,006143423018321298
0,003422414447357517;0,0058691124257534664;0,0018233720540768855;-0,003972444288079663;-0,0029266367532881643;9,968201109869512e-05
0,003800364364678998;0,006896461623457358;-0,0011032646992112788;-0,0038727622769809678;-0,0044076964242032585;0,00011677167959414647
0,004251249164163555;0,007764913049638064;-0,005510961123414537;-0,0037559905973868213;0,003758888921400555;0,0015521431821817755
0,00465800337567966;0,00847845398473953;-0,0017520722020139823;-0,002203847415205046;-0,0022478785036926102;-0,004813022064845379
0,004844319142259184;0,009041755295945524;-0,0039999507057065925;-0,007016869480050425;0,0022742075846582943;-0,0012353817149535762
0,004960552020758149;0,009516902710543316;-0,0017257431210482982;-0,008252251195004001;-0,00212734877297463;0,0036906576307565997
0,00491678687102885;0,009711375345939091;-0,003853091894022928;-0,0045615935642474015;0,0017880064106049753;0,000935145827412831
0,004803991996457619;0,009575757933534705;-0,0020650854834179527;-0,0036264477368345704;0,004361460930465341;-0,0017657122092547828
0,004537073446125471;0,009257676778560424;0,0022963754470473885;-0,005392159946089353;-0,00014565490149441584;-0,0008211203281867085
0,0041875514764566045;0,00879453771411276;0,0021507205455529727;-0,006213280274276062;0,0001345322369397245;0,0035921659279684326
0,003929884524669634;0,008115712251821523;0,002285252782492697;-0,002621114346307629;-0,0014123502320372988;0,005288849301849169
0,003758246394704782;0,007188355578559241;0,0008729025504553983;0,0026677349555415397;0,0039067148957430825;-0,0001988320624178308
0,0036780183760396386;0,006156154331444655;0,004779617446198481;0,002468902893123709;-0,0029554973239557247;-0,003844676196456384
0,0036327064593927104;0,005230662482551732;0,001824120122242756;-0,0013757733033326752;-0,003975639126585412;0,0008883451899476258
0,003778579240593722;0,004403926749383755;-0,0021515190043426557;-0,00048742811338504943;-0,001066521138184437;0,0046912328931203034
0,003997416826684443;0,003522160084082472;-0,0032180401425270927;0,004203804779735254;0,0006865112569133386;-0,0007540685071629957
0,004130193652601459;0,0026208962942457876;-0,002531528885613754;0,0034497362725722583;-0,004956027828151535;-0,0035676286434594383
0,0041342488728173905;0,0018877846955985128;-0,007487556713765289;-0,00011789237088717999;-0,0034686294242324694;0,002641257887376869
0,004037042937608772;0,0012926625478541284;-0,010956186137997759;0,002523365516489689;0,00407696650663867;0,003450345481675464
0,0036403347338495417;0,0006928247052742568;-0,006879219631359089;0,005973710998165153;0,002787713613434932;0,004994010721787819
0,0028053790845704012;0,00019392148335397284;-0,004091506017924157;0,010967721719952972;0,0023063481211412357;-0,003253016172996312
0,0016952546500368973;-6,603329863970504e-05;-0,0017851578967829212;0,00771470554695666;0,004073609189672575;-0,0024091895838227817
0,0004214699747864269;0,00011272078816473591;0,002288451292889654;0,0053055159631338784;0,00506496825254283;-0,0010455342946522027
-0,0009237210163353602;0,0006000630968474433;0,007353419545432484;0,004259981668481676;-0,0019062061179282233;0,0007008929487083773
-0,0021773739557415612;0,0012996260440555057;0,0054472134275042605;0,004960874617190053;0,0012168124618545384;-0,001018008512043339
-0,003136890113330463;0,0021695882580028353;0,006664025889358799;0,003942866105146714;-0,0037636779287712474;-0,004579435298073767
-0,003878517733819194;0,0032379854566377667;0,0029003479605875515;-0,0006365691929270528;-0,002085496469385051;-0,0015820203593981952
-0,004353584318733573;0,004464097299478567;0,0008148514912025007;-0,002218589552325248;0,00042853397751128897;-0,0011287267615239654
-0,004712636985224451;0,005664746374602285;0,0012433854687137896;-0,0033473163138492135;4,697324391043922e-05;0,003227887367541288
-0,005039095592067227;0,006776651867632993;0,0012903587126242289;-0,00011942894630792567;-0,0002637800742652241;0,0012062936469619812
-0,005315818780161453;0,007754664708109734;0,0010265786383590048;0,0010868647006540555;-0,00026338245374538105;-0,000918829802259935
-0,005540927619750709;0,008727900390734155;0,0007631961846136237;0,00016803489839412045;0,0006704524746078688;-0,005251078938660059
-0,005724973313805606;0,009744610661384741;0,0014336486592214925;-0,005083044040265938;0,0028895935879765244;-0,002740758951294664
-0,005878491160475958;0,01076804232797109;0,004323242247198017;-0,007823802991560602;-0,0016608902892840949;0,00034728934896866015
-0,005974663060777449;0,011588152232946802;0,002662351957913922;-0,007476513642591942;-0,003747743446265439;0,0029403114937908703
-0,0058979052711910195;0,012095310018260091;-0,001085391488351517;-0,004536202148801072;0,005402409469919711;-0,004132585985610893
-0,005714653403288033;0,0123034072578697;0,004317017981568194;-0,008668788134411964;-0,0012165770092875255;-0,0035090429234421183
-0,005574817194919109;0,012330056411527268;0,0031004409722806686;-0,012177831057854083;0,0010826742601262318;0,0015620209802725549
-0,005262300267287455;0,012009954039808358;0,0041831152324069;-0,010615810077581528;0,0009310368058583207;0,0013109278110136346
-0,004825765700764576;0,011202738425775283;0,005114152038265221;-0,009304882266567893;0,0005004924757720242;0,001046531725546529
-0,00422190652494542;0,009970890408638947;0,005614644514037245;-0,008258350541021364;-0,00804742300747234;0,00286133354435765
-0,003413481267595655;0,008366847100839896;-0,002432778493435095;-0,005397016996663714;0,002291177396049369;0,005788398793382013
-0,0023804702296844004;0,0064324697713999904;-0,0001416010973857261;0,00039138179671829865;-0,0007133439607655591;0,0056257780879220565
-0,0014447703315105499;0,004282211762093536;-0,0008549450581512852;0,006017159884640355;0,00025827716262287123;0,007537185791914459
-0,0005147344772321281;0,0021476090246558134;-0,000596667895528414;0,013554345676554815;-0,005251181215315499;-0,0016033025310194342
0,0003811035747202421;0,00025369268260370514;-0,005847849110843913;0,01195104314553538;0,00037590935082013055;-0,004390694418661564
0,001253074910851476;-0,0010980498323862106;-0,005471939760023782;0,007560348726873816;0,003929567743009919;-0,0014540069296210371
0,001891132282548953;-0,001971750621554711;-0,0015423720170138627;0,006106341797252779;0,001781039745811508;-0,0002767627856594679
0,002310312063845479;-0,002543037461648259;0,0002386677287976452;0,005829579011593311;-0,004803849978872093;-0,005024515289135334
0,00266779696446145;-0,0028700706298516953;-0,004565182250074448;0,0008050637224579771;0,0038465429582720395;-0,009816939698499352
0,0030348285742293275;-0,0029639206375913995;-0,0007186392918024087;-0,009011875976041375;-0,0028155749831262483;0,004317757376397335
0,003219252893994227;-0,0030255680964327847;-0,003534214274928657;-0,00469411859964404;0,0035825911434218816;0,006733997072873865
0,0033749316420870297;-0,0034476905943158246;4,8376868493224534e-05;0,0020398784732298253;0,0015869892925299833;-0,0010905848367764592
0,0033892418191826864;-0,0040575778361846265;0,0016353661610232079;0,0009492936364533661;-0,0027163697744097687;-0,0035464643858359596
0,003405487071018072;-0,004585869939124235;-0,0010810036133865608;-0,0025971707493825935;-0,0005194620241760761;-6,161424194406351e-05
0,003487146969294386;-0,005076190296605709;-0,001600465637562637;-0,002658784991326657;0,005164426550813742;0,006876238948863023
0,0035255667230352375;-0,005670397484062487;0,0035639609132511046;0,004217453957536366;-0,0025228687234048197;-0,004347533252900104
0,0034999678512735834;-0,006370956071172332;0,001041092189846285;-0,00013007929536373863;0,0027663418642041027;-0,0011645336124695704
0,0036169274160419733;-0,006902816499980721;0,0038074340540503876;-0,001294612907833309;-0,002253458847912032;0,0024960253896302853
0,0037755306684042153;-0,007439880100603659;0,0015539752061383555;0,0012014124817969762;-0,0007960438619258603;0,0020995775385963533
0,004086431282928472;-0,008028728217539931;0,0007579313442124952;0,0033009900203933296;0,002824215417413581;0,0007471732924973218
0,004459490905698264;-0,008569519835204324;0,003582146761626076;0,004048163312890651;-0,006037592384260618;-0,001133469979296725
0,004862867782236555;-0,008978271852052983;-0,0024554456226345417;0,0029146933335939262;0,0034139854192600655;0,003965933501917901
0,005409530529239889;-0,009225097336386016;0,0009585397966255238;0,006880626835511827;-0,0034463704738123824;0,0020635037599275596
0,005857975451337842;-0,009355335087375292;-0,0024878306771868586;0,008944130595439387;0,002469213451590485;-0,0032726099151536014
0,006344761965300815;-0,009210347764944095;-1,8617225596373466e-05;0,005671520680285785;4,017022258248626e-05;-0,0015575206788731588
0,006732035252176314;-0,008707595218695323;2,1552996986112793e-05;0,0041140000014126266;-0,0026749114380699435;-0,006203642775220147
0,007118563850027958;-0,007977981845235118;-0,0026533584410838307;-0,0020896427738075207;0,0041369769082416075;0,001147374366799736
0,007505954567759047;-0,00708380847171841;0,0014836184671577768;-0,0009422684070077847;-0,0015241159467784815;-0,005638889220888427
0,007787210947846782;-0,006273220809154001;-4,049747962070471e-05;-0,006581157627896211;-0,0014289077738944833;-0,0007992786698162446
0,008127812066620829;-0,0055003238828699045;-0,001469405253515188;-0,007380436297712456;-0,001999240937925334;0,007148472664183239
0,008466793286210047;-0,004990673261701656;-0,003468646191440522;-0,0002319636335292169;0,0032628252492858667;0,001663829519476051
0,008746998295658658;-0,004776240092441906;-0,0002058209421546553;0,0014318658859468342;0,0008740781626101479;0,0009035912857022488
0,008888457457449648;-0,004571085468523324;0,0006682572204554926;0,002335457171649083;-0,004940001604057165;0,000138322886638384
0,009021683781554452;-0,00430865620916687;-0,004271744383601672;0,002473780058287467;-0,0017738484838373259;0,002826959357935449
0,009181640394477475;-0,0039528086629444514;-0,006045592867438998;0,005300739416222916;0,0035219574432971967;-0,0029055014138228627
0,009170727232056431;-0,003498009914390535;-0,0025236354241418013;0,0023952380024000533;0,0005757776519501323;-0,005223354517744118
0,008917990354937828;-0,002831181589187701;-0,001947857772191669;-0,0028281165153440646;-0,0003757072395487171;-0,0029889366080914533
0,008564308060853553;-0,002068543743888866;-0,002323565011740386;-0,005817053123435518;0,0004199879282600627;0,0030351713910032295
0,008132711455881611;-0,0014190305592037928;-0,0019035770834803234;-0,0027818817324322884;0,00020271191095092012;0,001755617975900155
0,007608172250440053;-0,0010021994994561406;-0,0017008651725294033;-0,0010262637565321333;0,002091134575249426;-0,00401265019015086
0,007007489961659282;-0,0006966437090057798;0,00039026940272002264;-0,005038913946682993;-8,277616078161687e-05;-0,0004395653928778512
0,006338773065977335;-0,0004321384688167044;0,00030749324193840577;-0,005478479339560844;0,0018541521726480326;0,0026373337310165237
0,00568566694640419;-0,0003691897864949487;0,0021616454145864383;-0,0028411456085443206;-0,004337450648921742;0,0028689247324211863
0,0050448605565085805;-0,0005253802777556269;-0,002175805234335304;2,7779123876865708e-05;0,0016757850320396617;-0,0019963670834788165
0,004490519983196428;-0,0007952165933580778;-0,0005000202022956424;-0,001968587959601951;0,00038745639496765016;-0,00046760148960911865
0,0038491472005108642;-0,0010639417440054541;-0,0001125638073279922;-0,0024361894492110694;0,0016955628574610027;0,004109759844627289
0,0031877736097334743;-0,0014114104130369086;0,0015829990501330105;0,0016735703954162198;0,0007337556238668913;0,0021375117898924448
0,0025218974666629647;-0,0018563266600368055;0,0023167546739999018;0,0038110821853086646;-0,0010528575011915509;-0,00435316391599444
0,0019193412855977754;-0,002234300091220054;0,001263897172808351;-0,0005420817306857756;0,0013019763658519493;-0,001828287006106169
0,0014094552914925825;-0,0024598302349909556;0,0025658735386603;-0,0023703687367919446;-0,0006643521248619055;0,003668832409845099
0,0009501251842997233;-0,0027070436479892882;0,0019015214137983946;0,0012984636730531546;-0,001002337138901169;-0,0003995998012884805
0,0005934300186532762;-0,003049071810459299;0,0008991842748972256;0,0008988638717646741;0,0013727352990234414;-0,0021299999139059306
0,000312795709558765;-0,0033391614260071833;0,002271919573920667;-0,0012311360421412565;-0,002723984749742187;0,0024920934679062284
6,812877146014271e-05;-0,003593296486684481;-0,0004520651758215203;0,001260957425764972;0,001065050160067184;-2,3742423044328942e-05
-8,566138368165286e-05;-0,0038966769890474286;0,0006129849842456637;0,001237215002720643;-0,0005746340272427906;0,004089218482628124
-0,00025753414585630925;-0,004149619194379777;3,8350957002873144e-05;0,005326433485348767;-0,0004810908404700451;-0,001755200946736299
-0,0004048875086611391;-0,004353072799603301;-0,00044273988346717197;0,0035712325386124677;0,0020954508468989195;-0,0022593733788337372
-0,000550706833185854;-0,004343469065412873;0,0016527109634317475;0,0013118591597787305;-0,0037078889829314423;0,0008464326034392095
-0,0007142357530492558;-0,004191016029677946;-0,0020551780194996948;0,00215829176321794;-0,0008343210735678244;8,911000824730897e-05
-0,0008116562343753876;-0,003986088627551871;-0,002889499093067519;0,002247401771465249;0,005190949417292638;-0,00016147814936888494
-0,0009912838364815072;-0,0036948295548970777;0,002301450324225119;0,002085923622096364;-0,004370450542205081;-0,0003113517743583774
-0,0012864914023103277;-0,003313674411383675;-0,002069000217979962;0,0017745718477379865;0,003578849424450116;-0,0033650051430595754
-0,0014896409551701435;-0,0028490823229864173;0,001509849206470154;-0,0015904332953215888;-0,0029510520784076302;0,0019113177459815084
-0,0017755505167491577;-0,00231350736067964;-0,0014412028719374761;0,00032088445065991955;0,006323641375377401;0,0010353090672207584
-0,0020010661100693656;-0,0018415497301857266;0,0048824385034399245;0,001356193517880678;-0,0006154770212148039;-0,0022507650294097785
-0,0022842298182670726;-0,0013567567216654162;0,004266961482225121;-0,0008945715115291006;-0,0027857387293548502;-0,00281314215947499
-0,0023720959863271825;-0,0008177159724298787;0,0014812227528702704;-0,0037077136710040905;0,001657573496974818;0,005224899986542233
-0,002289283695098288;-0,00031445808365550526;0,0031387962498450883;0,0015171863155381427;-0,004264695787337222;0,0011576822113555218
-0,002147222493754582;4,049125827870455e-05;-0,0011258995374921338;0,0026748685268936645;0,002405610899068676;-0,003969059978908845
-0,0018796094424170732;0,00045612805283444004;0,0012797113615765424;-0,0012941914520151806;-0,0011290290184902269;-0,0005072729845175383
-0,0016570323725792493;0,000978759588465922;0,0001506823430863155;-0,0018014644365327188;-0,006308893964561628;-0,0008586790132303103
-0,001383266848278364;0,001449623466016797;-0,006158211621475312;-0,002660143449763029;0,0062001877072145745;0,00357496671760002
-0,0011034740302540258;0,001848428766106363;4,197608573926204e-05;0,0009148232678369908;-0,0024793089286444976;0,0010819308791955931
-0,0010700096770887002;0,002140828328205408;-0,0024373328429052356;0,001996754147032584;0,00293639308374391;-0,005621142056097518
-0,0010348662804938041;0,0024698208210179326;0,0004990602408386745;-0,003624387909064934;-0,00027136524146292515;0,0008854030484925293
-0,0010972161976151174;0,0028786834797117607;0,00022769499937574933;-0,002738984860572405;-0,0014673249040288404;-0,0007841447209138153
-0,001139603705102884;0,0031425706220429912;-0,001239629904653091;-0,00352312958148622;0,0017766075922611146;0,0016793106384624945
-0,0011728834126156203;0,0032968983699513256;0,0005369776876080236;-0,0018438189430237256;-0,00040981799265972854;0,0014115207832136462
-0,0012557483163144804;0,003310300934600211;0,00012715969494829504;-0,00043229815981007946;0,001788315457583442;-0,0062750367702558985
-0,0013171341125090194;0,0032499507415281476;0,001915475152531737;-0,006707334930065978;-0,0007352031620241548;0,004522374271056007
-0,0013734335209056267;0,003172308622063681;0,0011802719905075823;-0,0021849606590099713;-0,0009844600370393572;0,0029748597078572345
-0,0013531139232009644;0,0028263731053965752;0,0001958119534682251;0,0007898990488472632;0,00026634024885320573;-0,0009236717172456527
-0,001285583445875999;0,0023930391623690705;0,00046215220232143084;-0,00013377266839838947;-0,0013979817168513695;0,002381081581937644
-0,0012102204904123046;0,0019913011812954565;-0,0009358295145299386;0,0022473089135392546;-0,0010552930132048666;0,0006552862898510682
-0,0011163714468557528;0,0015842122934859068;-0,001991122527734805;0,002902595203390323;0,0018791787411449046;-0,001760938088058335
-0,0010599555838803987;0,0012670157622179275;-0,00011194378658990062;0,0011416571153319878;-0,0017997353071033013;-0,0018745647361657868
-0,0010831846220144368;0,0010659230390855608;-0,001911679093693202;-0,000732907620833799;0,0007395312832938587;-0,0010333157456603442
-0,0011108914116120707;0,0009104966005664737;-0,0011721478103993432;-0,0017662233664941431;0,0028327212569760583;-0,002323305981592822
-0,001215065364957433;0,0007257538572140347;0,001660573446576715;-0,004089529348086965;0,0026347914313592687;0,0008724532225014674
-0,001366125230718769;0,00047036217920183;0,004295364877935984;-0,003217076125585498;-0,00045773345112437927;-0,0026881513977485456
-0,0014507621586170361;5,138932726614663e-05;0,0038376314268116045;-0,0059052275233340435;-0,006121110985656396;0,004140549925766119
-0,001363584491397864;-0,0004962665696929566;-0,0022834795588447913;-0,001764677597567925;0,0004687456427113386;0,007133634448335924
-0,0011229015671062278;-0,0012801315675854217;-0,0018147339161334528;0,005368956850767999;0,0020249668704271813;-0,0004425525147121537
-0,0009735578251683832;-0,0021345836693806037;0,00021023295429372854;0,004926404336055845;-0,0010977720783246145;0,0016221951396816758
-0,0008968034398758767;-0,0027742774971450655;-0,0008875391240308859;0,006548599475737521;0,00021873251455837434;-0,0009803642938397417
-0,000811639736411621;-0,003216915151467294;-0,0006688066094725116;0,005568235181897779;-0,0008291317469562853;0,0031098652298717916
-0,0007619775979086007;-0,0033976088267600214;-0,001497938356428797;0,008678100411769571;0,001184413973767829;-0,0012193830859630328
-0,0007390677237844811;-0,0033555730947768376;-0,00031352438266096794;0,007458717325806538;0,004835968334372342;-0,006002428872871911
-0,0007760753839175132;-0,0029664133463228708;0,004522443951711374;0,0014562884529346273;-0,0025619409124384845;0,00183375306375504
-0,000825624019356984;-0,0022789049048366427;0,0019605030392728894;0,0032900415166896672;-0,005361626652671101;8,703600610862616e-05
-0,000694274896728;-0,0015331449252330297;-0,0034011236133982114;0,0033770775227982934;0,0037652024602025484;-0,00041569468184837755
-0,0004845056525281002;-0,0006557832849618296;0,00036407884680433704;0,002961382840949916;-0,0013659677445174538;-0,0036569384094117946
-0,000410781352864129;0,00035666145622130203;-0,0010018888977131168;-0,0006955555684618787;0,004369747706243428;-0,001821391910708129
-0,00032249389932798435;0,0014875615110424305;0,003367858808530311;-0,0025169474791700078;-0,005301910118217942;0,0006604057089231383
-0,0002742820017003643;0,0025906393431250835;-0,0019340513096876314;-0,0018565417702468695;0,002965073925496689;-0,0031883829761781834
-9,135575173153184e-05;0,0035930392760409363;0,0010310226158090578;-0,005044924746425053;0,003017060134935982;-0,0018335218252003432
1,420844584979538e-05;0,0045211775381469145;0,00404808275074504;-0,006878446571625396;-0,003433878180431815;0,0006910652551592456
0,0001610135480634849;0,005247518810395891;0,0006142045703132247;-0,006187381316466151;-0,002352141266271409;0,0008329009407889165
0,000469741960306976;0,00569872221977985;-0,0017379366959581841;-0,005354480375677234;0,0016610290383163705;0,002507089736866641
0,0008030385553629961;0,005902430376505164;-7,690765764181359e-05;-0,002847390638810593;-0,001846840883929616;0,0035656421445250663
0,0010668176825806889;0,005891959318203389;-0,0019237485415714295;0,0007182515057144734;-0,001377717251880517;-0,0005600786544323333
0,001327520503492709;0,005767592634349191;-0,0033014657934519465;0,0001581728512821401;-0,00113985056923354;0,002295855217553322
0,001511273382741872;0,00567195601072357;-0,0044413163626854865;0,002454028068835462;0,0018349038166229244;0,0002354243407635126
0,0015629676302529572;0,005582646301149236;-0,002606412546062562;0,0026894524095989747;0,0016039425305012234;0,0008689301848744946
0,0014370092232566228;0,0055914977143283195;-0,0010024700155613388;0,0035583825944734693;-0,0012989171616430081;-0,0006331241505052598
0,001206794314417786;0,005707927223891363;-0,002301387177204347;0,0029252584439682094;0,0039022677184626688;-0,0079536417738372
0,0009364806049564958;0,005966692037233345;0,0016008805412583219;-0,005028383329868991;0,002451840923372719;6,237047755566771e-05
0,0005741114084070315;0,006342467188334054;0,004052721464631041;-0,004966012852313323;-0,0023048942077131497;0,0012716319825849531
0,0002757774335079001;0,006517107006240005;0,0017478272569178912;-0,0036943808697283698;0,0019317921675728086;0,0010558397321853985
0,00013955231719401038;0,006493106310053422;0,0036796194244907;-0,0026385411375429713;-0,001287774388424908;0,0001613479077546831
7,32402911568363e-05;0,006321330379077706;0,002391845036065792;-0,002477193229788288;0,00037446324492037154;-0,002491476302733886
0,0001541130420992902;0,006044012802600269;0,0027663082809861635;-0,004968669532522174;-0,0019846601384797425;0,006139120162351172
0,00033065959448437576;0,005667607496931302;0,000781648142506421;0,001170450629828998;-0,002287080227687201;0,0010008688807669613
0,0006178584781089079;0,005092455409961448;-0,00150543208518078;0,0021713195105959593;-0,00030010968151659295;-0,002427822117660655
0,0009363232874336968;0,004564121348184753;-0,001805541766697373;-0,00025650260706469585;0,0003030839940268461;0,0014390043484988763
0,0011945708133512547;0,004122640066831896;-0,001502457772670527;0,0011825017414341804;-0,0014720254516564606;-0,0019874783133533996
0,0013805966686009175;0,0036708986811964522;-0,0029744832243269875;-0,0008049765719192192;0,0014819881112477437;0,004043982510159222
0,0015065242129437592;0,0032664573652183755;-0,0014924951130792438;0,0032390059382400027;-0,0036283213858417374;-0,0023441590530609083
0,0015134724283135214;0,0028298169863635297;-0,005120816498920981;0,0008948468851790944;0,0019504005682917033;0,004563105915187472
0,001460720839160114;0,0025227368450382844;-0,003170415930629278;0,005457952800366567;0,0011514381525928648;-0,002598305771175688
0,0012031365900498673;0,0022514505791202026;-0,002018977778036413;0,0028596470291908788;-0,00013352693988174374;-0,0035806632111580333
0,0008187357037144494;0,0021984824252167835;-0,0021525047179181567;-0,0007210161819671546;0,003997107013348315;-0,0015036334503629872
0,000353575706257575;0,0022599001524809996;0,0018446022954301585;-0,002224649632330142;-0,0044210440350793655;-0,0018227880377838165
-0,00019768447991602565;0,0022924772324665293;-0,002576441739649207;-0,004047437670113958;0,0043733159849042805;0,0023936178991269402
-0,0006751605742724199;0,0022360683271588537;0,0017968742452550736;-0,001653819770987018;-0,00029997825949178505;-0,004200795980138106
-0,0012556943382147825;0,0020177619150466195;0,0014968959857632885;-0,005854615751125124;-0,0007429731042826668;-0,00026769100589742884
-0,0017643531323469422;0,0017333027120949047;0,0007539228814806218;-0,006122306757022553;0,005417522279466944;0,0023848915532651803
-0,0022131360870485703;0,0012146588790981848;0,006171445160947565;-0,003737415203757373;-0,004617667305166197;0,0021070133990975723
-0,0026317621264909737;0,0004511227758205629;0,0015537778557813686;-0,0016304018046598007;0,002599128215231339;0,0040471576340301366
-0,002803530359495474;-0,00046190993560735395;0,0041529060710127075;0,002416755829370336;-0,0019907507906240796;-0,003012676851737381
-0,00291314747826872;-0,0014401587192216627;0,002162155280388628;-0,000595921022367045;0,0014046320169193854;-0,001092903087825621
-0,0028566483542014575;-0,0023217372696611584;0,0035667872973080134;-0,001688824110192666;-0,0011001294932007355;0,0031126452473975857
-0,0027136630189186503;-0,0032271526609953358;0,002466657804107278;0,0014238211372049198;-0,004575866182756259;0,0030477015680555747
-0,002428006191743522;-0,0042001210167372195;-0,0021092083786489815;0,0044715227052604944;-0,0038713643152056623;-0,0014539381525272843
-0,002043683052404103;-0,005116136526990906;-0,005980572693854644;0,00301758455273321;0,0021443803556054214;0,001651758906151296
-0,0017437282482106427;-0,005853291129034174;-0,0038361923382492225;0,004669343458884506;0,001933614045190532;0,0017046803270639455
-0,0016829963517713687;-0,006469742348968113;-0,0019025782930586904;0,006374023785948452;-0,000559529868466635;-0,001220961127054665
-0,0017757121488620633;-0,006899419830546672;-0,0024621081615253254;0,005153062658893787;0,0010071148786280903;-0,0025492227621049246
-0,0019445310776751057;-0,0070741363606872925;-0,001454993282897235;0,002603839896788862;0,0003818931375318482;0,000771473377834786
-0,002211834332949161;-0,007042730384472161;-0,0010731001453653868;0,003375313274623648;0,00418670119320156;-0,0022975140826281826
-0,002537337319539106;-0,0069071708123854755;0,003113601047836173;0,0010777991919954655;0,00043794168642298514;4,311760246253349e-05
-0,002905764311943666;-0,006636598709313844;0,0035515427342591582;0,001120916794457999;-0,0020189543987805675;-0,0022062385563550724
-0,0031496472624347794;-0,006322914638562395;0,0015325883354785907;-0,0010853217618970734;0,0005122929463816095;0,0031439411585551247
-0,0032514685035555262;-0,005964393896032625;0,0020448812818602002;0,0020586193966580513;-0,0009109172219224221;-0,0006349978713746512
-0,0032919862112571296;-0,005649286023978738;0,0011339640599377782;0,0014236215252834;-0,0019425459572973564;7,172131413685223e-05
-0,003250708667684325;-0,005251833376058529;-0,0008085818973595782;0,0014953428394202523;4,0621325847908785e-05;-0,001108645997670632
-0,0031640725617140095;-0,004797435867126984;-0,0007679605715116694;0,00038669684174962027;0,0001094086683885026;-1,8683090051985207e-06
-0,0031097797316380765;-0,004283224644618629;-0,0006585519031231668;0,00038482853274442175;0,0023927145069082417;-0,00039301849424079605
-0,0030862053244226106;-0,003753545548440289;0,001734162603785075;-8,189961496374298e-06;-0,0032436789368277957;-0,0041503253707335375
-0,0030889729933320713;-0,0032084733109521723;-0,0015095163330427208;-0,004158515332229912;0,00512822966600722;0,000772332873067598
-0,003022374158090129;-0,002663728671923911;0,003618713332964499;-0,003386182459162314;-0,0006212290343535626;0,0005182329118530171
-0,0030161559761698957;-0,0022853246461848453;0,0029974842986109362;-0,0028679495473092967;-0,0021423570481038934;0,0017361341414609543
-0,0028651892609310825;-0,0020423679188122726;0,0008551272505070429;-0,0011318154058483423;0,00019029330561684543;-0,0008158238691857861
-0,002594323173747832;-0,0019141291733320719;0,0010454205561238883;-0,0019476392750341284;-0,001947348246342337;-4,643532530032579e-05
-0,0022892519965442993;-0,0018311630440858047;-0,0009019276902184487;-0,0019940746003344542;0,0002402246173708253;-3,206348152342414e-05
-0,0019423639970958112;-0,0018261024858409027;-0,0006617030728476234;-0,0020261380818578784;-0,0018148250213418267;0,00045629128054719414
-0,0016315531052560612;-0,0019008049116093788;-0,00247652809418945;-0,0015698468013106842;0,0018154045734951468;-0,0029810619413419143
-0,001347210336330216;-0,00205655286065217;-0,0006611235206943032;-0,0045509087426525985;0,0017164858465543685;0,00021140389290297962
-0,0011619286911719489;-0,0022750946817473887;0,0010553623258600653;-0,004339504849749619;0,0015551349999141408;0,0017958158068314065
-0,0010030919868414538;-0,0026756728525487113;0,002610497325774206;-0,0025436890429182124;-0,0026739078998416132;0,005544978789576618
-0,0008020407894765562;-0,0032498312173400187;-6,341057406740718e-05;0,003001289746658406;0,00018619842017927359;-0,0008734362870010254
-0,0004965696990806903;-0,0039257371438480545;0,0001227878461118664;0,0021278534596573806;0,0014108858012727215;0,000330160460914386
-0,00019363503164752076;-0,004481591480489754;0,001533673647384588;0,0024580139205717666;0,0003201707124476823;0,008666222016178407
0,00011421114963012353;-0,004952331678745158;0,0018538443598322702;0,011124235936750174;-0,0027956237270912888;0,0003752055503365437
0,0004834042768031513;-0,0053247513201776925;-0,0009417793672590186;0,011499441487086717;-0,002289440711896809;-0,003340760844557325
0,0009267511783694699;-0,005252201524140219;-0,0032312200791558277;0,008158680642529392;0,0028351827827852658;-0,005788138760800268
0,0013324269052454277;-0,004719674068619277;-0,0003960372963705619;0,002370541881729124;-0,0014445709498586146;0,00044377257817913157
0,0016088538289551523;-0,0038607993873971593;-0,0018406082462291765;0,0028143144599082556;0,001226930932314671;-0,002985442338394085
0,0018694392608100546;-0,0029071030309058767;-0,0006136773139145055;-0,0001711278784858293;-0,005340156116007473;-0,006173618223744907
0,00205640036281579;-0,0018408340960182636;-0,005953833429921979;-0,006344746102230736;0,003997308887952668;-0,0045801151933772995
0,002218814372264945;-0,0007814102762700841;-0,001956524541969311;-0,010924861295608036;0,001364295241861338;0,0032153431169878004
0,0021430750445172206;2,422369938886616e-05;-0,0005922293001079729;-0,007709518178620235;0,000982312248303495;0,004318867534641842
0,001989074735090724;0,00039286322322349494;0,00039008294819552203;-0,0033906506439783934;-0,0012217953888172053;0,0025158096442635773
0,0018113852536599086;0,0004531220199133143;-0,0008317124406216833;-0,0008748409997148161;0,0010408635483095188;0,0006443355586269904
0,0016492990901569137;0,00037775479084399793;0,0002091511076878355;-0,00023050544108782576;0,002118757776739179;0,0011485784621898488
0,0014539444290290519;0,0002673939217860889;0,0023279088844270143;0,0009180730211020231;-0,0022272336554764356;0,002295856750441196
0,0012669558122087032;0,00014781283508466688;0,0001006752289505787;0,003213929771543219;-0,0009985592608844733;0,001454813751490024
0,0011730835507654353;6,495466922732575e-05;-0,0008978840319338946;0,004668743523033243;-0,0037350276886068817;-0,004448357343414008
0,0010832382984801905;0,0001106536942317134;-0,004632911720540776;0,00022038617961923478;0,0031632526845174654;-0,0024283495638311404
0,0009574776849175899;0,0003431024601574308;-0,001469659036023311;-0,0022079633842119056;-0,0010659348318249016;-0,0013707845877974165
0,0006464006025333582;0,0005843666732679176;-0,0025355938678482126;-0,003578747972009322;-0,0015168659621522113;-7,08196951622643e-05
0,000276537158708194;0,0007373123510099281;-0,004052459830000424;-0,0036495676671715865;0,0020867595782568353;-8,410616945143772e-05
-0,0001947500398308986;0,0007471081098715656;-0,0019657002517435886;-0,003733673836623024;-0,0003035283490149879;-0,0007254477445351581
-0,0008281356315700082;0,0006109211620463398;-0,0022692286007585764;-0,004459121581158182;0,006343600536065152;0,002818535649966975
-0,0015401492333788614;0,00032538726075619307;0,0040743719353065755;-0,0016405859311912074;-0,0033280012174773804;-0,0011796997585881534
-0,0023429319792180577;-0,00013851150378028102;0,0007463707178291951;-0,002820285689779361;0,0013776825477498228;-0,001817567084832463
-0,0029827398476449905;-0,0006680337055644034;0,002124053265579018;-0,004637852774611824;0,0021058760198977428;0,005014124857059016
-0,003592692887358756;-0,0013103673349397003;0,004229929285476761;0,00037627208244719185;-0,002529060229635463;-0,0013510371157002335
-0,004117683796449361;-0,00213821507529947;0,0017008690558412976;-0,0009747650332530416;0,0007884002218693231;0,0030071383600931145
-0,004473477534120895;-0,002951011932361352;0,0024892692777106207;0,002032373326840073;0,001113526772177048;0,0009625143497921096
-0,004761236509558777;-0,003802799390753356;0,0036027960498876688;0,0029948876766321825;-0,0025358333599048433;0,0005241998651258212
-0,004949424713888235;-0,004573291916071757;0,0010669626899828255;0,0035190875417580036;0,0018591563337937156;-0,0011109499929330136
-0,004993501076222186;-0,00522398893432487;0,002926119023776541;0,00240813754882499;-0,0027826828719986763;0,000755772688108336
-0,004994898930956823;-0,0057339224509076634;0,00014343615177786484;0,003163910236933326;-0,0005097305720505041;0,0011695325071033325
-0,0048792520247403996;-0,0061475304655374576;-0,00036629442027263925;0,0043334427440366585;0,0017943897069502973;-0,002170951223722628
-0,004757867672452861;-0,006434582070689919;0,001428095286677658;0,0021624915203140305;-0,0023968788282968667;-0,004742194807513284
-0,004651135096976228;-0,006548295966080913;-0,0009687835416192087;-0,002579703287199253;0,0019981982622869904;0,002964743574639994
-0,0044872787100324885;-0,006575510200659346;0,0010294147206677817;0,00038504028744074104;0,0014837571042073255;0,00018669569553472765
-0,004362173664753517;-0,006705912566725749;0,0025131718248751073;0,0005717359829754687;-0,0054870041141573955;0,0021661596589126475
-0,0041958920306478355;-0,006820913321294523;-0,0029738322892822883;0,002737895641888116;0,0011652316064414275;0,001139987477291604
-0,003929083523547149;-0,0069130446365442775;-0,0018086006828408607;0,0038778831191797203;0,0032429625327639044;-0,001492388303481973
-0,003781228308017754;-0,006895660126118508;0,0014343618499230437;0,0023854948156977474;0,002854280328081188;0,0005812865490305019
-0,0037057171198019933;-0,00672316029092555;0,004288642178004232;0,0029667813647282493;-0,007264274553234293;-0,0023390252996313976
-0,003572831457589311;-0,0064552406631046815;-0,002975632375230061;0,0006277560650968517;0,0018474362197782451;0,0006209376208550776
-0,0032684001082564597;-0,006068649780694682;-0,001128196155451816;0,0012486936859519293;0,004795959737552008;0,0007841300459386774
-0,0030829940539328104;-0,00565694865568081;0,003667763582100192;0,0020328237318906067;0,00024157576590463914;-0,005939271176043592
-0,002942715845827234;-0,005195299783228861;0,003909339348004831;-0,003906447444152986;-0,004928314415790468;0,0017005596210064589
-0,00265572709443765;-0,004652337961501287;-0,0010189750677856366;-0,0022058878231465268;-0,001623203601994673;0,0020501673781063434
-0,0022123647691278726;-0,004265634037539832;-0,0026421786697803096;-0,00015572044504018334;0,002244075820321087;0,0028728660826403546
-0,0018097614465295206;-0,003967165626504239;-0,0003981028494592226;0,0027171456376001712;0,0008436374356275873;-0,004508070447249282
-0,001512845270722381;-0,0036749260332702527;0,00044553458616836475;-0,001790924809649111;-0,0017053775312476649;0,0027800689642910187
-0,0012318532088936105;-0,0032740006145322597;-0,0012598429450793001;0,0009891441546419077;-0,0020680904523019423;0,0010596853401923442
-0,0009330397636181053;-0,0029447121881802313;-0,0033279333973812424;0,002048829494834252;0,004332102896492003;-0,001621419849464005
-0,0006846200361457721;-0,0025758579956425263;0,0010041694991107606;0,00042740964537024695;-0,0004626986401605592;-0,00018458352942264666
-0,0005693176445686885;-0,002125050623311452;0,0005414708589502014;0,00024282611594760029;-0,0024101280748490936;0,0005550922821115079
-0,0004138484730271746;-0,001657146865165567;-0,0018686572158988922;0,0007979183980591081;0,0015399561496900332;-0,002272237621644614
-0,00023672046712765258;-0,0011795300623817782;-0,00032870106620885896;-0,001474319223585506;0,0010303761659901604;-0,001413530868955135
-0,00013433874986408628;-0,000669996523675625;0,0007016750997813014;-0,002887850092540641;0,00017889053333341228;0,0022047160552957547
-4,510507524887434e-05;-0,00021943575391289221;0,0008805656331147137;-0,0006831340372448862;0,0006262104798737925;0,002935174485525365
7,219560335758966e-05;0,000115611012148215;0,0015067761129885062;0,002252040448280479;-0,0005957015326792476;-0,0039251504911285515
0,00022471890728864222;0,00042333241671952673;0,0009110745803092585;-0,0016731100428480725;0,0021307178733813038;-0,0027322905323155493
0,000437513255739235;0,0008211354392220577;0,0030417924536905623;-0,004405400575163622;-0,0017089822126074607;0,0023314407112731902
0,0006867505874021981;0,0011520140600106657;0,0013328102410831016;-0,0020739598638904316;-0,0014289213126922572;0,005049299461292289
0,0010576596172127838;0,0013066766577927288;-9,611107160915552e-05;0,0029753395974018576;0,0017184320027080514;-0,005640930930861064
0,0014818810566666935;0,0013783808610191748;0,001622320931098896;-0,0026655913334592066;-0,003166662899459563;-0,002360013128231954
0,001902258053256237;0,001569098648141695;-0,0015443419683606671;-0,0050256044616911605;-0,0007579809539909887;0,0032397442776300606
0,0023875278870897363;0,001653192781925847;-0,002302322922351656;-0,0017858601840611;0,0011460259648255686;0,0030189047749152875
0,002811024042188809;0,0015362627372423523;-0,0011562969575260873;0,0012330445908541876;-0,0023452407468668585;0,0009476221993879597
0,003142427280393815;0,001347898285196414;-0,0035015377043929458;0,0021806667902421473;0,0022949898673944175;-0,0043878521217641415
0,003427578640297778;0,0012088556167846429;-0,0012065478369985283;-0,0022071853315219943;-0,002429190803337561;0,0037333651884760913
0,0035726684920260234;0,0011570396199825578;-0,003635738640336089;0,001526179856954097;-0,0021261027132527116;0,0015031787350004676
0,003669496430274327;0,001016936209919593;-0,005761841353588801;0,0030293585919545646;0,0045076560184642706;-0,001922426629459715
0,0036208948229091873;0,0009378799941347919;-0,0012541853351245302;0,0011069319624948497;0,0001553529765177114;0,0024528935622884357
0,003341819561400496;0,0009799981220281735;-0,0010988323586068188;0,0035598255247832854;-0,002039277695977698;-0,002125094231532291
0,003012576886486823;0,0010663935284213491;-0,003138110054584517;0,0014347312932509945;0,001232285085413204;0,0031004409226064247
0,0026393809172288773;0,0012951819558058562;-0,001905824969171313;0,004535172215857419;0,0011829512905851929;-0,0019197120957482744
0,002140660545787551;0,0015813596349204028;-0,0007228736785861202;0,002615460120109145;0,004939425824895647;-0,0025154835842618253
0,0015657071755793724;0,0020489442026692464;0,004216552146309527;9,997653584731953e-05;-0,00527239378982924;-0,000590901065888362
0,0009618388582277485;0,002621147175222456;-0,0010558416435197133;-0,0004909245300410425;0,003159186764615256;-0,0043266404712463125
0,0005266326267285061;0,003197349209209558;0,002103345121095543;-0,004817565001287355;-0,000492864725481738;0,0004760372949599856
4,919272948847493e-05;0,0037539142619950183;0,0016104803956138048;-0,004341527706327369;-0,0004599344220520517;-0,0024313044500290926
-0,0003441133629077344;0,004117776714728984;0,0011505459735617531;-0,006772832156356462;0,002106484408623219;-0,00036599366282924484
-0,0006730002394793916;0,004307978059209856;0,003257030382184972;-0,007138825819185707;-0,0032338538677311145;0,006235666618095909
-0,0009558652771085787;0,004227266117436469;2,317651445385774e-05;-0,0009031592010897982;0,0029033795428374566;-0,0017512838544141152
-0,0011084490994503668;0,003861001142895654;0,0029265560572913143;-0,0026544430555039134;-0,0064348792071759475;0,005923097650719772
-0,0012601058612140006;0,0034586098003112466;-0,003508323149884633;0,0032686545952158585;0,005667835258028164;-0,005003337715460104
-0,001294700380685982;0,0029500407355066826;0,002159512108143531;-0,0017346831202442459;-0,0004536992439726842;0,0009517023195282429
-0,0014696278261533485;0,0025722178545107533;0,001705812864170847;-0,000782980800716003;-0,003213793996657638;0,000810522914875475
-0,0015581747872949738;0,002125007648705054;-0,0015079811324867909;2,7542114159471998e-05;0,0014039359281731653;-0,004426952301750178
-0,0015784892338697653;0,0016464782108707146;-0,00010404520431362557;-0,004399410187590706;0,001060586412376184;0,0037029361100105497
-0,0016591229257440286;0,0011690504576027541;0,0009565412080625585;-0,0006964740775801566;-6,160096342253119e-05;0,001051992708620872
-0,0017439184257908367;0,0005156462968311654;0,0008949402446400273;0,0003555186310407153;-0,0029084317529498513;0,0006964026025835304
-0,0017904522775151425;-0,0001656168270436297;-0,002013491508309824;0,0010519212336242457;0,0022520491971596487;0,0031872187399445487
-0,0018011885194538471;-0,000832659205676796;0,00023855768884982476;0,0042391399735687944;-0,00015738336094606176;-9,16986824397413e-05
-0,0018924644217249448;-0,0014576247349649925;8,1174327903763e-05;0,004147441291129053;0,00018663858916534437;0,0009896264731768384
-0,0019741980164420495;-0,0019130246653104373;0,00026781291706910737;0,0051370677643058915;-0,0008695818102613523;-0,0033315526642842055
-0,0020526846380430038;-0,00220252694401072;-0,0006017688931922449;0,001805515100021686;0,00039988634690055896;-0,0001838075458943031
-0,0021204587429611934;-0,002286546512138767;-0,00020188254629168595;0,0016217075541273829;0,00402155492817266;-0,002774565245594586
-0,0022123036036070733;-0,0022983454762659466;0,0038196723818809744;-0,0011528576914672031;-0,0034550381186882057;-0,0018276439188515264
-0,0023122237661046202;-0,002245276138228031;0,00036463426319276876;-0,0029805016103187296;0,0018501933293451345;0,0016459834759754433
-0,0022593570333269285;-0,0022383211078488034;0,0022148275925379032;-0,0013345181343432863;0,0009258050510025304;0,0018346807469580492
-0,0021919049300215257;-0,002350586141882325;0,0031406326435404336;0,0005001626126147629;-0,004057812334099492;-0,0019717472546470632
-0,002035859723014607;-0,002516231901289578;-0,0009171796905590585;-0,0014715846420323003;0,0025657595537631993;-0,00015112743907877424
-0,0017541892102660708;-0,0026618711561922407;0,0016485798632041408;-0,0016227120811110746;-0,0048331139770096156;0,0016634036297710625
-0,0015092058851398971;-0,0028663737967761947;-0,0031845341138054747;4,069154865998792e-05;0,004907633204568211;0,0017513988078701609
-0,0011982793654855576;-0,0031357849206045925;0,0017230990907627364;0,0017920903565301488;-0,003446846508925329;0,001913520352124054
-0,0010147342103834372;-0,00340356838248659;-0,0017237474181625925;0,003705610708654203;-0,0016696069474713016;0,0010545636774286354
-0,0007622650916508074;-0,0035996682301073827;-0,003393354365633894;0,004760174386082838;0,0049370532174792085;-5,557956125569474e-05
-0,0005787458696446812;-0,003647543649382006;0,0015436988518453144;0,0047045948248271435;-0,0009825173721830583;-0,004407500852440738
-0,0005309608222639108;-0,003505012093213317;0,0005611814796622561;0,0002970939723864058;0,0006551872975981872;0,0032238586275625397
-0,0004214278208093279;-0,0031742967440515414;0,0012163687772604433;0,0035209525999489455;-0,00025352291694853354;-0,0017439251420387283
-0,00028944756016825463;-0,0028316976359943095;0,0009628458603119098;0,0017770274579102172;-0,00021330043073318657;-0,0023575428284413474
-0,00010881254843676368;-0,0023482604239391204;0,0007495454295787232;-0,0005805153705311303;-0,0030884886951625746;-0,0016819470476571244
0,00011033629770720367;-0,0017937421135675222;-0,0023389432655838514;-0,0022624624181882547;0,0009658913501972895;-0,0013627684798342612
0,00035946696103431996;-0,0012624444180171694;-0,0013730519153865618;-0,003625230898022516;-0,002803004853170558;0,004722672959795395
0,0005150398937380821;-0,0008216452191943466;-0,00417605676855712;0,001097442061772879;0,003918977715368904;-0,005118923749668139
0,0006156907498263819;-0,0005258552562924246;-0,0002570790531882163;-0,00402148168789526;-0,0013010760565322788;-6,735169578762565e-05
0,0005492993351723968;-0,00018616761091958727;-0,0015581551097204951;-0,004088833383682886;0,00044888802316496966;2,793355409541013e-05
0,0004726247583908831;-7,33923306256044e-06;-0,0011092670865555255;-0,004060899829587476;0,0023092331334855333;-0,0022792596360753526
0,0003336239772205496;7,935809447150947e-06;0,0011999660469300078;-0,006340159465662828;-0,0011441504760898932;-0,00014657992168523506
0,00015025251258799508;-0,0001392251412266367;5,581557084011462e-05;-0,006486739387348063;0,001829432777667069;0,0015725275172281169
1,4879689832640857e-05;-0,0005399924705269375;0,0018852483485071836;-0,0049142118701199465;;
-0,00011826051008910878;-0,0012002293753211608;;;;
-0,0001759907760705711;-0,002057034754920182;;;;
