x;y;acc_x;acc_y;jerk_x;jerk_y
-0,0008919305323555099;-0,001140044833438309;-0,0012867562955627965;0,0015818914364035958;0,003838978569098553;0,0023237467379449567
-0,0013474851945726974;-0,0016350534005464244;0,0025522222735357564;0,0039056381743485524;1,4566272964811056e-05;-0,0022718055145516114
-0,0018545101086123966;-0,0020667863101983958;0,0025667885465005674;0,001633832659796941;0,005315287672537722;0,005135503715190198
-0,002259446131710666;-0,002342293692876425;0,00788207621903829;0,006769336374987139;-0,0019135078147655554;0,00033133400129402996
-0,002561710612948912;-0,0025524477691625767;0,005968568404272734;0,007100670376281169;-0,002777812159446051;-0,0005766877356918609
-0,0025486920454256268;-0,002491828390449243;0,0031907562448266827;0,006523982640589308;-0,0004720538074118111;-0,0077545907221699475
-0,0022969307417314323;-0,0021471821966846626;0,0027187024374148716;-0,0012306080815806392;-0,0037062448290606856;-0,006104738545804535
-0,0019175391882441705;-0,0015415766972965094;-0,000987542391645814;-0,007335346627385175;-0,003025129239110219;0,00426097748797769
-0,0014293995372603135;-0,0009851955211715821;-0,004012671630756033;-0,0030743691394074842;-0,002313334020397441;-0,004766886681866459
-0,0009807615819422894;-0,0007222282101420617;-0,006326005651153474;-0,007841255821273943;0,0005734005589007954;0,003802563518417861
-0,0006926304918545065;-0,0005822356646888407;-0,005752605092252679;-0,004038692302856082;0,002738616583572745;0,0018373583158075631
-0,0006575396278128625;-0,0007558933520865773;-0,0030139885086799337;-0,002201333987048519;0,0006384685049467265;0,006360139472042253
-0,0008525529674613258;-0,0010910987315985573;-0,002375520003733207;0,004158805484993734;0,0031278529225002016;0,004102757633036892
-0,0011681258474569864;-0,0015143574705924782;0,0007523329187669944;0,008261563118030626;0,0025097832081525315;-0,006951847981332568
-0,0015787195276019753;-0,0017712639901866494;0,003262116126919526;0,0013097151366980586;0,00027225151940643566;-0,0006003893931144366
-0,0019592198909962845;-0,0016977079850595959;0,0035343676463259616;0,000709325743583622;0,0006059484780454108;0,00041146186546254723
-0,0022092356093138124;-0,0015717633744646198;0,004140316124371372;0,0011207876090461692;-0,0040117172188698855;-0,004322728482222805
-0,002317876621778302;-0,0014174457341262988;0,0001285989055014869;-0,0032019408731766355;0,0035909090258300566;-0,0016884996846187154
-0,002260904989267937;-0,0012182965894261312;0,0037195079313315435;-0,004890440557795351;-0,006244434644130777;0,0015383541888728224
-0,002198789400537512;-0,001147225079653029;-0,002524926712799233;-0,0033520863689225286;0,0026766945311285095;0,004841908501581324
-0,0019878934945538255;-0,0012717711921917407;0,00015176781832927644;0,0014898221326587954;0,0016468383104697795;0,0017524188722455522
-0,0018779946570821084;-0,0015304007594873538;0,001798606128799056;0,0032422410049043476;-0,004653057657730157;-0,002165861517479613
-0,0017620251068772201;-0,0017294374414766147;-0,002854451528931101;0,0010763794874247348;0,0031202967375432364;-0,00417163579251606
-0,0015741113115203696;-0,001798784483269702;0,0002658452086121352;-0,003095256305091325;-0,004108064719078937;0,0017275130516183207
-0,001500375577320763;-0,0018250763455657998;-0,0038422195104668017;-0,0013677432534730041;0,004928004099659218;0,002573491499756095
-0,0014160060347766712;-0,0019751784600655505;0,0010857845891924164;0,0012057482462830907;-0,0035129304262622313;-0,0028523715403616923
-0,0014853252726512514;-0,0021799903047042216;-0,002427145837069815;-0,0016466232940786016;-0,0019625137521929945;6,314334198156274e-05
-0,001511213126958135;-0,002336572219491569;-0,004389659589262809;-0,0015834799520970388;0,0029334146549066173;0,0005141053562271736
-0,0016341868147478112;-0,0025590190660420603;-0,001456244934356192;-0,0010693745958698653;-0,002158483867962635;0,006276652227130267
-0,0019327468861079996;-0,0028448051106764335;-0,003614728802318827;0,005207277631260401;0,0032316134682414815;-0,0008112019476365778
-0,002289556754842436;-0,003173366139145601;-0,0003831153340773455;0,0043960756836238235;-0,005144196378915868;-0,011267796353001
-0,0027909557756696252;-0,0032936360623643524;-0,005527311712993213;-0,0068717206693771765;0,004978362109876511;0,005247180810516575
-0,0033076794098599086;-0,003238062958238151;-0,0005489496031167024;-0,001624539858860602;0,003653283474395988;0,004061693770376504
-0,00404549551256992;-0,0034573586808870366;0,0031043338712792856;0,002437153911515902;-0,0037583500366056705;-0,0009226311888163446
-0,0048052695994046;-0,0037416359978903464;-0,0006540161653263848;0,0015145227226995572;0,004171273641760856;-0,001653579913471856
-0,005440870331388108;-0,00392842715843302;0,003517257476434471;-0,00013905719077229872;-0,0016680897886190704;0,0024599415486443593
-0,006102631709984672;-0,004054637410067711;0,0018491676878154006;0,0023208843578720606;0,003939908782508161;0,005849290011053651
-0,006623702789523856;-0,004186409949333295;0,005789076470323562;0,008170174368925712;-0,0029357016035223837;-0,0026272532040151203
-0,007070807161550425;-0,004225347114283995;0,0028533748668011782;0,005542921164910591;-0,004107915371697607;-0,007244766835316219
-0,007286348474764052;-0,003937477304477668;-0,0012545405048964287;-0,0017018456704056273;0,004048570126997608;-0,0034034061887171507
-0,007387754793305631;-0,0034278906480749165;0,0027940296221011796;-0,005105251859122778;-0,004112300269259489;-0,003259669746833463
-0,007539342732043067;-0,0029863778184883905;-0,0013182706471583094;-0,008364921605956241;0,004482946818818168;0,0013595553003524774
-0,007579169485896456;-0,0027490750632667756;0,003164676171659858;-0,0070053663056037635;-0,000515927683095635;0,006598211817333985
-0,0076717270656361785;-0,0028463691722834103;0,002648748488564223;-0,0004071544882697786;0,0005902296095638138;-0,003909972243377122
-0,0076376975985095056;-0,0032238779335241954;0,003238978098128037;-0,0043171267316469;-0,0013569852385322545;0,004668933929289881
-0,007497718191840264;-0,003617672874295772;0,0018819928595957824;0,00035180719764298096;0,001233351393909038;0,008987566139115874
-0,0072281796612459;-0,004184152884333224;0,0031153442535048204;0,009339373336758855;-0,0008965169508256543;0,0015632975674320926
-0,006883361416267706;-0,004736560606464957;0,002218827302679166;0,010902670904190948;-0,004695314188497446;-0,00452700926869283
-0,006413929401149318;-0,004915393395126336;-0,00247648688581828;0,006375661635498117;0,0016854601766919108;-0,0075026321323768685
-0,005855744293923765;-0,0046581193476200764;-0,000791026709126369;-0,0011269704968787514;-0,005968550996685834;-0,0006147310093526231
-0,005396618662130942;-0,004145818834693893;-0,006759577705812203;-0,0017417015062313745;0,004978591337950797;0,002129863999397727
-0,004969134098703174;-0,0036785971416428594;-0,0017809863678614063;0,00038816249316635243;0,00039867031674808984;-0,0024488484269270944
-0,0048120326435078945;-0,003281043508841081;-0,0013823160511133165;-0,002060685933760742;0,0011290109548089955;-0,00201419229958031
-0,004726170643027071;-0,002867963376312648;-0,00025330509630432096;-0,004074878233341052;0,0018851472130114177;0,0008711811535058872
-0,0046956012845907795;-0,0025373106811346444;0,0016318421167070968;-0,0032036970798351647;-0,001102201570611458;0,006044447832327798
-0,004675164130006662;-0,0023696531152902836;0,0005296405460956388;0,0028407507524926337;0,000945594392384147;0,0007856236695858304
-0,0045894532907542595;-0,002330143432639329;0,0014752349384797858;0,003626374422078464;0,002988435285465871;-0,0005986038861309911
-0,004482556829658032;-0,0021770037198886693;0,004463670223945657;0,003027770535947473;-0,0058282964410649035;-0,00453255590866122
-0,004316650971022613;-0,001878809030254871;-0,001364626217119247;-0,0015047853727137468;-0,001058415160372278;-0,00014520560038309635
-0,003972198303429368;-0,0014595035191831737;-0,002423041377491525;-0,0016499909730968432;0,0002450815485396246;0,0032198538048304713
-0,003682330684520893;-0,0011003894230200264;-0,0021779598289519003;0,0015698628317336281;-0,002932605052957518;-0,004147344895897858
-0,003489384720712078;-0,0008072749657807526;-0,0051105648819094185;-0,00257748206416423;0,0057205288265408105;-0,001569701827911574
-0,00338355715006134;-0,0004513659952721338;0,000609963944631392;-0,004147183892075804;-0,004140696795921148;0,0018830875738032218
-0,0034821521746869785;-0,00019855630733008425;-0,0035307328512897557;-0,0022640963182725825;0,006457547614404299;0,0007815919181890568
-0,003556348641527361;-0,00011163397507106684;0,0029268147631145436;-0,0014825044000835257;-0,0024810359186665104;0,0028935929586307472
-0,003771774422419334;-0,00011527549554295272;0,0004457788444480332;0,0014110885585472215;-0,0020856742719650573;-0,002480184588864323
-0,003870127612786725;-0,00017821719201817967;-0,001639895427517024;-0,0010690960303171015;0,0022263452819905466;-0,0011045720807537863
-0,003950649649376195;-0,00018471534615151772;0,0005864498544735225;-0,002173668111070888;-0,00297179477492103;0,0033533594164414328
-0,004096767503066346;-0,00023397734149753984;-0,0023853449204475075;0,001179691305370545;0,00245609240709474;-0,0017245011787553766
-0,004219427362577556;-0,0003701860612863975;7,07474866472324e-05;-0,0005448098733848317;-0,0005178399293580271;0,0012670962507607235
-0,004437501018906666;-0,00045920712886043333;-0,00044709244271079474;0,0007222863773758918;0,002509235800508075;-0,001982157828557575
-0,004652744775769887;-0,0005700205913698624;0,0020621433577972803;-0,0012598714511816832;0,001279405495524813;0,00301857816728132
-0,0048858722303415396;-0,0006519425987842559;0,0033415488533220933;0,0017587067160996367;-0,0008211528296295234;-0,001016304202413356
-0,005036513950601301;-0,0007842594642459166;0,00252039602369257;0,0007424025136862807;-0,0012145838483454685;-1,6240428667772117e-05
-0,0050534937167281795;-0,000846228061063592;0,0013058121753471014;0,0007261620850185085;0,002190272319415376;0,002685154574258393
-0,004969657641907354;-0,0008785005573338161;0,0034960844947624775;0,0034113166592769015;-0,0023661117867548875;-0,0007142150655913056
-0,004833589080072645;-0,0008817265702032998;0,00112997270800759;0,002697101593685596;-0,0020486419447759002;-0,0034767447252708333
-0,004557677138447437;-0,0007484999167017074;-0,0009186692367683102;-0,0007796431315852375;0,001000606776185478;-0,0036936220223317768
-0,004236566288501925;-0,0005073891994526913;8,193753941716786e-05;-0,004473265153917014;-0,0026622011141292784;0,0019038003107453285
-0,003952202208027146;-0,00029746420746708463;-0,0025802635747121105;-0,0025694648431716857;0,0029896440720541956;0,0042362536784387875
-0,00366456062597568;-0,0002664698216381585;0,00040938049734208504;0,0016667888352671018;-0,001563021840791018;-0,0024342156522129442
-0,003480129586912698;-0,0003382540295360999;-0,0011536413434489329;-0,0007674268169458424;-0,003005858237693379;-0,004251133589494301
-0,003279323327956033;-0,00034336668402335717;-0,004159499581142312;-0,005018560406440144;0,004385510827093347;0,005524601591615219
-0,003124662722737325;-0,0003791764111884481;0,0002260112459510355;0,0005060411851750754;-0,0007839886734044843;0,0015079810405395858
-0,00313638210076431;-0,0006157285546111448;-0,0005579774274534488;0,0020140222257146612;0,002053761226576245;-0,0008665327405286884
-0,0031390610289532533;-0,0008320390506268386;0,0014957837991227962;0,0011474894851859728;0,0023450328363236322;-0,002899546218130846
-0,0031640590542403348;-0,0009677886576139457;0,0038408166354464285;-0,0017520567329448733;-0,005873991121122343;0,0005572437996686185
-0,003129225727562504;-0,0010576386851936142;-0,002033174485675915;-0,0011948129332762548;0,0017908616911318787;0,002324677951932138
-0,002940759735466816;-0,0012175709820910774;-0,0002423127945440362;0,0011298650186558831;-0,005095128237315533;-0,001829316472210664
-0,0028336207227981653;-0,0014252957963195908;-0,005337441031859569;-0,0006994514535547808;0,0012984638119846181;0,0016695676829044867
-0,0027361742219112755;-0,001587826009801869;-0,004038977219874951;0,0009701162293497059;0,002509974523670716;-0,0015791252722064178
-0,0028522253622987686;-0,0017783342814263385;-0,0015290026962042347;-0,0006090090428567119;0,0007771576854160994;0,002752490299798925
-0,00312983559148126;-0,0019300379038768194;-0,0007518450107881353;0,002143481256942213;0,0027128108981567256;-0,0014999248606309204
-0,0034686059285119206;-0,002106101888041569;0,0019609658873685903;0,0006435563963112928;-0,000829600342132461;-4,3113745057526964e-05
-0,0038374500659741064;-0,00219642662192863;0,0011313655452361293;0,0006004426512537658;0,001544120235730126;0,0004027928767934563
-0,0041278555679415485;-0,0022610090999632395;0,0026754857809662552;0,0010032355280472222;3,824550272592264e-05;-0,0004943668438362955
-0,004373006448099546;-0,0023015738719476984;0,002713731283692178;0,0005088686842109266;0,0019268137985769124;0,005351663579733802
-0,0045111378970188925;-0,0023020092228102683;0,00464054508226909;0,005860532263944729;-0,004485268855888208;0,0008911986154805096
-0,004540720094590552;-0,002282089826304401;0,00015527622638088212;0,006751730879425238;3,2606279260327664e-05;-0,005623267393276968
-0,004384680488871449;-0,0020277491392407445;0,00018788250564120978;0,0011284634861482706;0,0022135249251170885;-0,0020804340487765444
-0,00422242983409711;-0,0015033392170000787;0,0024014074307582983;-0,0009519705626282737;-0,0015039207756092354;0,0016348368535821223
-0,004052663879097122;-0,000933790755313482;0,0008974866551490629;0,0006828662909538485;-0,001022578071183583;-0,002469208823573474
-0,003786841626866803;-0,0004023211161320162;-0,00012509141603452012;-0,0017863425326196253;-0,0037332079753849973;-0,004434901447052202
-0,0034851199084305205;0,0001564631746876036;-0,0038582993914195174;-0,006221243979671828;0,0036410180516718432;-0,003364402759901297
-0,0031884018466356197;0,0006437937642024382;-0,00021728133974767416;-0,009585646739573125;-0,0043250467252818475;0,0009668045504029193
-0,003046015760497499;0,0008822745945303999;-0,004542328065029522;-0,008618842189170205;-0,003474283935870792;0,005105828646554605
-0,0029123209279492855;0,0007373295552754365;-0,008016612000900314;-0,0035130135426156006;0,004627672735280267;-0,0023172834215922054
-0,002960319218002253;0,00024763082845366487;-0,0033889392656200473;-0,005830296964207806;0,006450751837011853;0,006045977768166375
-0,0033289819880912334;-0,00038258844007273076;0,003061812571391806;0,0002156808039585692;-0,002322050153434979;0,005258564579608119
-0,003833202328805015;-0,0012460195871674387;0,0007397624179568268;0,005474245383566688;-0,0017847337171930655;-0,0012494027783884754
-0,004214950166663125;-0,0021008235021038038;-0,0010449712992362387;0,004224842605178213;0,0057824035513368705;-0,0032315685376377787
-0,004567107507802961;-0,0027366576016975017;0,004737432252100632;0,000993274067540434;-0,0015480405279195697;0,0025059755854412447
-0,0049610637009122474;-0,0032034979970840703;0,003189391724181062;0,0034992496529816786;0,001648710328815306;0,0004495682229586212
-0,005165522603937508;-0,003630607429769022;0,004838102052996368;0,0039488178759403;-0,0024015801926785957;0,0005787976661509875
-0,005242405837995527;-0,003917746876334707;0,0024365218603177724;0,004527615542091287;-0,0007500280935794357;-0,005809889182969166
-0,00512576498993369;-0,004046933607862779;0,0016864937667383367;-0,001282273640877879;-0,0014847565189035072;-0,003932054313112471
-0,004911663267459143;-0,0039950157177072;0,0002017372478348295;-0,00521432795399035;-0,0004702016113208446;0,0059698238816198596
-0,004630101794315062;-0,003994388773186737;-0,0002684643634860151;0,0007554959276295098;0,005270955309914768;0,00010596648250957297
-0,004340470831257588;-0,004202334946825887;0,005002490946428753;0,0008614624101390828;-0,0032896951002974045;0,0016469684981631205
-0,004061578442739555;-0,004380061283359857;0,0017127958461313486;0,0025084309083022033;-0,0023668683733876206;-0,0035739666409295573
-0,0035825864163643714;-0,004523329123488263;-0,000654072527256272;-0,001065535732627354;0,0022218457077959816;-4,401614015910049e-05
-0,0030350825561439336;-0,004566259727284582;0,0015677731805397097;-0,0011095518727864545;-0,0002904596752319674;0,0025545838199229343
-0,0025137415970137474;-0,004651811760385994;0,0012773135053077422;0,0014450319471364798;-0,0026100151545591713;0,00038918799732562404
-0,0019296897106619723;-0,004781745868398865;-0,001332701649251429;0,0018342199444621038;-0,0016395293982103265;0,002802702118035655
-0,0012945452840978878;-0,004853878698526277;-0,0029722310474617555;0,004636922062497759;0,003596479270960861;-0,0008946202581945617
-0,0007127089235038602;-0,004852642730875204;0,0006242482234991055;0,003742301804303197;-0,0023617373569728376;-0,0028425904654464373
-0,00024976180480830305;-0,004665929880724221;-0,0017374891334737321;0,0008997113388567596;-0,0007494484357385249;-0,003949477218287173
0,00023815524282721844;-0,004329524958401111;-0,002486937569212257;-0,0030497658794304133;-0,0019075798189005597;0,0036092521613976386
0,0006565727251237906;-0,003957131582523729;-0,004394517388112817;0,0005594862819672253;0,0017859666961950321;0,0005464876258280543
0,0009755127046518724;-0,0037067288418235647;-0,0026085506919177846;0,0011059739077952796;0,001889082254279445;-0,0011138742469462282
0,0011186719886554417;-0,003433946649844711;-0,0007194684376383396;-7,900339150948565e-06;-0,004412385215628683;-0,0057537893337339385
0,0011574892449822995;-0,003116925501554046;-0,0051318536532670225;-0,005761689672884887;-3,002496012768051e-05;0,0034029932587327644
0,0011675277638036237;-0,0028002203668294192;-0,005161878613394703;-0,0023586964141521227;0,0003910662378176933;0,004087012133846782
0,0009722921364942671;-0,0027139828190201874;-0,00477081237557701;0,0017283157196946591;0,004839915281688407;-0,000882959973655395
0,0005705813646491222;-0,002722093127777041;6,910290611139742e-05;0,0008453557460392641;0,0012429004363196227;-0,003736033094838248
-2,1961902219102964e-05;-0,0026610708077461085;0,0013120033424310201;-0,002890677348798984;0,0009645512869838439;0,0016347997328859526
-0,0006117410528428723;-0,002566234257873605;0,002276554629414864;-0,0012558776159130314;0,0002726319249383019;0,0017467818000040242
-0,0011490400697694008;-0,0025870248019530607;0,002549186554353166;0,0004909041840909928;0,0004167113684124986;-0,0009455529302967031
-0,0015952769015193347;-0,002658050450669038;0,0029658979227656646;-0,0004546487462057103;-0,003997323664961798;-0,001533780907848989
-0,0019395462710951419;-0,0027094399320213756;-0,0010314257421961334;-0,001988429654054699;0,0026215665391960893;-0,0007158140265632329
-0,0021651797237603227;-0,002779015363221941;0,001590140796999956;-0,002704243680617932;-0,003425702097843958;0,002461404182394905
-0,0024320702061133488;-0,002928127980584695;-0,001835561300844002;-0,00024283949822302697;-0,004633960758793104;-0,0016056422099439277
-0,0026353550565863765;-0,003185410345172166;-0,006469522059637106;-0,0018484817081669547;0,0033365591041041864;-0,0027648111540869436
-0,0029120623590931645;-0,003452406289688558;-0,0031329629555329197;-0,004613292862253898;0,003065989234590033;0,003520148293777711
-0,0034475505439854367;-0,0037933415025316287;-6,697372094288667e-05;-0,001093144568476187;0,005035759297708511;0,002782530858263438
-0,004108357247099025;-0,004318808429864855;0,004968785576765625;0,0016893862897872508;-0,0036065657010060093;0,0008011572047102455
-0,00477184289905033;-0,004888001139937129;0,0013622198757596155;0,0024905434944974963;0,003481320654976791;0,001248866583478267
-0,00523657712793101;-0,005389618398417912;0,0048435405307364066;0,0037394100779757633;0,0025793373105089945;-0,00016542320297821544
-0,005646822561781304;-0,005791613917118797;0,007422877841245401;0,003573986874997548;-0,004743948692616046;-0,0011779296493029667
-0,005863326374402142;-0,006044033032700649;0,0026789291486293554;0,002396057225694581;-0,0010693088461525557;-0,001432179965546232
-0,005782915073373165;-0,0061534926732826015;0,0016096203024767997;0,0009638772601483492;-0,002117078666101474;-0,0017148735210694155
-0,005595346606399014;-0,00616711002483677;-0,0005074583636246743;-0,0007509962609210663;-0,0015456499575492028;-0,00021366175327511283
-0,00534339332732579;-0,0061421722859850035;-0,002053108321173877;-0,0009646580141961791;0,0012239992917211645;0,00023285902795858182
-0,0051117383827975526;-0,0061472743975700805;-0,0008291090294527126;-0,0007317989862375973;-0,0011687535441195773;-0,002150643359809412
-0,004962207771116271;-0,006190962829723004;-0,00199786257357229;-0,0028824423460470094;0,0035185330831341705;0,002765657280936751
-0,004845841520613098;-0,006263923221325432;0,0015206705095618805;-0,00011678506511025866;-0,002422667604493736;-0,0012752222142995706
-0,004809389773052816;-0,006452181306769741;-0,0009019970949318556;-0,0013920072794098293;-0,0005562069497251632;0,0002475467931918329
-0,00471211120511006;-0,006645110794818459;-0,0014582040446570188;-0,0011444604862179963;0,002322995426466079;-0,001003123643658066
-0,004650912520964577;-0,006893720574043572;0,0008647913818090602;-0,0021475841298760623;-0,002369027982709826;0,002782560656326788
-0,004648041998605375;-0,007188108772717403;-0,0015042366009007657;0,0006349765264507257;0,0018846281906281515;0,00030574714559133964
-0,004610579820973811;-0,007568400336586277;0,00038039158972738574;0,0009407236720420653;-0,003163494856423116;-0,00078745727069085
-0,004633287107378277;-0,007923292839397123;-0,00278310326669573;0,00015326640135121528;0,005074596345318275;0,005635089406612587
-0,0046407787301936485;-0,008240556395326285;0,0022914930786225446;0,005788355807963802;-0,001749417839873424;-0,0014547383012744053
-0,004759594483676848;-0,0085516892952014;0,0005420752387491207;0,004333617506689397;0,001164394615706374;8,663174155068565e-05
-0,004786750514015147;-0,008631287962757962;0,0017064698544554946;0,004420249248240082;0,0012625687038747002;-0,005293294023409528
-0,00479222353480348;-0,008537541930046947;0,002969038558330195;-0,0008730447751694459;-0,002083476685699373;-0,0002696170110444984
-0,004729437761413594;-0,00826698592740633;0,0008855618726308218;-0,0011426617862139443;-0,00019471950724407605;0,003442169802952616
-0,0045478904456905;-0,00803135171577249;0,0006908423653867457;0,0022995080167386717;-0,0013441714069508254;-0,003965982067128615
-0,004330920655062173;-0,007841423975587208;-0,0006533290415640797;-0,0016664740503899433;0,002281354774570199;0,0015527843171583011
-0,004086317169818376;-0,00755951591473238;0,0016280257330061193;-0,00011368973323164222;-0,0009155621568818634;0,004352479185415231
-0,0038678468462371427;-0,007344266815893149;0,0007124635761242559;0,004238789452183589;0,0007243687274927357;-0,0008021136187513211
-0,0035842554933356646;-0,007133565306383184;0,0014368323036169917;0,003436675833432268;-0,00320801081932727;0,00018631128781915196
-0,0032721655973892163;-0,006753312218785875;-0,0017711785157102783;0,0036229871212514198;0,0022909617287901335;-0,002640101123918312
-0,002902602409298088;-0,006235592097851276;0,0005197832130798552;0,0009828859973331078;-0,0007219538933567402;-0,004590768246385879
-0,002603886361835371;-0,005572952492066619;-0,00020217068027688495;-0,0036078822490527712;-0,0009335664206363836;5,4184922560568394e-05
-0,0022843789858494595;-0,004870997446388639;-0,0011357371009132686;-0,003553697326492203;0,000949730302429605;-0,00020398764635645716
-0,001972958437074624;-0,004313357690672769;-0,00018600679848366358;-0,00375768497284866;0,0015567869713285533;0,0012380993440686133
-0,0017069673723363185;-0,003897865828016588;0,0013707801728448897;-0,0025195856287800467;-0,003985965688598582;0,00047849297869913265
-0,0014484165795373598;-0,003632681364274353;-0,0026151855157536923;-0,002041092650080914;0,002394837313426528;0,000881101912608262
-0,0011350345798246057;-0,0034682803256833195;-0,00022034820232716412;-0,001159990737472652;-0,0016925052279417405;0,0015775207859729246
-0,0009262600007419993;-0,0033855229930955227;-0,0019128534302689047;0,00041753004850027253;-0,0001380673044557544;0,0024429589008557323
-0,0007262993497524793;-0,0033491652900066323;-0,002050920734724659;0,002860488949356005;0,0018746065622337518;-0,0052860004836084995
-0,0006028528359737156;-0,0032961063849777307;-0,0001763141724909073;-0,0024255115342524947;-0,0014227869321259447;-0,0003474452888265339
-0,0005614431515839382;-0,003128627921974589;-0,001599101104616852;-0,0027729568230790286;0,0038512624574782474;0,0013180909718761846
-0,0005270860340937971;-0,003058169920341547;0,0022521613528613954;-0,001454865851202844;-0,0017486226785730936;-5,365467390758272e-06
-0,0005566929607883301;-0,003098630191631666;0,0005035386742883018;-0,0014602313185936022;0,0005574258365689264;0,002155293245502704
-0,0004962134333684073;-0,0031972850969698994;0,0010609645108572282;0,0006950619269091018;0,0019622635712396776;-0,0006901187150768484
-0,0004155923589769524;-0,0033543492550518763;0,003023228082096906;4,943211832253436e-06;-0,005964680955902764;0,0015801677255498497
-0,00029253270415120834;-0,003483610936057489;-0,002941452873805858;0,0015851109373821032;-0,0015433867402275796;-3,88101465124413e-05
-4,854392604158807e-05;-0,003612674888589812;-0,004484839614033438;0,0015463007908696619;0,002059052194360156;-0,003138898187816
7,778673711579786e-05;-0,003678334403626851;-0,002425787419673282;-0,001592597396946338;0,0006794616910212048;0,0016886164957357203
2,4723815711846282e-05;-0,003682141887029103;-0,001746325728652077;9,60190987893822e-05;0,001206490807812567;0,002456246128252279
-0,00012537060247903658;-0,0037496532663092086;-0,00053983492083951;0,0025522652270416613;0,0037851609535762276;-0,0013708237584727223
-0,0003453180498160025;-0,003813323881637739;0,0032453260327367176;0,001181441468568939;0,0011698433968419762;-0,002410287090041499
-0,0005868588939865488;-0,003774903887884603;0,004415169429578694;-0,0012288456214725602;-0,003156008622874455;0,0013062019711039402
-0,0006985866968476264;-0,0036892262353887097;0,0012591608067042386;7,735634963138005e-05;0,003337215975659561;0,0037894857329960757
-0,0006337077225255564;-0,0036527024077517185;0,0045963767823638;0,0038668420826274558;-0,004206910381145394;-0,0022832604277667756
-0,0005184623159353167;-0,0036130843261294723;0,0003894664012184055;0,0015835816548606801;-0,00010489799279236878;-0,0036282502785609516
-0,00021936183805052503;-0,0034187925612021277;0,0002845684084260367;-0,0020446686237002715;-0,003093822681609173;0,0019165007095577197
9,531729588300287e-05;-0,003161157530080356;-0,0028092542731831364;-0,0001281679141425518;-0,00030326557075246313;0,0005439062730588362
0,00042137916615357223;-0,002985309243906595;-0,0031125198439355996;0,0004157383589162844;0,003827561577731179;8,493963927370257e-05
0,0006350708654968161;-0,0028145876742985357;0,0007150417337955794;0,000500677998189987;-0,0019781768189547355;-0,002430489941418597
0,000724261771082636;-0,002627236570333826;-0,001263135085159156;-0,0019298119432286098;0,004271948284313251;0,0016403058215183203
0,0008420543460202791;-0,002419858346441516;0,003008813199154095;-0,00028950612171028955;-0,00284444780560774;0,0015930327585371856
0,0009093215175515559;-0,002289672600278351;0,00016436539354635488;0,001303526636826896;0,0026815275232590606;-0,0029863188462723317
0,0010969412170489965;-0,002171067098983597;0,0028458929168054155;-0,0016827922094454356;0,000634149014203108;-0,0009368874776198577
0,0012911355322882915;-0,0020003205322157674;0,0034800419310085234;-0,0026196796870652933;-0,001694238624461171;0,0017290989612286645
0,0015991655641998028;-0,0018968856538257553;0,0017858033065473525;-0,0008905807258366288;-4,409438349395334e-05;0,002407289027519667
0,0020463972733516553;-0,001898237962918355;0,0017417089230533991;0,0015167083016830382;-0,006271185762347663;-0,0027071846739538385
0,0025650611147654016;-0,0019352135010444198;-0,004529476839294264;-0,0011904763722708003;0,003328014487891731;-0,0017221923103448444
0,003153393313101284;-0,0019115207071031628;-0,0012014623514025324;-0,0029126686826156448;-0,0034977753376529835;-0,0029828658829025093
0,0035605464378653962;-0,0019354469680527382;-0,004699237689055516;-0,005895534565518154;-0,0025738627790093394;0,0039737798221982645
0,003919641068573407;-0,002075879976306939;-0,007273100468064855;-0,0019217547433198895;0,002550288066852577;0,00034212339076641896
0,004090766191719197;-0,0024521343671818664;-0,0047228124012122785;-0,0015796313525534705;0,006031711387666644;0,0032741837894542797
0,0039709672961423925;-0,002905258947789589;0,0013088989864543654;0,0016945524369008091;0,0006037538069182252;-0,00044418041685653775
0,003662255904517097;-0,003421568782499451;0,0019126527933725906;0,0012503720200442714;0,00265702593794849;0,0019523059653967084
0,0034059004723499763;-0,00387009651973328;0,004569678731321081;0,00320267798544098;0,0006578733464027292;0,0021856153414092777
0,0032260511519177594;-0,004268609376165338;0,00522755207772381;0,0053882933268502575;-0,0030875401520727846;0,0003681021126647199
0,0032289889807383854;-0,004539015113179758;0,0021400119256510253;0,0057563954395149775;0,0036314480124346182;-0,0027106610616600135
0,003441028892667964;-0,004593889117120166;0,0057714599380856435;0,003045734377854964;-0,008656490854475354;-0,006471945512864036
0,0037386692816235834;-0,004418507303479976;-0,002885030916389711;-0,003426211135009072;-0,0015208830271197932;-0,0044421433473365995
0,004267168068102629;-0,0041212961147255875;-0,004405913943509504;-0,007868354482345671;0,0004949911102711951;0,001354672002489149
0,004680265617926086;-0,0039611333713715615;-0,003910922833238309;-0,006513682479856522;0,0017883267137784181;0,003371113463883038
0,004917126610009162;-0,004115704807311362;-0,002122596119459891;-0,0031425690159734843;0,00013221408053978867;0,0024319920092597397
0,0049975506887627065;-0,004530823542445424;-0,001990382038920102;-0,0007105770067137446;-0,0031542784914778688;0,0031526460223633007
0,004993070922737855;-0,0050716450382184254;-0,005144660530397971;0,002442069015649556;-0,00046585941990763546;0,003103423557545504
0,0049089758751561996;-0,005640889614259977;-0,005610519950305606;0,00554549257319506;0,005301159849188164;0,0053981338081912356
0,004619094406358625;-0,006112451429675545;-0,0003093601011174424;0,010943626381386296;0,0019036405224014952;0,0010593632554780907
0,004104792139548827;-0,006362193542163312;0,0015942804212840528;0,012002989636864386;-0,0027536072753415047;-0,0027249737666850543
0,0035781154686943305;-0,006174190599395626;-0,001159326854057452;0,009278015870179332;0,0028242768838488766;-0,007173490964719795
0,0031152100146911964;-0,0055060680711533656;0,0016649500297914246;0,002104524905459537;0,002399921702715746;-0,0020124730274119693
0,0026059314865257643;-0,004466824908103931;0,004064871732507171;9,205187804756793e-05;0,0009403803585632878;-0,006828600836344047
0,0021632509595519893;-0,003343400748836115;0,005005252091070458;-0,006736548958296479;-0,001926024699731646;0,00021824979233240477
0,001883165301878501;-0,0022162945144463967;0,0030792273913388124;-0,006518299165964074;-0,0031542255466548708;-0,0012340820747397969
0,0018032897278478309;-0,0013586502383885375;-7,499815531605836e-05;-0,007752381240703871;-0,0016769509269484173;0,000679575153184838
0,0018465832494707131;-0,0007617379289692411;-0,0017519490822644757;-0,007072806087519033;-5,266815038983824e-05;-0,00023498898048357475
0,0018868768448809534;-0,00047492086917809965;-0,001804617232654314;-0,007307795068002608;-0,0010360391640478334;0,003403444402948045
0,0018570924770006146;-0,0004710160528877195;-0,0028406563967021473;-0,0039043506650545626;0,0003705714894368002;0,00464346518623659
0,0017551234198141031;-0,0007594230393174437;-0,002470084907265347;0,0007391145211820271;0,0038062036495055754;0,0021856068689525415
0,0015395281067595056;-0,0012040040523493504;0,0013361187422402283;0,0029247213901345687;-8,325591174475344e-05;-0,0006565362680692327
0,0012251293974142945;-0,001619020484533976;0,001252862830495475;0,002268185122065336;-0,001163730366011471;0,0011265986509335565
0,0009641754377586924;-0,0019170480611132188;8,913246448400379e-05;0,0033947837729988925;0,0012521110905911372;-0,0007582470130052948
0,0007533359913229093;-0,002124348232809848;0,001341243555075141;0,0026365367599935977;0,0011368365194810368;-0,0026998057646914347
0,0005460618434664864;-0,0021958570535865218;0,0024780800745561778;-6,326900469783708e-05;-0,003520133544640875;-0,0017903250033059273
0,0003924374378130691;-0,0021619044039634517;-0,0010420534700846971;-0,0018535940080037644;0,0010351266012020226;0,0008097822369728877
0,00033793623514189884;-0,002130482514528295;-6,926868882674558e-06;-0,0010438117710308767;-0,0007704319359280575;0,004215103288859108
0,0002417528936673408;-0,0021732043854132887;-0,0007773588048107321;0,0031712915178282314;0,004151371241796925;-0,0013465320519454038
0,00014529247743747575;-0,002257678727139518;0,0033740124369861933;0,0018247594658828276;0,00033667269086541576;0,0022863925902507284
1,77377090151814e-05;-0,0022153014081526174;0,003710685127851609;0,004111152056133556;-0,005205210034998039;0,002131095576861239
2,5143438072334795e-05;-0,002099933710530404;-0,0014945249071464297;0,006242247632994795;0,001130818687214547;-0,0004751251492729272
0,00018097657224355258;-0,0018201199306628483;-0,0003637062199318827;0,005767122483721868;0,00139087988655205;-0,0020107054330490565
0,00027702871012891316;-0,001290616245475501;0,0010271736666201672;0,003756417050672811;-0,003278735412316782;-0,005355904184952132
0,0003585325992169984;-0,0005304276609392785;-0,0022515617456966147;-0,0015994871342793204;0,0002830518463061045;-0,0028908391098272784
0,00048112343496989037;0,0003800176056238561;-0,00196850989939051;-0,004490326244106599;0,0013241009955233043;-0,002674959969687335
0,0005136518008949177;0,0012264833868158179;-0,0006444089038672059;-0,007165286213793934;0,0006583869737697267;0,0017076904268123194
0,00046743977084432467;0,0018933361182435157;1,3978069902520832e-05;-0,005457595786981614;0,002522646832851947;0,0028103969417232894
0,0003954513846390434;0,0022735774011194564;0,002536624902754468;-0,002647198845258325;0,0006668873214082105;0,003428737044558726
0,00032402212122986294;0,002435514852516132;0,0032035122241626784;0,0007815381993004009;0,0009127124363359253;-0,0010368270242457206
0,0003540578539308612;0,002491564350102475;0,004116224660498604;-0,00025528882494531974;-0,00045188177383886745;-0,0009726107470432385
0,0005122340755983666;0,002578875375660834;0,003664342886659736;-0,0012278995719885583;-0,002549033756304598;0,006589061566744936
0,0008350592836858161;0,00265597484822138;0,0011153091303551382;0,005361161994756378;-0,00021926811488303527;2,963021180149572e-06
0,0013044582072396552;0,002683958337902384;0,000896041015472103;0,005364125015936527;-0,00025439813021691654;-0,00541432107171641
0,0018184694960076998;0,0029263883073736433;0,0006416428852551864;-5,0196055779883064e-05;-0,0022061074004580405;-0,003756584373991262
0,0023683224253946283;0,003383383277482363;-0,0015644645152028541;-0,003806780429771145;-0,0005298349129749802;0,0010028459489151015
0,0029438410701917647;0,003838370405359888;-0,0020942994281778343;-0,0028039344808560435;0,001352578757979117;0,0037109014252383055
0,0034567811343807864;0,004141086316046567;-0,0007417206701987172;0,000906966944382262;0,0010345484616514633;-0,0011086587911812162
0,003885949221442695;0,004331644847499004;0,00029282779145274607;-0,00020169184679895424;0,00035544845837881534;-0,0018914100466543016
0,004285448481696655;0,004558482056726732;0,0006482762498315614;-0,002093101893453256;0,00013554881231461757;5,229013323145015e-05
0,004696660853608725;0,004777251592082501;0,000783825062146179;-0,0020408117602218057;0,0008377132033671048;-0,0025090572010783296
0,005133804275514057;0,00491229705170014;0,0016215382655132837;-0,004549868961300135;-0,005062010075558537;0,0011100251675120881
0,005602300699905236;0,004965710040908907;-0,0034404718100452536;-0,003439843793788047;0,0003991173207945897;8,410991554852476e-06
0,006135658654916947;0,004837128271665669;-0,003041354489250664;-0,0034314328022331947;-0,000538060475976404;-0,00011240474966915659
0,006531397737526847;0,004570952750670909;-0,003579414965227068;-0,0035438375519023513;0,0002299461064268482;0,0005464275751643488
0,006805482640566721;0,0041675199175868205;-0,0033494688588002197;-0,0029974099767380025;0,0022519452610142154;0,003585399334712573
0,006936390944997513;0,0036223335824266383;-0,0010975235977860043;0,0005879893579745707;-0,004295960738087384;0,003666859275418717
0,006933320495076296;0,002957250848196936;-0,005393484335873389;0,004254848633393288;0,007287592341936738;0,0038091958336839635
0,0068863491012436375;0,002315687688286217;0,0018941080060633497;0,008064044467077251;0,0005452984158329233;-0,0015012364580535148
0,006623638333976044;0,0018443184737112288;0,002439406421896273;0,0065628080090237365;-0,001793750018856427;-0,002182098073270279
0,0064366918869509845;0,001695511037819331;0,000645656403039846;0,004380709935753457;-0,0002559892380399331;-0,0011661430099178041
0,006347321696801776;0,0018092159222883827;0,00038966716499991283;0,0032145669258356532;0,001770986771317401;0,0012847796226297462
0,006283777762774162;0,0020981492041875728;0,002160653936317314;0,004499346548465399;0,0016661500238152605;7,025326046682101e-05
0,006235820515346544;0,0025156651631201886;0,0038268039601325743;0,00456959980893222;-0,0006476586520411665;-0,006470526436261698
0,006274289425371619;0,003113154983991421;0,003179145308091408;-0,0019009266273294773;-0,00533076965371404;-0,0030208854256268403
0,006465830493801996;0,0038934287972199415;-0,0021516243456226325;-0,0049218120529563175;0,0019614759245690228;0,00023174069463333113
0,00678453737455603;0,004597665545355283;-0,00019014842105360974;-0,004690071358322986;-0,001000230540084801;-0,00242814025292111
0,007017179281485159;0,005105029811372373;-0,0011903789611384108;-0,007118211611244096;-0,0025758880590452393;-0,0036399572991869245
0,007242215251572143;0,005424791223056542;-0,00376626702018365;-0,01075816891043102;-0,0037408413921555528;0,003061215241685164
0,007419636063213591;0,005459824170290948;-0,007507108412339203;-0,007696953668745857;0,0037082414568189725;0,006809948430584176
0,007446406194047692;0,005064530361108113;-0,0037988669555202303;-0,0008870052381616811;0,0002069402242134144;0,004545019961217853
0,007172891988388226;0,004361358405175444;-0,003591926731306816;0,0036580147230561716;0,002080160414603238;-0,002288830367469588
0,006747423104507951;0,003622706239716307;-0,0015117663167035778;0,0013691843555865835;-0,0012008534932225062;-0,0026018240998782124
0,006178277151375402;0,003030374663179417;-0,002712619809926084;-0,001232639744291629;0,0014714859495418425;0,005327955268590048
0,005548660545574711;0,0024928104608659906;-0,0012411338603842414;0,004095315524298419;0,005816506353141487;0,0019449438805668948
0,004810539147376976;0,0019059406687808992;0,004575372492757246;0,006040259404865314;-0,0017861061216375984;-0,0031648851680717363
0,004022772394763872;0,0014828834976677444;0,0027892663711196475;0,002875374236793578;0,0015735278638971673;-0,0006456790325881784
0,0034180205418610572;0,0013014367027492021;0,004362794235016815;0,0022296952042053994;0,002457972766291186;-0,0008577890822498782
0,0029248393438030284;0,001235004877302403;0,006820767001308001;0,0013719061219555212;-0,0041097045518062175;0,0032033322559411187
0,0026061699151456725;0,0012577608600238199;0,002711062449501783;0,00457523837789664;0,004288447462158784;0,0017937382896791518
0,002560331166540636;0,0013353930876234578;0,0069995099116605675;0,006368976667575792;-0,011641807891679956;-0,007763888130295667
0,002622934915915672;0,001596034850338961;-0,004642297980019389;-0,001394911462719875;0,008085175735973546;-0,0012733313778122632
0,0029655190617571296;0,002111435679757496;0,0034428777559541573;-0,002668242840532138;-0,004113681993517512;-0,0022851582710386523
0,0031224112883978124;0,002571040050667236;-0,0006708042375633549;-0,0049534011115707904;-0,0007712688508791365;0,0009680821467651785
0,003417018625276661;0,0029239147079556907;-0,0014420730884424915;-0,003985318964805612;0,004291973418778322;0,004201856534359907
0,003684793792652976;0,003078653320781313;0,0028499003303358306;0,00021653756955429537;-0,0053252574903267375;0,00011516866324239039
0,0038948860364915903;0,0030739791750147116;-0,002475357159990907;0,00033170623279668576;0,008173724524306591;0,00015687518758107644
0,0042189742935436385;0,003077966532030282;0,005698367364315685;0,0004885814203777622;-0,00907219690914543;-0,00024205089811910052
0,00444404826419605;0,0030952221383577197;-0,0033738295448297456;0,0002465305222586617;0,0006755956890240195;0,0003408867094342599
0,00489705692942109;0,0031320210015002674;-0,002698233855805726;0,0005874172316929216;-0,00017988990793157966;0,001122243923555366
0,005215112412852939;0,003178681085533162;-0,002878123763737306;0,0017096611552482877;-0,0004206946212941265;-0,0016812300147136389
0,00542523854205256;0,0032488378588337737;-0,0032988183850314323;2,843114053464879e-05;0,0008276080701783151;-0,0011830087798379574
0,005520239720702687;0,003387381078344317;-0,0024712103148531173;-0,0011545776393033086;4,525029743138176e-05;0,001659534312545466
0,005483288163951559;0,0035270615434762455;-0,0024259600174217355;0,0005049566732421573;0,0012275447118370308;0,0017972501902073085
0,005347488194606304;0,003620558903036042;-0,0011984153055847047;0,002302206863449466;0,001676054531932314;-0,001604512891546811
0,0051146498245641814;0,0037342545295255248;0,00047763922634760925;0,0006976939719026548;0,00015542638475256332;0,001220974993433252
0,00483387484229867;0,003940038430552986;0,0006330656111001726;0,0019186689653359068;-0,0009925460361912275;-0,0010180159130719624
0,004572205429087063;0,004173730090456554;-0,00035948042509105493;0,0009006530522639444;0,0005720870348094459;-0,0028780983691486933
0,004335858640319463;0,004484168508973558;0,00021260660971839096;-0,001977445316884749;-0,0013274480003751532;-0,0015814812443521453
0,00408513263454822;0,00483063304958112;-0,0011148413906567622;-0,003558926561236894;0,0028833683065003918;-0,0019728339086788477
0,0038429108931657134;0,005097999777513291;0,0017685269158436295;-0,005531760469915742;-0,0021213447588082773;0,004520865430645282
0,0035560954961569363;0,005223009442995988;-0,0003528178429646478;-0,0010108950392704596;-0,0017423725375417115;0,001383715619717063
0,0033400211757819045;0,005126748689682053;-0,0020951903805063593;0,0003728205804466034;0,002916858511326545;-0,002023906615122417
0,0031098341416882862;0,004990052134797302;0,0008216681308201856;-0,0016510860346758138;-0,0003156691905086273;-0,0015487784713235087
0,0027958394923744143;0,004868268403130414;0,0005059989403115583;-0,0031998645059993225;0,0013390659216533998;0,0001085121798570926
0,002514711568293349;0,004680441230076493;0,0018450648619649582;-0,00309135232614223;-0,001384105686851711;0,0001453070238738169
0,0022538236018247466;0,0043646194767826;0,0004609591751132472;-0,002946045302268413;0,0018137063651087054;-0,0037126406656605854
0,002066738229834742;0,003925143630443017;0,0022746655402219526;-0,006658685967928998;-0,0009793884156303959;0,0017134308093263786
0,0018980912248492679;0,003367825972012698;0,0012952771245915567;-0,00494525515860262;-0,001989081359332505;0,0008317081571052008
0,0018204308414726718;0,002544160874865219;-0,0006938042347409482;-0,004113547001497419;0,0016105445989701914;0,006061885173472236
0,0017945815430797376;0,0015226855713736352;0,0009167403642292432;0,0019483381719748172;-0,0033332167839139823;0,004489453118023675
0,0017409800752971657;0,00033666838782215453;-0,002416476419684739;0,006437791289998492;0,0029127451882689226;-0,00015394650402649965
0,0017240482220837636;-0,0007714152688503334;0,0004962687685841835;0,006283844785971993;-0,0029799669597702916;0,001863532191885571
0,001610457312082972;-0,0016219872739228816;-0,002483698191186108;0,008147376977857564;0,0040758071488150305;-0,004381565113826293
0,0015167171528255475;-0,0022212054875565502;0,0015921089576289224;0,003765811864031271;-5,075583508182269e-05;0,0039329676125701984
0,0013236290659206788;-0,002494528622075916;0,0015413531225470997;0,0076987794766014694;-0,003367898215436097;-0,005965807721998069
0,0011942253373209669;-0,002617219282034031;-0,0018265450928889974;0,0017329717546034004;0,0025504892979576373;-0,0019093791034385799
0,001126475733623139;-0,0024319587629280876;0,0007239442050686398;-0,00017640734883517944;-0,00040240637164757134;-0,0012256278313508145
0,0009856643262097513;-0,002177379373638008;0,0003215378334210685;-0,001402035180185994;0,002159656681989891;0,00018492468529917455
0,0008738106869991091;-0,0019298562783013355;0,0024811945154109595;-0,0012171104948868194;0,0005072756276877817;0,005596154498279028
0,0007748185611253098;-0,0017384145901721028;0,002988470143098741;0,004379044003392209;-0,0023045862756121763;-0,0016704220066432879
0,0007750742158679487;-0,0015956573218383428;0,0006838838674865649;0,002708621996748921;0,0038813550661186205;-0,00037003848431283945
0,0008948686763345374;-0,0012777382933688943;0,0045652389336051855;0,0023385835124360814;-0,0021943972073784866;0,00046158276948620944
0,0010420184915005885;-0,0008514743850294893;0,002370841726226699;0,002800166281922291;-0,0030950506862182543;-0,0010972739970767226
0,0013717778640108473;-0,00033166713619264083;-0,0007242089599915555;0,0017028922848455683;-0,002002699252417403;0,002669685120319336
0,0017963709055701738;0,00030014676392109917;-0,0027269082124089586;0,004372577405164904;0,0016218971428238957;-0,003941649170096744
0,0021919955887298383;0,001000076355428662;-0,001105011069585063;0,00043092823506815994;-0,0010338431177626603;-0,003213028367710754
0,002478543943393144;0,0018749090431428208;-0,002138854187347723;-0,002782100132642594;-0,0005124840735819744;-0,002263771996434176
0,0027208918552730477;0,002766978860259706;-0,0026513382609296976;-0,00504587212907677;0,0008440650830691537;0,0017230069374439827
0,0028776855996590425;0,0035477646720708878;-0,0018072731778605439;-0,0033228651916327873;0,004174044483449477;0,004676037607282843
0,002928425813607849;0,004126715598718998;0,002366771305588933;0,0013531724156500557;0,001989135178145529;-0,0031602746792590702
0,0029068751004422337;0,004572751917701798;0,004355906483734462;-0,0018071022636090145;-0,005779219623759338;-0,005427284165461663
0,0029799952395001762;0,005072915133310599;-0,001423313140024876;-0,007234386429070677;0,0004070552714948439;0,0013900450859251068
0,0032273516379074966;0,005500794258375041;-0,0010162578685300322;-0,00584434134314557;-0,00028488556010189403;0,006469049198017579
0,0034177755107138224;0,005639297926276654;-0,0013011434286319262;0,0006247078548720086;-0,00012963141670498113;0,004192575397497789
0,003567549068778947;0,005544027940452445;-0,0014307748453369074;0,004817283252369797;0,0004147861340136616;-0,0030905014345981308
0,003665276889698794;0,005473746268823116;-0,0010159887113232458;0,0017267818177716665;-0,0006266769545850148;-0,003163859281832576
0,0037057737168051655;0,0055961559272885795;-0,0016426656659082606;-0,0014370774640609096;0,0008408639134691309;0,002420186866251506
0,0037056309954586067;0,00578763685846491;-0,0008018017524391297;0,0009831094021905962;0,0014036315810518896;0,003448536369376226
0,003639781647475717;0,005921634691078803;0,0006018298286127599;0,004431645771566822;0,0032756701791604725;-0,0010074561605008248
0,0035418602293952627;0,006094956899780321;0,0038775000077732324;0,0034241896110659975;-0,0015806958969438734;-0,00689503024823962
0,003468012004459319;0,006445544939344511;0,002296804110829359;-0,0034708406371736222;-0,0010371121407438677;-0,004371017609329286
0,003549263779834304;0,006933100563351341;0,0012596919700854914;-0,007841858246502909;-0,0034677459163065943;0,006402440949824728
0,003722387719642464;0,007281822561871227;-0,002208053946221103;-0,0014394172966781804;5,979256926090526e-05;0,0011286895043267353
0,003945899338254043;0,007316870230530996;-0,0021482613769601977;-0,0003107277923514451;0,0004912746878871083;-0,0004741023337898054
0,004081088799016778;0,007294341207323637;-0,0016569866890730894;-0,0007848301261412505;-0,0029924699598579546;-0,0011104360146969028
0,004130347804701106;0,0072593830724222205;-0,004649456648931044;-0,0018952661408381533;0,0026423625900467568;0,002535669973728283
0,004113327342822509;0,007193031732475155;-0,0020070940588842873;0,0006404038328901296;6,12087268652417e-05;0,003793877922699973
0,003910328614986671;0,007050869746894563;-0,0019458853320190456;0,004434281755590103;0,0034280730414612687;-0,004509898851506128
0,003627046124795462;0,006934323914629575;0,0014821877094422231;-7,561709591602517e-05;-0,0003062372169082006;0,0015339547323236502
0,0032659282213234903;0,006995149352588192;0,0011759504925340225;0,001458337636407625;0,0028443266042975923;-0,0012420952933469842
0,002964097826229208;0,007052950106710168;0,004020277096831615;0,00021624234306064083;-0,0014475451925570482;-0,002235323383252441
0,0027093054508362862;0,007169084366288449;0,0025727319042745667;-0,0020190810401918002;0,001105649383487936;-0,0017235200486806213
0,0026153241593166294;0,007293868319589157;0,0036783812877625027;-0,0037426010888724215;-0,00365594919320697;0,0008197733704713717
0,002624252143967955;0,0073378890312821915;2,2432094555532855e-05;-0,00292282771840105;-0,0010095384346200248;0,004755641233691876
0,002780315380129781;0,007232205699420329;-0,000987106340064492;0,0018328135152908265;-0,00018808967089781192;0,00030618831343440234
0,002937275900073828;0,007009609258822425;-0,0011751960109623039;0,002139001828725229;0,0009118464010479249;-0,0006976172713214768
0,0030547521664152956;0,006860325358836153;-0,00026334960991437895;0,001441384557403752;0,000862307488493641;0,002457277285398629
0,003125220592318271;0,006796601531998892;0,0005989578785792621;0,003898661842802381;-0,0013983877939971051;-0,000411956902156535
0,003185155033824671;0,006790533087457779;-0,000799429915417843;0,003486704940645846;-0,0012088205704791632;-0,00040358322409694836
0,0032690477904742414;0,006940411116628763;-0,0020082504858970063;0,0030831217165488978;0,002641247587599746;-0,004138470669231675
0,0033209633505070983;0,00722975734342558;0,0006329971017027397;-0,0010553489526827775;-0,0002757576062178829;-0,003809543059407866
0,0032925488911040753;0,007642428438884353;0,0003572394954848568;-0,004864892012090644;-0,0030691838590886367;8,930169823997969e-05
0,0032894543157691615;0,008012885576235815;-0,00271194436360378;-0,004775590313850664;-6,244149828932288e-05;-0,0022871230578473956
0,003300649320253642;0,008188747033103651;-0,0027743858618931028;-0,0070627133716980595;0,000666212884681841;-0,0003558913516131246
0,003203366550193971;0,008173584877417461;-0,0021081729772112617;-0,007418604723311184;0,004956426023664334;0,002938953418506224
0,002995108345658576;0,007875914186863349;0,0028482530464530725;-0,00447965130480496;-0,003300753337384811;-0,0001643098406052812
0,002702523222034731;0,007281499307376789;-0,00045250029093173855;-0,004643961145410241;0,00015659411553325953;0,005813057080140974
0,0025238682202690086;0,00650789837569803;-0,000295906175398479;0,0011690959347307323;-0,0010234080742141452;-0,00026932622088080005
0,002327113206866017;0,005548538998202862;-0,0013193142496126242;0,0008997697138499322;0,0008463757389253201;0,005110111603514572
0,002118521946447086;0,004635943458096923;-0,0004729385106873041;0,006009881317364504;0,0015358745247991412;0,0009303799393390322
0,00185715811604365;0,003759338706544982;0,0010629360141118371;0,0069402612567035366;-0,004030518444992037;-0,0019161009214202634
0,0015768767452127217;0,0031231292076876207;-0,0029675824308801994;0,005024160335283273;0,004103303487878504;0,0018167031026451314
0,001339112814946267;0,0027645301590984005;0,0011357210569983046;0,0068408634379284045;-0,001781872599153838;-0,004863506834548059
0,0009826455874446043;0,0026068975239205115;-0,0006461515421555333;0,0019773566033803452;0,0008056046747247341;-0,0037672286332896265
0,0006716072022228737;0,002722899426259759;0,00015945313256920078;-0,0017898720299092813;0,0004755538287412415;0,000261539307174527
0,0003347227553149219;0,0029179955927342203;0,0006350069613104423;-0,0015283327227347543;0,0005092618170344926;-0,0030742622452672036
4,2164337097381555e-06;0,00304149687801231;0,0011442687783449349;-0,004602594968001958;0,002649370023401384;2,676296578796311e-05
-0,00030088960944302793;0,0031038648543810095;0,003793638801746319;-0,004575832002213995;-0,003883919610336819;-0,0010194471626290627
-0,0005602249014619966;0,0029821290320296307;-9,028080859049999e-05;-0,0055952791648430575;0,0008210170860763356;0,0007367719456725791
-0,0006678146414111127;0,0026773599295896924;0,0007307362774858356;-0,004858507219170478;0,0018982844042247198;0,006222366293390076
-0,0007790156137038486;0,0021487796605560313;0,0026290206817105553;0,0013638590742195977;0,0014300837105411628;-0,00022447864717584955
-0,0008609871348971511;0,0014258591027555515;0,004059104392251718;0,0011393804270437482;-0,0030364311735444245;0,0017193904974627094
-0,0008377978288220314;0,0007574929079238555;0,0010226732187072936;0,0028587709245064576;-0,0040048971557784425;0,0028459561301586982
-0,000652244347056843;0,00013470193017390934;-0,002982223937071149;0,005704727054665156;0,002462317358688621;0,0008552435620840602
-0,0004257839365433629;-0,0003737382105957784;-0,0005199065783825282;0,006559970616749216;0,0018152083667649461;-0,0005557427908433853
-0,0003186124835127287;-0,00065398926917886;0,001295301788382418;0,006004227825905831;-0,0007755369136325822;-0,0062113319554128795
-0,0002322372936173956;-0,0006718415030919729;0,0005197648747498358;-0,0002071041295070488;-0,0016614924006821173;-0,0014314869073995917
-9,405003218676582e-05;-0,0004495246239688526;-0,0011417275259322816;-0,0016385910369066405;-0,0008681532345443162;-0,002484501676601847
6,492782423385738e-05;-0,00023549191002601423;-0,002009880760476598;-0,004123092713508488;-0,0005390590271900694;-0,0037253761918036856
0,00017823657961718933;-8,70028375594415e-05;-0,002548939787666667;-0,007848468905312173;0,0016875388714165935;0,001847046903419183
0,00021115010458145738;-0,00010343747363320826;-0,0008614009162500737;-0,00600142200189299;-0,001406448697362967;0,005922818135906879
0,00014210603803905872;-0,00043381086591946197;-0,0022678496136130408;-7,860386598611095e-05;0,0010873130744390139;0,0050301672980396245
3,860593484665712e-05;-0,0010042411382814352;-0,0011805365391740269;0,004951563432053514;0,0019517389312108295;-0,002188451752175056
-0,00015560815289026613;-0,001577815565282853;0,0007712023920368027;0,0027631116798784577;0,0019188843424076379;0,0032899404415353203
-0,00039704370219415045;-0,00195332745500213;0,0026900867344444405;0,006053052121413778;0,0029534481494940187;0,0013033120223134298
-0,0006076311558165626;-0,002218314877526269;0,005643534883938459;0,007356364143727208;-0,0014059734243652275;-0,0007982020174396795
-0,0007106151400611972;-0,002241180215193857;0,004237561459573232;0,006558162126287528;-0,0010325187351273926;-0,007076657554159531
-0,0005878577289482934;-0,001969790987112356;0,003205042724445839;-0,0005184954278720025;-0,0005042016757779754;-0,003160799387885934
-0,00029559785945246035;-0,0014360752739793546;0,002700841048667864;-0,0036792948157579365;-0,004167327178440556;-0,0009401165564107885
0,00012486371902120625;-0,0009230993779612329;-0,001466486129772692;-0,004619411372168725;-0,0019853734888774996;-0,0009296725824017235
0,0006533589394415874;-0,0005572952745734287;-0,0034518596186501917;-0,0055490839545704485;0,0009228876044336115;0,004865810695481521
0,001123194714671061;-0,0003762676260723736;-0,00252897201421658;-0,0006832732590889273;0,00040909879060906443;-0,0023843591680767703
0,0014549561051545269;-0,0004172033357541364;-0,0021198732236075157;-0,0030676324271656976;0,0009809989830209948;0,001614603264894444
0,0016855586150693294;-0,0004854699757994563;-0,001138874240586521;-0,0014530291622712535;0,0010551200343552197;0,0029603254094853378
0,0018313661960398314;-0,0006764419129314041;-8,375420623130125e-05;0,0015072962472140843;0,0011265002027522203;0,00572998494497352
0,0019316188073868726;-0,000925535016554202;0,001042745996520919;0,007237281192187604;-0,001833264472119213;-0,0008482958935167768
0,002028521250484662;-0,0011143362702884367;-0,0007905184755982939;0,0063889852986708275;0,0013788544199039507;-0,008170314364517445
0,0021671335334432877;-0,001013646276335167;0,0005883359443056568;-0,001781329065846618;-0,000585338295455505;0,0005599057394590802
0,0022741250773779817;-0,0006573968704350643;2,9976488501518017e-06;-0,0012214233263875378;-0,0006713116501457506;0,0019074010360011617
0,0024046500590849023;-0,00037240062716882626;-0,0006683140012955988;0,0006859777096136239;-0,001838624215600583;-0,0022353603812359036
0,0025352949467458284;-0,0001362613169580898;-0,002506938216896182;-0,0015493826716222797;0,0021749024254629906;-0,005032484938194708
0,002639207274354931;0,0001273171016371916;-0,0003320357914331912;-0,006581867609816988;0,0024961713886396536;0,0030215023890085126
0,0026428420732881866;0,00032892021336758186;0,0021641355972064624;-0,003560365220808475;-0,0044390536515137025;0,00442356909008453
0,002633195440564114;0,0002672486207052926;-0,00227491805430724;0,0008632038692760547;-0,0008155347089651016;0,0009365705070278237
0,0027101142317283;6,316241921066433e-05;-0,0030904527632723416;0,0017997743763038783;0,002213179442903432;0,0004495702985337392
0,0026960363007201963;-0,00010639562751292177;-0,0008772733203689098;0,0022493446748376176;-0,0029431080581368563;-0,005015898303854866
0,002558340259181199;-0,0002039626991843527;-0,003820381378505766;-0,0027665536290172486;0,0013684092874369572;0,006177381453466835
0,002385553284827446;-0,00021155598386227896;-0,002451972091068809;0,0034108278244495867;0,0005379349306639455;0,0009859204131850699
0,0020599510553334617;-0,0003298114137008951;-0,0019140371604048634;0,0043967482376346565;0,005308631331872166;-0,00097260122329881
0,001636269942196725;-0,00031163373056152785;0,003394594171467303;0,0034241470143358465;0,0018300381711698153;-3,292064447002734e-05
0,001136027342643794;-0,00011758611791677431;0,005224632342637118;0,003391226369865819;-0,001381394553208952;-0,004179485293907114
0,000771568509949555;0,00021342737530141308;0,0038432377894281663;-0,0007882589240412949;0,0015934055302487399;0,0026369246368273397
0,0006160949709608007;0,0006800899233142333;0,005436643319676906;0,0018486657127860448;-0,004441868628232832;-0,0016401684642594373
0,0006143509435491731;0,0011152221143654016;0,0009947746914440742;0,00020849724852660748;0,0007288339382649934;-0,0048302451954292495
0,0008300726489246218;0,0016243009339280117;0,0017236086297090676;-0,004621747946902642;-2,1150313778521557e-05;0,001416023404297348
0,0010855853419578334;0,0021417196434316862;0,001702458315930546;-0,003205724542605294;-0,007151394137338892;-0,000557668687083665
0,0014100423801794077;0,002474268435059255;-0,005448935821408346;-0,003763393229688959;0,0028116475609444233;0,003503351295565317
0,0018025977510382038;0,0026785882449826123;-0,002637288260463923;-0,00026004193412364207;-0,0017687990688030342;-0,002462610047101521
0,0019771956890406663;0,002732372325718411;-0,004406087329266957;-0,002722651981225163;0,003879019111769237;0,0026979410466311388
0,0020463020966245715;0,002775754729089264;-0,0005270682174977198;-2,4710934594024403e-05;-0,0017271154729943186;-0,0008372405535714139
0,0019391650110377988;0,00271023105321111;-0,0022541836904920384;-0,0008619514881654383;-0,0013509265472196122;0,0029764999721229035
0,0018109451967511171;0,002643718939949196;-0,0036051102377116506;0,002114548483957465;0,0020057774413267046;-0,0005584337416056212
0,0015925580348447538;0,0025427287671606637;-0,001599332796384946;0,001556114742351844;0,002339641714461195;0,0009927472765185186
0,0012299664634299245;0,0025263205337304304;0,000740308918076249;0,0025488620188703626;0,0025853183629271723;0,001926940825935794
0,0008034015801596975;0,0025721568899942705;0,0033256272810034213;0,0044758028448061565;-0,0013723023928521958;-0,00440721728956385
0,00040644905361252037;0,002719947727012925;0,0019533248881512255;6,858555524230647e-05;-4,6036674819165124e-05;0,0015321706022272952
0,0001425216183054801;0,0030467706778238264;0,0019072882133320604;0,0016007561574696016;0,00018760543978156227;-0,0023124310046514496
-4,327282147551111e-05;0,0033763370508444195;0,0020948936531136227;-0,0007116748471818479;0,0017207819311400186;-0,000622490708872922
-0,00015277573272321995;0,0037699336701637973;0,0038156755842536413;-0,00133416555605477;-0,0007394222044528271;0,0007109059744163787
-0,00017848289784638387;0,004135063295595901;0,003076253379800814;-0,0006232595816383912;-0,0040227459351047075;-0,0016771103752386274
-5,156303959940212e-05;0,004446826298785813;-0,0009464925553038933;-0,0023003699568770186;0,0003298116501504267;0,0023452052976296184
0,0001984069538396122;0,00473365891871019;-0,0006166809051534666;4,483534075259976e-05;0,0014235578922231077;0,0006073752918199921
0,00041051724506647075;0,004928476740359487;0,0008068769870696411;0,0006522106325725918;-0,0001107957876964518;-0,0023170105782100436
0,0005979603000871907;0,005125087975638887;0,0006960811993731893;-0,0016647999456374518;-0,003077446898159329;-0,0002527155461420627
0,0008176784345906962;0,005347787636221191;-0,00238136569878614;-0,0019175154917795145;-0,00032348292789590935;-0,0022396285010782835
0,0010652398170691293;0,005503895298977997;-0,0027048486266820493;-0,004157143992857798;0,0005527511907699734;-0,0012149397275822982
0,001217546571596117;0,005583302342063622;-0,002152097435912076;-0,005372083720440096;-1,7338280325109034e-06;0,0005137910456726319
0,0012616593810558224;0,005496423625434935;-0,002153831263944587;-0,004858292674767464;0,0017497216454073726;0,00452086614309942
0,001219688293079045;0,005194661559988645;-0,0004041096185372142;-0,0003374265316680447;-0,001642765461188328;0,003687866705404802
0,001091563954544484;0,004698567787551656;-0,0020468750797255422;0,0033504401737367573;0,001379905194568206;0,0007731734635447046
0,0009472752312684346;0,004188976953847945;-0,0006669698851573362;0,004123613637281462;-0,0008273109818314698;-0,0010504028856802988
0,0007211115048033633;0,0038134037270937046;-0,001494280866988806;0,003073210751601163;-0,0012551466112674433;0,0032934244286436792
0,0004682689829319986;0,0036027750458307224;-0,0027494274782562493;0,006366635180244842;0,0015826948185569487;0,0008609814819992151
0,00015565522638108167;0,003515074794631787;-0,0011667326596993006;0,007227616662244057;-0,0007816243006050615;-0,0033419513282802182
-0,0002669356293000852;0,003682039950642645;-0,0019483569603043621;0,003885665333963839;0,003262051915342852;-0,0029911362535336855
-0,0007361957913692241;0,004138109773143266;0,00131369495503849;0,0008945290804301537;0,0011043883656768408;0,00023619353493202488
-0,0012833902318505374;0,0047496062090024395;0,0024180833207153307;0,0011307226153621786;0,0018818589278739584;-0,0020768004279837493
-0,0017780368741303113;0,00539688380807882;0,004299942248589289;-0,0009460778126215708;0,0010606527567819865;-0,002130581633417422
-0,002175960183581472;0,0060893903117696865;0,005360595005371276;-0,003076659446038993;-0,001204311926765414;-0,0022254265266186957
-0,002401885803089061;0,006744053702955691;0,004156283078605862;-0,0053020859726576886;-0,003343276862042645;-0,0022339542163714865
-0,002413387622381799;0,007275650716300136;0,0008130062165632168;-0,007536040189029175;3,5792174887742945e-05;0,0004858644358157471
-0,002258638118530302;0,0075951642907382735;0,0008487983914509598;-0,007050175753213428;-0,0013703931486500481;-0,00015462353394743444
-0,0020713683660162773;0,007613236257615243;-0,0005215947571990884;-0,007204799287160862;1,1869207879690313e-05;0,0026317024703773895
-0,0018501466778442137;0,007349301194363677;-0,0005097255493193981;-0,004573096816783473;-0,0009881815717916603;0,0038066002540151356
-0,0016497887799601135;0,006797174159625675;-0,0014979071211110584;-0,0007664965627683373;-0,0004133315566246312;0,004237696872346208
-0,0014698199040487894;0,006062123252216335;-0,0019112386777356896;0,003471200309577871;0,004032744566490394;0,0011112162346344906
-0,0013497673129819077;0,005296412482296261;0,0021215058887547045;0,0045824165442123616;-0,0009673188213683744;-8,514777957489839e-05
-0,0013061642690244534;0,004669549724759302;0,0011541870673863301;0,004497268764637463;-0,002166523994467217;-0,0005839465749659378
-0,0011777009895168112;0,004225983628990838;-0,0010123369270808869;0,003913322189671525;-0,0010605312011221432;-0,0011447632926406687
-0,0010030702273137156;0,003962308283807872;-0,00207286812820303;0,0027685588970308567;-0,002451708381520392;-0,003263753034509695
-0,0008689329421938555;0,0038551658262117668;-0,004524576509723422;-0,0004951941374788382;0,004969866115209012;-0,002447366069020268
-0,0008177103822021167;0,003858765724496896;0,00044528960548559024;-0,0029425602064991063;-0,0014853153209290135;0,002651113950442749
-0,0009474708825993145;0,0038425578572828718;-0,0010400257154434232;-0,00029144625605635743;0,0024370579846867933;0,0006069912594227622
-0,001059419798777089;0,0037086475818088834;0,00139703226924337;0,0003155450033664048;0,0023838435653017326;-0,0011125948798484248
-0,0012129697435726004;0,0035630794560926405;0,0037808758345451027;-0,00079704987648202;-0,0023547274658746974;-0,0014797178609296524
-0,0013106383975983768;0,003430133130511054;0,0014261483686704053;-0,0022767677374116724;0,004036939423898392;0,002133888447983595
-0,0012570720182423492;0,0032653048098701867;0,005463087792568797;-0,00014287928942807726;-0,006375921989103781;-9,310184412948674e-05
-0,0011464597041395054;0,0030094057797328522;-0,000912834196534984;-0,000235981133557564;0,0008021238030271344;-0,0024928486105292233
-0,0008173238783339097;0,0027477915780183947;-0,00011071039350784954;-0,0027288297440867873;;
-0,0005247014203897134;0,002476738130961635;;;;
-0,00023650737818583102;0,0020965314941414036;;;;
