y;x;acc_x;acc_y;jerk_x;jerk_y
-0,015297827184070988;0,0012537829947902974;0,0033475575810298155;0,006052435652221633;-0,0007378760996676788;-0,0022625368759112696
-0,015684722559560955;0,0011201840844933032;0,0026096814813621368;0,003789898776310363;-0,0038854467745256215;-0,004314589441577643
-0,01582952050896206;0,0011204874774375015;-0,0012757652931634847;-0,00052469066526728;0,006990552941141408;-0,0005687756715012648
-0,015822722507310746;0,0012251781296361854;0,005714787647977924;-0,0010934663367685449;-0,00963138909276361;-0,001171821973641296
-0,015836912132270127;0,00127883817010833;-0,003916601444785686;-0,002265288310409841;-0,0010816073076108726;-0,0018938513301848814
-0,01589484041070025;0,0015610897164995913;-0,004998208752396559;-0,004159139640594722;-0,0005224016959211528;0,005160660841195486
-0,016043380221546763;0,0016866772050994252;-0,0055206104483177115;0,0010015212006007634;0,002921209883442001;0,0029502239146730336
-0,016358285618017068;0,0016123363436033968;-0,0025994005648757104;0,003951745115273797;0,00015762200348901946;0,0011437517849533507
-0,016633130166463343;0,0013171710641746602;-0,002441778561386691;0,005095496900227148;-0,00011540111442717021;-0,001992358936441452
-0,016749904910298662;0,0009180297621508948;-0,002557179675813861;0,003103137963785696;0,0026744586262194194;-0,004911440634176978
-0,0166628597781249;0,00042121731767166197;0,00011727895040555825;-0,001808302670391282;0,005722972110690106;-0,003285057832091709
-0,016451689127399707;-0,0001778823138401254;0,005840251061095664;-0,005093360502482991;-0,0022324532168575308;-0,0014722508588077554
-0,016312850583490166;-0,0007722907873356905;0,0036077978442381337;-0,006565611361290746;0,0017032867526737758;-0,0013914608757569225
-0,016377746459679945;-0,001133089218387429;0,005311084596911909;-0,007957072237047669;-0,0019440446669881338;0,003496770829280793
-0,016705266790321353;-0,001349575735669642;0,0033670399299237756;-0,004460301407766876;0,005340047010827492;0,010675996339821914
-0,01735107001044467;-0,0013536188690753787;0,008707086940751268;0,006215694932055038;-0,0027820960596310063;0,005154195164822961
-0,01817528528687866;-0,0012229804052841643;0,005924990881120262;0,011369890096878;-0,005887525317481743;0,0026459886543649946
-0,01875087276603045;-0,0007440584638628993;3,746556363851822e-05;0,014015878751242994;0,0004554828508848835;-0,008463860288321912
-0,01887166464130712;-2,8136887196823822e-05;0,0004929484145234017;0,005552018462921082;-0,0006074764584268581;-0,0034213262123734545
-0,018431821366534068;0,0006892833120147925;-0,00011452804390345642;0,002130692250547628;-0,0003795630176083621;-0,0034037250092015525
-0,017769897353244173;0,0014264214478073448;-0,0004940910615118185;-0,0012730327586539247;-0,0030123057279821674;-0,005201173628355538
-0,017022745649932374;0,0021589784618437587;-0,003506396789493986;-0,006474206387009462;0,00359765813467771;-0,002635939944865495
-0,016326515256966732;0,0028717718334197004;9,126134518372409e-05;-0,009110146331874958;4,1444825111577877e-05;0,0038587718819805827
-0,01588925311948147;0,003444309333415882;0,00013270617029530196;-0,005251374449894375;-0,0013012423960622466;0,007126497498103568
-0,015816396835271203;0,004020497287219413;-0,0011685362257669446;0,001875123048209193;-0,0012468876794878986;0,00022747177248921835
-0,015953595529056713;0,004601993487834756;-0,002415423905254843;0,0021025948206984113;-0,0018097366245056756;0,001869220221800194
-0,016015789300913855;0,005136748239419421;-0,004225160529760519;0,003971815042498605;0,001044361933803306;0,0013035497201830393
-0,01599387927994306;0,005574886034793893;-0,0031807985959572127;0,005275364762681645;-0,0021871446726441923;0,005459549488321946
-0,015813096657272322;0,0058440174089779435;-0,005367943268601405;0,010734914251003591;0,005774573783047576;0,0006164622144829712
-0,015421299444094316;0,005985916839323705;0,00040663051444617127;0,011351376465486562;0,007178074675830204;0,000953104172949526
-0,014600105660876168;0,0059130985389254116;0,007584705190276375;0,012304480638436088;-0,0034307853871575755;0,003990649763858628
-0,013324856819038559;0,005856545459104964;0,0041539198031188;0,016295130402294716;0,0017538268789126232;-0,004058145455744344
-0,011557428751663504;0,0061033805868955715;0,005907746682031423;0,012236984946550372;-0,0022675873707082572;0,0005240375933377173
-0,00913819546819666;0,006516372506810931;0,0036401593113231656;0,01276102253988809;-0,0011354250152829648;-0,011749185105341467
-0,006229482786867803;0,007165674294007548;0,002504734296040201;0,0010118374345466224;-0,003943066832246739;-0,010947155403928724
-0,0028103292039434215;0,007960582453657092;-0,001438332536206538;-0,009935317969382101;-0,0025562670579064584;-0,007610747680341659
0,0006492978763628248;0,008855679985148242;-0,003994599594112996;-0,01754606564972376;0,0032053578531834603;-0,007403677723332794
0,0037115122378937873;0,009693244215191132;-0,000789241740929536;-0,024949743373056554;-0,005000333237929089;-1,0908780574497845e-05
0,006071883973435799;0,010371024461469503;-0,005789574978858625;-0,024960652153631052;0,00022494097771447175;0,0019126844262912224
0,007434265974055549;0,01101723503811069;-0,005564634001144153;-0,02304796772733983;0,002122485763431159;0,011645178959750091
0,007798221888530056;0,011431862615597536;-0,003442148237712994;-0,011402788767589739;-0,001495951115774663;0,008984320445362098
0,00724025909391097;0,011623904833038611;-0,004938099353487657;-0,0024184683222276404;-0,0035263564550518933;0,0019093941066682107
0,006226184748588295;0,01167826112097117;-0,00846445580853955;-0,0005090742155594297;0,0016291040257414013;0,007458635969635918
0,005115371670376514;0,011535093434764221;-0,006835351782798149;0,006949561754076489;0,0020666956200003916;0,004486622403956725
0,003984195623542356;0,011053347516215692;-0,0047686561627977575;0,011436184158033214;0,007667556468179709;-0,0018287955824648483
0,0031310020468712577;0,010298187526355234;0,0028989003053819518;0,009607388575568365;-0,001155236199302495;-0,01376201234919286
0,0027352558365214873;0,009352281289982866;0,0017436641060794567;-0,004154623773624494;0,002319367019703228;-0,007380913663435969
0,002723805169194452;0,008522331065825778;0,0040630311257826845;-0,011535537437060463;0,00434595396895901;-0,0002968854563942941
0,002546169550922437;0,007762127405911867;0,008408985094741694;-0,011832422893454757;-0,0008754212056992783;0,011537133027622097
0,0019071124351680033;0,007164444991029264;0,007533563889042416;-0,0002952898658326597;-0,002366591587129513;0,0014878573649322394
0,0007947584036753794;0,006903121979936329;0,005166972301912903;0,0011925674990995797;-0,004214122317944963;0,00010313038477491321
-0,0003294072224505509;0,00694314152440509;0,0009528499839679405;0,0012956978838744929;-0,0015061554240426156;0,0054363553547271196
-0,001405870148612498;0,007189839960950367;-0,0005533054400746751;0,006732053238601612;-0,0025760482945307306;0,006531061005878552
-0,0024305051594194654;0,007474652396854362;-0,0031293537346054057;0,013263114244480165;-0,00045847694366452085;-0,001100878053773166
-0,0031858580406823682;0,00773733261515537;-0,0035878306782699265;0,012162236190706999;-0,0030105236245434597;-0,006444413713366126
-0,003410686352166065;0,007874838684072162;-0,006598354302813386;0,005717822477340873;-0,0004538934155693397;-0,005532180980397809
-0,0031490252160214813;0,007868831525858157;-0,007052247718382726;0,00018564149694306337;0,002536415748600862;-0,004090409781992571
-0,0026586511807832626;0,007598890195531616;-0,004515831969781864;-0,0039047682850495077;0,005099355437788361;-0,0004513632014717106
-0,0021608514856673216;0,007046858956469766;0,0005835234680064971;-0,004356131486521218;0,001431931021899313;0,00151918142446434
-0,0018192425219533607;0,006314194438616642;0,0020154544899058102;-0,0028369500620568783;-0,0025671512698839244;0,0004571271275157357
-0,0016518788177002485;0,005604870859483777;-0,0005516967799781142;-0,0023798229345411426;-0,0019981976827579406;0,0028160542552095325
-0,0015979931159294117;0,004976165459947145;-0,002549894462736055;0,0004362313206683899;0,0034530378760280755;-0,004066892132811896
-0,0016393003315402204;0,004325392189211389;0,0009031434132920207;-0,003630660812143506;-0,00265217479258454;0,0005120132246272599
-0,0016631582943242938;0,0035726231399661897;-0,0017490313792925191;-0,003118647587516246;-0,003152074082678223;0,0018080649592165446
-0,001832242689594107;0,0028559798272526716;-0,004901105461970742;-0,0013105826282997016;0,0024296437005309063;-0,003069282775804122
-0,0021260729883645704;0,002069375259367453;-0,002471461761439836;-0,0043798654041038235;-0,0007125536428519152;-0,0033898974439261556
-0,002472326592267022;0,0010867264730034043;-0,0031840154042917512;-0,007769762848029979;-0,0006391050279172042;0,0013311216410885757
-0,002993774812333626;5,219216181762479e-06;-0,0038231204322089554;-0,006438641206941403;0,007666777976949014;-0,0015370845654738563
-0,0038260135463214296;-0,0012036486568115495;0,003843657544740059;-0,00797572577241526;0,0005744169178911601;0,0056829074946763425
-0,004915797928586889;-0,00256544134709322;0,004418074462631219;-0,0022928182777389172;-0,0007161571389106558;0,004244544691630325
-0,006324611341748959;-0,003773487735585288;0,0037019173237205633;0,001951726413891408;-9,767046656132539e-05;0,004410233748640469
-0,007825137486020586;-0,004804811145572106;0,003604246857159238;0,006361960162531877;0,003778757591755749;0,0038910504350808395
-0,009247594573736556;-0,005688057862610103;0,007383004448914987;0,010253010597612716;0,0013574467107149157;-0,006679281599746595
-0,010415573254951252;-0,00642713470536173;0,008740451159629903;0,0035737289978661213;-0,0056478685856618804;-0,0009751784252977069
-0,01117343151226144;-0,006870891370156757;0,0030925825739680224;0,0025985505725684144;-0,0012262538177166271;0,005820441348253602
-0,01178834060965698;-0,006965029988566589;0,0018663287562513953;0,008418991920822017;0,0001745131157991353;-0,004540565773734295
-0,012299307684149786;-0,0069354653040177;0,0020408418720505306;0,0038784261470877213;0,00028146807312490196;-0,00495879834511026
-0,01247351508180971;-0,0068312474692187545;0,0023223099451754325;-0,001080372198022539;-0,005147002118272598;-0,0035391442962792174
-0,012492585433586126;-0,006645395959537788;-0,0028246921730971652;-0,004619516494301756;-0,0013252913947275624;0,005534767165443932
-0,012554870673283442;-0,006366652052049804;-0,004149983567824728;0,000915250671142176;-0,00036757550218152746;0,006235792705375054
-0,012801936572752831;-0,006200895831485706;-0,004517559070006255;0,00715104337651723;0,0004996659855593111;-0,0018410270742566515
-0,01301239244537653;-0,0062011389536345985;-0,004017893084446944;0,005310016302260578;0,001705323347567178;0,0011146259913543677
-0,012936806582939542;-0,00638208443858374;-0,002312569736879766;0,006424642293614946;-0,0017846336305763766;-0,0006288612228471102
-0,01264882006841213;-0,006723745646910761;-0,0040972033674561426;0,005795781070767836;0,004381056018850499;-0,0017441845078305374
-0,01210384786214012;-0,007157909644712971;0,0002838526513943562;0,0040515965629372985;0,0007221284611947931;0,002399381212934648
-0,011327044413037397;-0,007755961777213427;0,0010059811125891494;0,006450977775871947;0,0004930401414929286;-0,0034673880577865968
-0,010388177101417182;-0,00834265980365811;0,001499021254082078;0,00298358971808535;0,0012394518744222038;-0,003752499292442063
-0,00919127067876209;-0,008889118585599225;0,002738473128504282;-0,0007689095743567131;0,0022286165688049364;-0,00041889742513870343
-0,007875020667383582;-0,009375616517377058;0,004967089697309218;-0,0011878069994954166;-0,00011535929165060188;-0,004759645565202822
-0,006589527038979344;-0,00975257552401472;0,004851730405658616;-0,0059474525646982385;-0,0018748410527107129;0,006063626758030197
-0,005351545690554922;-0,009930850942760012;0,0029768893529479035;0,00011617419333195822;-0,001275006979998855;0,0005425419558075378
-0,00435146244471843;-0,00991505714527896;0,0017018823729490484;0,0006587161491394961;0,00026794647208161493;-0,006102886905735738
-0,003346732231148659;-0,009780187773679993;0,0019698288450306634;-0,005444170756596242;9,673721192232643e-05;9,133407937364849e-05
-0,0023156533716133087;-0,009577243107163062;0,0020665660569529898;-0,005352836677222594;-0,0014898163632756922;-0,0038161422288379016
-0,001502341342341808;-0,009295505286844906;0,0005767496936772976;-0,009168978906060495;-0,002700856254626821;0,009891354232187939
-0,0009031427801592111;-0,00893110482424863;-0,0021241065609495235;0,0007223753261274436;0,0007039066336048394;0,00016363965834590918
-0,0006707033742190339;-0,008543634373905262;-0,0014201999273446841;0,0008860149844733527;0,0002100733925113063;-0,0029454245129332066
-0,0004093689552337591;-0,008241128185999876;-0,0012101265348333778;-0,002059409528459854;0,004113693559293724;0,0031080724608658714
-0,00011259393686955006;-0,007995429995188276;0,002903567024460346;0,0010486629324060175;-0,0008906459158090629;-0,000574820432578043
0,00010180470035626478;-0,007798136865770011;0,0020129211086512833;0,0004738424998279745;0,00043328735886352665;-0,004197339368632371
0,00035814985487832036;-0,0074847010553733325;0,00244620846751481;-0,0037234968688043962;0,002061840328179715;-0,0015651250644594522
0,0006334487093934949;-0,007090748400630603;0,004508048795694525;-0,0052886219332638484;0,0006800812970108316;-0,006015220985873662
0,0007598076891564935;-0,006598947407187281;0,005188130092705356;-0,01130384291913751;-0,0018684960289544333;-0,001077991075918102
0,0006746217915889383;-0,005926824461916179;0,003319634063750923;-0,012381833995055613;-0,003289720077115102;0,005330937409874208
0,00013728217725588257;-0,005047176312936861;2,991398663582112e-05;-0,007050896585181404;-0,0013354245257760008;-0,000736511799354439
-0,0008953307968793977;-0,004034742801407506;-0,0013055105391401797;-0,007787408384535843;0,0031265363746739404;0,005055810148482262
-0,002209979634421934;-0,0030211127304127197;0,0018210258355337607;-0,002731598236053581;-0,0022980350295596606;0,008970115204314413
-0,0038361248073459043;-0,0020597030809835397;-0,0004770091940259;0,006238516968260832;0,0026994494567413006;0,00951357438904149
-0,0055715339097120176;-0,0010254523981330092;0,0022224402627154007;0,015752091357302322;0,0009380848979422436;0,002100427590464804
-0,0070574023333476975;-1,0282083043514903e-05;0,0031605251606576443;0,017852518947767126;-0,005405202463576307;-0,004899874340195148
-0,007913187102691285;0,0010937858425545954;-0,002244677302918663;0,012952644607571978;0,001052506287152838;-0,002061600183710932
-0,008054871114124187;0,0023242747745790115;-0,001192171015765825;0,010891044423861046;-0,005917206604092118;-0,0012216936510288656
-0,00767844934125421;0,003464976614486681;-0,007109377619857943;0,00966935077283218;-0,00402361070753382;-0,0040493929581522925
-0,006866385791429791;0,004557991613763718;-0,011132988327391763;0,005619957814679888;-0,007595684469461017;-0,005459038693372345
-0,005667548210692085;0,005366631508246437;-0,01872867279685278;0,00016091912130754282;0,004259932276002049;-0,00469877651103251
-0,004243912317367184;0,0057299518696334855;-0,014468740520850731;-0,004537857389724967;0,007980687872103653;0,001956037090701121
-0,00281383965918998;0,005344125319146422;-0,006488052648747078;-0,002581820299023846;0,0017698569774527786;0,005118090720172545
-0,0015652812966017754;0,00437954914782533;-0,004718195671294299;0,0025362704211486994;0,004784786050073722;-0,0013507049337785834
-0,0004199957459745246;0,003155450870554355;6,659037877942281e-05;0,001185565487370116;0,004395029226027223;-0,003763072977055186
0,0008267406214986742;0,0017426247664316078;0,004461619604806646;-0,00257750748968507;0,006439580314182521;-0,004118728685312288
0,0021208996084666775;0,0003324622774600373;0,010901199918989166;-0,006696236174997358;-0,0003778111477487599;0,0029476554727243948
0,0033119582958472784;-0,0008992354273192671;0,010523388771240406;-0,0037485807022729634;-0,0029059706838213406;-0,002211839326502388
0,0042351675362279845;-0,001694885135339005;0,007617418087419066;-0,005960420028775351;-0,005906147505744724;-0,0065661316878367765
0,0050084335485177725;-0,0020695992925091264;0,0017112705816743415;-0,012526551716612128;0,0026210007707969316;-0,001157050912695079
0,005543282759656546;-0,0021396167261824852;0,004332271352471273;-0,013683602629307207;-0,003932765943626015;0,005276335086282405
0,005577069902130835;-0,0021411833365888706;0,00039950540884525765;-0,008407267543024802;-0,002063578018872081;0,013063871518459322
0,0050635129394328345;-0,0019694590928964048;-0,0016640726100268233;0,00465660397543452;-0,00039898933647463525;0,0030335750645510973
0,004213665275013843;-0,0017817546328501288;-0,0020630619465014585;0,007690179039985617;-0,002462390790727541;0,0017486898445621957
0,0035500817696122325;-0,0016606130772049256;-0,004525452737228999;0,009438868884547813;0,0023601321128341596;0,0002960827821168466
0,003194105425810046;-0,001621993999419781;-0,0021653206243948397;0,00973495166666466;0,0010052282100692228;-0,0003985361067210258
0,0032156838373897725;-0,0017643930311237964;-0,001160092414325617;0,009336415559943634;0,003076360892320565;-0,0005624888562316549
0,0036266603156360853;-0,001993404887803605;0,001916268477994948;0,008773926703711979;-0,0015952292957064282;-0,009168251580170164
0,004411093416280143;-0,0022688204410564387;0,00032103918228851974;-0,00039432487645818526;-0,002080518931628833;-0,0064272471366017825
0,00554648358507268;-0,002467585255189474;-0,0017594797493403133;-0,006821572013059968;0,003411214593859492;-0,005055251401898386
0,00666610075880689;-0,002653508502030969;0,0016517348445191787;-0,011876823414958354;0,002830586734965501;-0,0020570283830770864
0,0075128550520187016;-0,0029098109388460765;0,00448232157948468;-0,01393385179803544;-0,0023912136723959337;0,011345281922425926
0,007884536408632178;-0,0031000439818804166;0,002091107907088746;-0,0025885698756095143;-0,0041871401074791564;-0,00013926401628866492
0,007698863693324238;-0,0031109841617353697;-0,0020960322003904103;-0,0027278338918981793;0,002521834010982049;0,002916596154364154
0,007409648182991916;-0,0030382800253067727;0,0004258018105916389;0,0001887622624659746;0,003957247470111391;0,0005343716274668064
0,007011319316983668;-0,003049417176893792;0,00438304928070303;0,000723133889932781;-0,006340178898677759;0,0029568984332174475
0,006620540941474058;-0,0030435222560571463;-0,001957129617974729;0,0036800323231502285;0,0012218753726905562;0,0076255523752305765
0,00625868792156176;-0,002862305363992379;-0,0007352542452841726;0,011305584698380805;-0,0023719996482622074;-0,001452159190142327
0,006044036194575471;-0,002759373656646601;-0,00310725389354638;0,009853425508238478;0,002213419716403084;-0,002707255189363572
0,006281607855524414;-0,0026858521191121896;-0,0008938341771432962;0,007146170318874906;0,0006148568709887225;-0,0020225522285297615
0,0069133165368028965;-0,0027366207373196337;-0,0002789773061545736;0,0051236180903451445;-0,001429860459205859;-0,0002764485564553665
0,007830872030836374;-0,0028231427226128097;-0,0017088377653604325;0,004847169533889778;0,006225533654131699;-0,0029988927090739415
0,008953372248483658;-0,002920823800152169;0,004516695888771266;0,0018482768248158365;-0,0003283431770193246;-0,0077771660432281176
0,010269759247486535;-0,0030868583883059447;0,0041883527117519415;-0,005928889218412281;-0,001635900648276692;0,0002921320530439031
0,011660077319482043;-0,00307222514090887;0,0025524520634752496;-0,005636757165368378;-0,0013811847176191175;-0,001455952660629145
0,012813239822741062;-0,002890057785041718;0,001171267345856132;-0,007092709825997523;-0,0033560983935115862;0,001903287534527176
0,013740932039385343;-0,002605792346635556;-0,002184831047655454;-0,005189422291470347;0,0017662318432054638;0,0019733265175541637
0,014384915862989725;-0,0022746762143951486;-0,0004185992044499903;-0,0032160957739161833;-0,00234461346992839;-0,004910981845093143
0,014821322794935293;-0,0020309533240609593;-0,0027632126743783805;-0,008127077619009326;0,0017576336463037967;0,011589809571581733
0,015129085895924214;-0,0018039744019047697;-0,0010055790280745838;0,0034627319525724065;0,00038959162437267325;-0,006714134226410318
0,01511176589215276;-0,0016875239867237151;-0,0006159874037019106;-0,003251402273837911;0,00409955093059515;-0,0025181014185495787
0,015232955166484203;-0,0016112967326656442;0,0034835635268932394;-0,00576950369238749;-0,0003400067710287516;-0,002343526152575548
0,01522408834986213;-0,0015597089747556496;0,003143556755864488;-0,008113029844963038;-0,0010627611555622841;-0,0008523929187088108
0,014984441385544557;-0,0013687786757699252;0,0020807956003022036;-0,008965422763671849;-0,004175324779122998;0,008966155179770063
0,014420273227428464;-0,0010521061065496215;-0,0020945291788207945;7,324160982147276e-07;-0,003926310460651086;-0,00042605318736727016
0,013497488158765496;-0,0006522017133172297;-0,006020839639471881;-0,00042532077126905543;-0,0012811468876309596;0,009342287699955654
0,012574732386746456;-0,00033607848723766955;-0,0073019865271028404;0,008916966928686598;0,0003702115141863563;0,002764409739992757
0,011634963783876654;-0,00026078884673698464;-0,006931775012916484;0,011681376668679355;0,0017830770684261745;1,9715786376328648e-05
0,011051873858154317;-0,0004775786673204134;-0,00514869794449031;0,011701092455055684;-0,001151410077424437;-0,008211483728689128
0,010936038999179155;-0,0009716394884205015;-0,0063001080219147465;0,0034896087263665554;0,004295701499752655;-0,0044322542152657185
0,011288247838406219;-0,001671648227300202;-0,0020044065221620916;-0,0009426454888991631;0,004662062446126866;-0,0019932439955037684
0,011780041026687943;-0,0026236612870564925;0,0026576559239647746;-0,0029358894844029315;-0,0004940189890949992;-0,00782025238391132
0,012234128395413704;-0,0036558506076992663;0,0021636369348697754;-0,01075614186831425;0,0024176480487232282;-0,0005215383441959931
0,012570780184763345;-0,00458173369138345;0,004581284983593004;-0,011277680212510244;0,0006163311773496882;0,0004369758935839352
0,012477186299380418;-0,005421071297672842;0,005197616160942692;-0,010840704318926309;0,002360335059565649;0,004796697913505316
0,01193248520549708;-0,006077157504618513;0,007557951220508341;-0,006044006405420993;-0,002397646315321633;-0,0016214193248663966
0,01095415593885669;-0,006525339065126478;0,005160304905186708;-0,00766542573028739;-0,0004040827509559086;-0,0035693767701553414
0,009734066415999462;-0,006671202576814108;0,004756222154230799;-0,011234802500442731;-0,001530637361943421;0,009290363737595161
0,008207359863930737;-0,006610653892294271;0,003225584792287378;-0,0019444387628475696;-0,0037559611958426498;0,006036450214538067
0,006231261211844303;-0,0063598563216052005;-0,0005303764035552716;0,004092011451690497;-0,0001395563602203942;0,0024711620528602013
0,0041773850092439654;-0,005980035359224636;-0,0006699327637756658;0,006563173504550698;-0,0029258545302969508;0,0006602298568769288
0,002287189264711248;-0,005621429452986282;-0,0035957872940726165;0,007223403361427627;-0,0010709573574582132;0,005111827677391212
0,0006595204603605588;-0,005289620857298955;-0,00466674465153083;0,012335231038818839;-0,0008674367804547278;0,006309012140143476
-0,0006792122095330255;-0,0051016437533745315;-0,0055341814319855576;0,018644243178962315;0,0026308953075314667;-0,003670491219496582
-0,0015245356378738562;-0,005100336435511343;-0,002903286124454091;0,014973751959465733;0,0032947062788992176;-0,011816183294189545
-0,0016240893390561941;-0,005320396374927575;0,0003914201544451268;0,003157568665276188;0,00044253426986895494;-0,005820184722134202
-0,001124692961859903;-0,005656587759321972;0,0008339544243140817;-0,0026626160568580144;0,002444980980411765;0,003830562637402994
-0,0004989938380525641;-0,005977122337538563;0,0032789354047258468;0,0011679465805449797;0,00016542342304437518;-0,006949532759010019
2,0200643480454173e-05;-0,006264298738782591;0,003444358827770222;-0,00578158617846504;-0,0018949343422799692;-0,00043580914169099455
0,0005861129882352716;-0,006420317723837585;0,0015494244854902528;-0,006217395320156034;0,0007033359677111051;-0,0020011448289210254
0,0009207618858514874;-0,0064385623557817705;0,002252760453201358;-0,00821854014907706;-0,004462265010482247;0,005026504988766528
0,001006714970661462;-0,006394830008306346;-0,002209504557280889;-0,0031920351603105315;-0,0022733653157743505;0,005235042748084954
0,000763926449508354;-0,0062609872427028665;-0,00448286987305524;0,0020430075877744223;0,0010062430064841643;0,0015444479110322045
0,0003934565219428247;-0,006215524659390623;-0,0034766268665710753;0,003587455498806627;0,0018980379816649628;-0,0034971978035242338
0,00010470689788827245;-0,00634937687100059;-0,0015785888849061125;9,025769528239313e-05;0,003469537655779925;-0,0043398723633748856
-4,054450621401477e-05;-0,006622294157273399;0,0018909487708738126;-0,0042496146680924924;-0,0003218381700503814;-0,0012649517509860826
-0,00018218560250500625;-0,006958354998942452;0,0015691106008234312;-0,005514566419078575;0,003771706523330892;-0,0022388698407955496
-0,0004938112855196974;-0,007218777889776554;0,005340817124154323;-0,007753436259874125;-0,0012381901433090037;0,004096804632538354
-0,0010260196252975316;-0,007416436356577717;0,00410262698084532;-0,0036566316273357706;-0,003766793721829198;0,004808833684378237
-0,0018683654154703308;-0,0074004621384127075;0,0003358332590161217;0,001152202057042466;-0,0025642744662110195;0,0030084774739787476
-0,0028569764707365606;-0,007220382841013886;-0,002228441207194898;0,004160679531021214;-0,0028926666221631148;0,007441535096115948
-0,0037994994437210924;-0,0070268702132544195;-0,0051211078293580126;0,011602214627137161;0,004771817311867155;-0,004428703116542962
-0,004575595235464775;-0,006922495233782748;-0,0003492905174908578;0,007173511510594199;-0,0026875576417144664;0,001880466607504988
-0,0048876024421229715;-0,007022964567485398;-0,0030368481592053242;0,009053978118099187;0,0011044280076556168;-0,004254887650889674
-0,0049126691883574;-0,007137405521887682;-0,0019324201515497075;0,004799090467209513;0,004389680792449502;-0,005078039804638584
-0,004575576809867861;-0,0073733204026581785;0,0024572606408997943;-0,00027894933742907135;-0,0010862444603157995;-0,0026325616796033097
-0,004046520812689941;-0,007686532089490664;0,0013710161805839949;-0,002911511017032381;-0,00146491692692996;-0,0023369771882361112
-0,0035286227890091843;-0,007901453350687157;-9,390074634596512e-05;-0,005248488205268492;0,002189662942324866;0,0057287693686681185
-0,0031271852060097225;-0,008061533964660292;0,002095762195978901;0,00048028116339962623;-0,004934884764663139;-0,0003645839233811232
-0,002935687151221001;-0,008225370608487263;-0,002839122568684238;0,00011569724001850301;0,005778281818047154;0,0011867843310664622
-0,002724977849896294;-0,00830537676447508;0,002939159249362916;0,0013024815710849652;1,873988163600404e-05;-0,002818521970734622
-0,002509640658970847;-0,008498947823210265;0,00295789913099892;-0,0015160403996496569;-0,0019566079658911717;0,0004955644628087882
-0,0022422042052020015;-0,008574952511970935;0,0010012911651077483;-0,0010204759368408686;0,011289211067102123;0,0051604443353735555
-0,002035409367419142;-0,008532641235491648;0,012290502232209871;0,004139968398532687;-0,008575031794385124;-0,001828016976054496
-0,0018694335671099174;-0,00845027831240805;0,003715470437824747;0,002311951422478191;0,005552646760165869;-0,0017393197271721415
-0,0015378590308593855;-0,007876295300036057;0,009268117197990616;0,0005726316953060494;-0,007636086979639661;0,00037035365611453805
-0,0011138064377097256;-0,007153693470151075;0,001632030218350955;0,0009429853514205874;0,00034725466554158535;-0,00026046274249054077
-0,0006668485767478239;-0,0060603669523464675;0,0019792848838925403;0,0006825226089300467;0,0029373599038078693;-0,0016791438985182573
-0,00018217130172909875;-0,004901759225807822;0,00491664478770041;-0,0009966212895882107;-0,012788867154559822;-0,0004289724793733671
0,0003298068776468283;-0,0036639801039134758;-0,007872222366859413;-0,0014255937689615777;0,004784761202594405;-0,0016884704437737652
0,0008019202054392268;-0,0022295351905111125;-0,0030874611642650075;-0,003114064212735343;-0,0052546574533611674;0,009070575116905927
0,0012170097824731625;-0,0011099791717831258;-0,008342118617626175;0,005956510904170584;0,002884458618844272;-0,0023217205163531887
0,0015075367909976843;-0,00011392159962573937;-0,005457659998781903;0,003634790387817395;-0,0006811331989692651;-0,0017634426061243005
0,0020363242356890294;0,0005484512278266;-0,006138793197751168;0,0018713477816930946;-0,00025945081697006066;0,004634647492751207
0,0027105032958930704;0,0009925176553276633;-0,0063982440147212286;0,006505995274444301;0,004705892431662993;-0,005968958790793288
0,003459536267364835;0,0011910323549186798;-0,0016923515830582353;0,0005370364836510128;0,001455089364642139;-0,0006077058495758819
0,004468809049814372;0,0011336172939208473;-0,0002372622184160962;-7,066936592486917e-05;-0,0041217240338300865;-0,007672354147543553
0,005499563291609949;0,0010085081696006852;-0,004358986252246183;-0,007743023513468422;0,006084946898677782;0,0005525779767746875
0,006527490758768532;0,0008739085565438794;0,0017259606464315996;-0,007190445536693735;0,0012806337823892885;-0,0008068884460413761
0,007245697285388378;0,0005649494933972262;0,003006594428820888;-0,007997333982735111;-0,001536165618303097;0,001478339298009279
0,007676285990540473;0,000325028856107837;0,001470428810517791;-0,006518994684725832;-0,0033030005533963265;0,002341222654069053
0,007786981336383165;0,0002053719959712834;-0,0018325717428785354;-0,004177772030656779;0,002160505506803001;0,005530888148640112
0,007636916894836824;0,00014453228825544139;0,00032793376392446566;0,0013531161179833329;0,004115809950082979;-0,002590267717172856
0,007319741572064211;1,0389710824457968e-05;0,004443743714007444;-0,0012371515991895232;-0,0024151589284952006;-0,0009899208032268236
0,007056690894010932;-0,00011063551604954683;0,0020285847855122437;-0,002227072402416347;-0,004020241936318846;-0,0005544103804189238
0,006744154151990072;-5,391099436325385e-05;-0,001991657150806603;-0,0027814827828352706;0,006164192407436559;-0,0026466137510129384
0,006342534513872558;8,39569187435289e-05;0,004172535256629957;-0,005428096533848209;-0,0006803189915160282;0,0017097693065162428
0,005829655564441633;0,00014215854581804753;0,0034922162651139285;-0,003718327227331966;-0,0062004196659282435;-0,0006787175295958625
0,005099652753656779;0,0003672615831577644;-0,002708203400814315;-0,004397044756927829;0,003011634609143006;0,002649597779983179
0,0042209168537786475;0,0007320532711020385;0,00030343120832869094;-0,00174744697694465;-0,0032904783440457844;0,006261833164464499
0,003166299163623402;0,0009885168230137399;-0,0029870471357170934;0,004514386187519849;0,0007802557787063812;0,002183537828744586
0,0020417835943903713;0,001257117623258589;-0,0022067913570107123;0,006697924016264435;-0,0026865731604263157;2,1481304460644474e-05
0,001097843472658134;0,0014062365380747544;-0,004893364517437028;0,00671940532072508;-0,0009292939469901923;4,606376553200134e-05
0,00042182031157647425;0,0014670837986104912;-0,00582265846442722;0,006765469086257081;0,005594288094691464;-0,004457536983075102
1,4573363323817738e-05;0,0013321964784487469;-0,0002283703697357562;0,0023079321031819785;0,0011799224642419642;-0,00011101553951954309
-0,00012205482147855556;0,0009644028197099139;0,000951552094506208;0,0021969165636624354;0,001305434950732048;-0,005416012647034041
-0,00016636572215364973;0,0005874743461816506;0,002256987045238256;-0,003219096083371606;0,0032407128898467967;-0,0005409034988891992
-0,00012279996028224645;0,0002486079564336356;0,005497699935085053;-0,003759999582260805;-0,0019559675504090533;0,0018454202533728877
-0,0002079980417457074;2,1048495150825797e-08;0,0035417323846759995;-0,0019145793288879174;-0,0007865704679612304;-0,001398051254871674
-0,0004435961064996006;-2,8657862039931808e-05;0,002755161916714769;-0,0033126305837595914;0,0030922472289332346;0,003746508878701654
-0,0007557773444090104;8,433252281202556e-05;0,005847409145648004;0,0004338782949420625;-0,0016656704545901253;0,005961043567582831
-0,001200463805668804;0,00030752938433257365;0,004181738691057878;0,006394921862524893;-0,0007901988158817604;0,006797078287568769
-0,0016277951351309152;0,000764622611679042;0,003391539875176118;0,013192000150093662;-0,007342862196339277;0,0023926202707215335
-0,0017993295900920305;0,0013889853866678255;-0,003951322321163159;0,015584620420815196;-0,0013315077711329032;-0,001405482861877666
-0,0014431840390493993;0,0021490097566636535;-0,005282830092296062;0,01417913755893753;0,0007047280801278644;-0,00239074532485907
-0,00046365367117416015;0,0027509812338129555;-0,0045781020121681976;0,01178839223407846;-0,0008268170080596299;-0,0037381779219066505
0,0010830421990585802;0,0031416395072704144;-0,0054049190202278274;0,00805021431217181;0,0009821152493840607;-0,00477633454765692
0,0031012737586544586;0,003349173700241146;-0,004422803770843767;0,0032738797645148893;-0,0006919099007249296;-0,012199384888452222
0,00544151389073721;0,0033405111324027645;-0,005114713671568696;-0,008925505123937333;0,000657093381741608;-0,005822206916468564
0,007912709213400556;0,003154936413730632;-0,004457620289827088;-0,014747712040405897;0,006190810319259936;0,003522919719134626
0,01002688433110641;0,0027647731481957516;0,0017331900294328476;-0,01122479232127127;0,0005746359701663539;0,0013661493271899805
0,011551150967196028;0,002196305071067788;0,0023078259995992015;-0,00985864299408129;-0,0027601560766844953;0,0015313784232376948
0,012626425910434794;0,001697164595117138;-0,0004523300770852938;-0,008327264570843596;0,00036186440487687155;0,001029294660472524
0,013307355133910308;0,0012903371591504562;-9,046567220842225e-05;-0,007297969910371072;0,0010369135565836025;0,003119293335734019
0,01365519377455208;0,0008654165201003627;0,0009464478843751803;-0,0041786765746370524;-0,0022261300286028074;0,004650229472610901
0,013711113618779008;0,0004368772541619322;-0,001279682144227627;0,00047155289797384814;0,0001717920637600151;-0,002999767268255793
0,013599886400020455;4,619590359850891e-05;-0,001107890080467612;-0,002528214370281945;0,0023161965547484585;-0,0013947305933991183
0,013507521297180853;-0,0003956727327340194;0,0012083064742808465;-0,003922944963681063;0,0027023507525323273;-0,00026974721630629306
0,013314027619529977;-0,0008818569722852522;0,003910657226813174;-0,004192692179987356;-0,0011274902243701458;-0,0020048561555767175
0,012963616143331856;-0,001319708952865251;0,002783167002443028;-0,006197548335564074;0,0024085366156890164;-0,0005537429832109808
0,01244549697993424;-0,001601134644372723;0,0051917036181320445;-0,0067512913187750545;0,003755495037483167;-0,001112460852460112
0,011679475883114064;-0,001771233655782474;0,008947198655615211;-0,007863752171235167;-0,0007858999968642817;0,005636239398747633
0,010643403133542884;-0,0017336645224669432;0,00816129865875093;-0,002227512772487533;-0,0037434106896039737;0,0032730529325923907
0,009292780297122298;-0,0013382074429268039;0,004417887969146956;0,0010455401601048575;-0,0046022300470120354;-0,0022744323708572267
0,00785305694980221;-0,0006162984170366272;-0,0001843420778650795;-0,0012288922107523692;-0,0025157033251359574;0,006120498980164341
0,006455155208886316;0,0002823261276194277;-0,002700045403001037;0,004891606769411971;-0,0039449531994457734;0,006594816882582413
0,005008097779540328;0,0011735769891608793;-0,00664499860244681;0,011486423651994385;-0,004233275655004736;0,004889578400938954
0,0037567046209708186;0,0019568260345822893;-0,010878274257451546;0,01637600205293334;0,0032368302448453276;-0,009300618460112264
0,002964768408481085;0,002474275135905827;-0,007641444012606219;0,0070753835928210745;-0,002006637640190441;-0,006158883127118722
0,002827872278108685;0,002556593266931303;-0,00964808165279666;0,0009165004657023523;0,009181888576936626;-0,0012886839556663365
0,0029739914914491275;0,00233325363745253;-0,0004661930758600337;-0,0003721834899639842;-0,003403694166255182;-0,003451958656245799
0,003156770723417664;0,0017239907418618908;-0,0038698872421152157;-0,003824142146209783;0,008275008840354592;-0,0003170008866727886
0,0033246626157876413;0,0010960801232368501;0,004405121598239376;-0,004141143032882572;0,002637381677959523;-0,007866072277518829
0,0033395888223092273;0,0003133740149272009;0,007042503276198899;-0,0120072153104014;-0,00020235250388893518;0,0061205721956110945
0,0031888693075155104;-0,0002931272294528734;0,006840150772309964;-0,005886643114790306;0,004593918158828168;0,006427252299704939
0,002557861180305738;-0,0006179283427849917;0,011434068931138132;0,0005406091849146331;-0,0068163540511749585;0,006310598727572503
0,0016913873285043526;-0,0006691234252247113;0,004617714879963174;0,006851207912487136;0,00288107486970891;0,00023096258236289177
0,0008465378440995529;-0,00026295575041890577;0,007498789749672084;0,007082170494850028;-0,0042211669075095;-0,00496245017088902
0,0002757366761942386;0,0003279205195854268;0,0032776228421625836;0,0021197203239610076;-0,004851630350466964;0,004202693648884471
-1,1777671917074638e-05;0,0012187483795766427;-0,00157400750830438;0,0063224139728454785;0,00013130129069584967;-0,0017589630451606102
-0,00021450320706994756;0,002240681153254362;-0,0014427062176085304;0,004563450927684868;-0,003334265489326721;-0,008619530562822136
-0,00016433218330900133;0,003199653626599906;-0,004776971706935251;-0,004056079635137268;-0,0011073731993702512;0,0009935646032018224
6,837687755933963e-05;0,004100917851241109;-0,0058843449063055026;-0,0030625150319354456;0,00025985791699481564;0,003956394867678801
0,00013884275302218987;0,004811103207604902;-0,005624486989310687;0,0008938798357433549;0,001296874438339854;0,005197215958319601
8,680802720762229e-05;0,005285914767716474;-0,004327612550970833;0,0060910957940629555;0,0028064944452346474;-0,003514913591644646
7,05284948227889e-05;0,00553574684825562;-0,0015211181057361856;0,0025761822024183093;-0,0007539603518894877;-0,00654053632056705
0,00029789279420047374;0,005612474426755931;-0,0022750784576256733;-0,003964354118148741;0,002683127381505085;0,004080387771909586
0,000628304381674891;0,005628357281026796;0,0004080489238794116;0,00011603365376084557;0,00012090794464625354;-0,0012271185669369168
0,0008001418044233585;0,005553236996992633;0,0005289568685256651;-0,0011110849131760712;-0,0002782139012640905;0,001761862782879816
0,00097662057332226;0,005494438669913647;0,00025074296726157463;0,0006507778697037447;0,0010600721206079078;-0,0025803912069166414
0,0011086559456941186;0,005456798617575687;0,0013108150878694824;-0,0019296133372128967;-0,006463552601353256;-0,0014029942026544846
0,0012667224328541267;0,0054291882839281914;-0,005152737513483774;-0,0033326075398673813;-0,00012190386625687832;0,003085390319794868
0,0013476043865256193;0,005454010553795474;-0,005274641379740652;-0,00024721722007251326;0,004199777374155417;0,0005695828700980343
0,0012951820386024166;0,0052727233231234065;-0,0010748640055852354;0,00032236565002552106;-0,0038658862775728803;0,0025861273115229816
0,0012328710018763133;0,004880450437261712;-0,004940750283158116;0,0029084929615485026;0,0039718820171283364;0,0004783511497588322
0,0011834545911512308;0,0044451829911766085;-0,0009688682660297793;0,003386844111307335;-0,0014508997911683794;0,0028719734385919717
0,0012503778988880885;0,0038122855337651804;-0,0024197680571981586;0,0062588175498993065;0,008781586043800714;0,0025206659302282677
0,0014527749710772394;0,003140633345712561;0,006361817986602555;0,008779483480127574;-0,0025973745877429025;0,004342764591146034
0,001905524745262363;0,002372190435372015;0,003764443398859653;0,013122248071273608;-0,004466093481775089;-0,005018290341028735
0,002709453858652589;0,0018582202444955714;-0,0007016500829154365;0,008103957730244873;0,0035810009966883924;-0,0006237984789689149
0,00403827289489376;0,001494827789573514;0,002879350913772956;0,0074801592512759585;0,0009192237294219259;-0,009738403679373814
0,005691250240344725;0,0011033693313348392;0,0037985746431948818;-0,0022582444280978553;-0,0024777639043727477;-0,007736943768744592
0,00764343395584673;0,0008270849096470826;0,001320810738822134;-0,009995188196842447;-0,0014014579687983905;-0,0063984229049637575
0,009505287894224819;0,0007027434736871212;-8,064722997625645e-05;-0,016393611101806205;0,0018371719596594806;0,0024134608988017336
0,010967334304729211;0,0006312344672800452;0,0017565247296832242;-0,013980150203004471;0,004213114389034061;0,006960235968860251
0,011773636271161354;0,0005564995716739189;0,005969639118717285;-0,00701991423414422;-0,0023659294356684017;-0,0007896257345649249
0,012020732229473318;0,0005520256652551216;0,003603709683048883;-0,007809539968709145;0,0024807945753917583;0,004576421639051864
0,011987031618419516;0,0007863373235850158;0,006084504258440641;-0,0032331183296572807;-0,003486376715742888;0,00439394630024309
0,011640949408617346;0,0011647973692368652;0,0025981275426977535;0,0011608279705858093;-0,0031654843938680247;0,00217732505641971
0,011165542465628883;0,0017866375852263403;-0,0005673568511702712;0,0033381530270055193;-0,0032797232376130595;-0,0018207860736256798
0,010736568641463856;0,0025124029029237258;-0,0038470800887833306;0,0015173669533798395;-0,0030731269610298206;-0,002110191281159718
0,010441120938379046;0,0032154739465743;-0,006920207049813151;-0,0005928243277798784;-0,0005920621820159205;0,0007770273886800183
0,010206367913429432;0,0037646617866735413;-0,007512269231829072;0,00018420306090013994;-0,003538498070251611;-0,0010984489308367151
0,009947901915368623;0,004037041344780256;-0,011050767302080683;-0,0009142458699365752;0,00862612210516324;-0,00657017763005785
0,00969680403974382;0,004008930133613808;-0,0024246451969174437;-0,007484423499994425;-0,0012572268653285798;-0,0015617008498133578
0,009409136329321553;0,0035387882303641333;-0,0036818720622460235;-0,009046124349807783;0,002767308059167313;0,002478619634443874
0,008822091678899508;0,0029716605192377605;-0,0009145640030787106;-0,006567504715363909;9,713667873725157e-05;0,00023284994334654696
0,007873202054485154;0,002257257925621547;-0,000817427324341459;-0,006334654772017362;0,0033723301918313388;0,0031673944482916577
0,006661612241456242;0,0015062727718821846;0,00255490286748988;-0,003167260323725704;-0,0019283071153491718;0,001167063207605533
0,005196636237546636;0,000722590525169164;0,000626595752140708;-0,002000197116120171;0,0005803185445355363;0,0021772241708471612
0,0036049698206880015;4,1104393155738574e-05;0,0012069142966762442;0,00017702705472699004;0,0023712660441708062;0,0023169224134517163
0,0019332955191845606;-0,0006153179087720585;0,0035781803408470505;0,0024939494681787064;0,0031654988110097915;0,002745966948852707
0,000268702299870199;-0,0012234636388328058;0,006743679151856842;0,005239916417031414;-0,0030318178984902883;-0,0006783833595527186
-0,0012961329407170142;-0,001688482155259671;0,0037118612533665538;0,004561533057478695;0,003773034015120441;0,0005477864473579092
-0,002651371524622971;-0,0018837535056122625;0,007484895268486995;0,005109319504836604;-0,0027715449451842233;-0,0015468253883098443
-0,0038241487862297795;-0,001930550405830192;0,0047133503233027715;0,00356249411652676;0,0010320110682503665;0,006841879799771092
-0,004792553267643124;-0,0016779514953086418;0,005745361391553138;0,010404373916297852;-0,005224358324591234;0,001513223539821154
-0,005618457984395399;-0,0012368185718549805;0,0005210030669619038;0,011917597456119006;-0,003298579596441897;-0,003170715520311701
-0,006028187744495759;-0,0005658711927391937;-0,002777576529479993;0,008746881935807305;0,004283692170673762;-0,0022745200484552974
-0,005961213606351359;0,0001259163090550692;0,0015061156411937688;0,006472361887352007;-0,006048452334452533;-0,004011466936187591
-0,0055443641907746664;0,0007066007496701323;-0,004542336693258764;0,0024608949511644163;0,0006107045998150276;-0,0008423359481530557
-0,004868620299703894;0,0013475298159329463;-0,003931632093443736;0,0016185590030113606;0,0012633253091097404;-0,0031943144644412252
-0,004094440610586545;0,0018067654144654096;-0,002668306784333996;-0,0015757554614298647;0,0020295175202800844;-0,0010757941854905653
-0,0032555185613487416;0,0021087357292601237;-0,0006387892640539114;-0,00265154964692043;-0,0016625617924801717;-0,0009279545268508008
-0,0024796267305681324;0,002303973772681478;-0,002301351056534083;-0,0035795041737712308;-0,004342417683988242;0,0007440264941185742
-0,0018097968856643407;0,0024736602455406754;-0,006643768740522325;-0,0028354776796526565;0,006188220297684038;0,0014012527042956639
-0,001283147207711398;0,00255129267613851;-0,00045554844283828694;-0,0014342249753569927;-0,0034670289889387126;0,002823495385893479
-0,0008699166369445619;0,002363174357115451;-0,003922577431777;0,0013892704105364865;0,0008668751976885561;-0,0025693879166089548
-0,0005140550651920052;0,002156834100378861;-0,0030557022340884435;-0,0011801175060724683;-0,0030158952118461008;0,0028647725083071167
-0,00010262267701798922;0,0017935907463711906;-0,006071597445934544;0,0016846550022346484;0,005708622164886178;-0,0035855018804200247
0,0002616050109131281;0,0013081193029999827;-0,0003629752810483666;-0,0019008468781853763;0,0017301337527769363;-0,003549620561569506
0,0006932188989336313;0,0005797839617913931;0,0013671584717285697;-0,005450467439754882;0,004763843016482781;-0,00011441698170798487
0,0010487989118267195;-0,00016307039065913131;0,00613100148821135;-0,005564884421462867;0,005140422898344186;9,421382312278445e-05
0,0011863602271296124;-0,0008512384042405128;0,011271424386555536;-0,005470670598340083;0,0007282438660680263;0,0018987206633050858
0,0011013261655739906;-0,0012941663582934405;0,011999668252623562;-0,003571949935034997;-0,0013579840536296628;-0,0032798736073404583
0,0007974652800847655;-0,0012862373368841464;0,0106416841989939;-0,006851823542375455;-0,0028713775153012197;0,0036133726717494773
0,0003507263971941405;-0,0007983215853699102;0,00777030668369268;-0,003238450870625978;-0,0028786763496756115;0,0023560086834290977
-0,00037008542739150275;0,00011526153410408232;0,0048916303340170685;-0,0008824421871968802;-0,002469543500906137;0,004233862465921431
-0,001220435286802185;0,001339656920925782;0,0024220868331109313;0,003351420278724551;-0,005079322250865784;0,002629428481764659
-0,0021060828337007426;0,0027597175211081645;-0,0026572354177548524;0,00598084876048921;-0,0001514491294655751;-0,0029220951595838457
-0,002857673569450318;0,004276661594614984;-0,0028086845472204275;0,0030587536009053645;-0,002839293883226665;-0,00547903431639947
-0,0033700303547803253;0,00568731625141161;-0,005647978430447093;-0,0024202807154941053;0,001727076955056639;-0,00017279969175137966
-0,0037600369960741177;0,0069856235263194184;-0,003920901475390454;-0,002593080407245485;0,0018884345779773826;0,004910806558012834
-0,004246854865987674;0,008058011664009343;-0,002032466897413071;0,002317726150767349;0,0013754999988508931;0,001449084398536235
-0,00483739595219105;0,00897356374268365;-0,0006569668985621779;0,003766810549303584;-0,0037467939632287173;-0,0016420583637562491
-0,0053352279923637325;0,009807817145461433;-0,004403760861790895;0,002124752185547335;0,001631523604210039;-0,0003399558481076703
-0,0056823876105642716;0,010615791872296729;-0,0027722372575808563;0,0017847963374396647;-0,0051373496896175985;0,005025802883286162
-0,005944557141342917;0,01124761616466039;-0,007909586947198455;0,006810599220725827;-0,0009404506195699325;0,0015704294891306647
-0,006135334818623975;0,011768550966720817;-0,008850037566768387;0,008381028709856492;0,0024257148897805503;0,0007642199818251039
-0,006053688527076001;0,011973102290893305;-0,006424322676987837;0,009145248691681596;-0,0017618649860915991;-0,00598677523614527
-0,005636801087133767;0,011823652112395059;-0,008186187663079436;0,003158473455536326;0,005038189269910315;-0,009853823035911521
-0,0048541036995242695;0,011417229026817298;-0,0031479983931691213;-0,0066953495803751956;-0,0022145328795165065;0,008280945668994427
-0,0039450673736933185;0,010683358434716359;-0,005362531272685628;0,0015855960886192316;0,007205084770217557;0,0026237949349675535
-0,003303845031077375;0,009823567906888656;0,001842553497531929;0,004209391023586785;-0,002425784037876688;-0,004146720147401712
-0,002599198844916663;0,008749276128153528;-0,0005832305403447591;6,26708761850732e-05;0,0007527763479079075;-0,000876131739384136
-0,0017261770178124793;0,007748686489319677;0,0001695458075631484;-0,0008134608631990628;0,00034093401572030113;-0,006167381247436935
-0,0008506483556608927;0,0067247676288720365;0,0005104798232834495;-0,006980842110635998;-0,0020769040100606095;0,004831023503554004
-7,658128037268681e-06;0,0057076306007269205;-0,00156642418677716;-0,0021498186070819936;0,0018037049150716883;-0,0031880273893340194
0,0005560984151609155;0,004710912765513144;0,0002372807282945283;-0,005337845996416013;-0,0014418218906518607;-0,00618745019864746
0,00103386221407582;0,0036515379628282796;-0,0012045411623573324;-0,011525296195063473;0,007436550774179495;0,0030286082573268876
0,0012981121731340838;0,0026016543892751973;0,0062320096118221625;-0,008496687937736586;-0,0016628686983307106;0,004689046398471359
0,0011013502843898089;0,0015035891692278213;0,004569140913491452;-0,0038076415392652267;-0,003612743957993332;0,0087729973636091
0,0005647208781360705;0,0006548043336533317;0,0009563969554981198;0,004965355824343874;0,0041002678350946335;0,002970148339477856
-0,000124214189688277;-1,1214865381499592e-05;0,005056664790592753;0,00793550416382173;-0,0021585118385982274;-0,0026985627123754154
-0,0006145350245388696;-0,0006389781861964061;0,002898152951994526;0,0052369414514463145;-0,00033044762214573184;0,005707398695617151
-0,000787435692836593;-0,0010644749153876025;0,002567705329848794;0,010944340147063466;-0,005370427959609205;-0,003391352795465298
-0,0007508587030764637;-0,001374045526499018;-0,002802722629760411;0,007552987351598168;0,0020321155439056784;-0,0008865959346590242
-0,00027650810743379576;-0,0015809079244164814;-0,0007706070858547326;0,006666391416939144;0,0012657948914817502;-0,007621527212876213
0,0004999619822727988;-0,0018998792275243615;0,0004951878056270176;-0,000955135795937069;-0,0014613911968044124;-0,0007885430343376187
0,001543087728656959;-0,0022496748140664307;-0,0009662033911773948;-0,0017436788302746878;-0,0016551688928996278;0,0004826823910819636
0,002548008043203637;-0,0025796628883834197;-0,0026213722840770226;-0,0012609964391927242;0,00497673524820029;0,00022380207776175054
0,003483181204539327;-0,002948299098347504;0,002355362964123267;-0,0010371943614309737;0,0008478830966944656;-0,001479927165312686
0,004367914508307308;-0,0034217901996746692;0,0032032460608177327;-0,0025171215267436597;0,0020112452881905774;0,00045913207801479006
0,0052111600376180504;-0,003801066782436904;0,00521449134900831;-0,0020579894487288697;-0,000569942315069627;-0,0011814168210979303
0,005953720705859046;-0,004052213522766429;0,004644549033938683;-0,0032394062698268;-0,0032664662696649666;0,006272679349434096
0,006613961796150886;-0,004094780609135622;0,0013780827642737165;0,003033273079607296;-0,0012103834469312513;-0,0014653733612938202
0,007144626635649656;-0,003951565734147268;0,00016769931734246513;0,0015678997183134757;-0,004345208688532262;-0,0004473107046575331
0,007796622398332716;-0,0037532275485879646;-0,004177509371189797;0,0011205890136559427;0,0015698039236282518;-0,003861530360739218
0,008511334149748317;-0,003548181390334963;-0,002607705447561545;-0,0027409413470832755;-0,0036225445732287337;-0,0012664565428484875
0,009270869461710154;-0,003510235606929553;-0,006230250020790279;-0,004007397889931763;0,0029751027046890505;0,002366592891277386
0,00992076711978866;-0,0035765980414266055;-0,0032551473161012284;-0,0016408049986543771;0,0012668316292870352;-0,005869059568167523
0,010410368862269898;-0,0038921704767552684;-0,0019883156868141932;-0,0075098645668219;0,006375677802913093;-0,0037471585623042314
0,010834338404804958;-0,004337948804727981;0,0043873621160989;-0,011257023129126131;-0,00143734599551619;-0,0026698520124269765
0,010957913364667142;-0,004863259760173261;0,0029500161205827102;-0,013926875141553108;-9,579275364288153e-05;0,0038939703696524997
0,010631207399364281;-0,005213076230974585;0,0028542233669398287;-0,010032904771900608;-0,0013845221844014377;-1,2937291744175017e-05
0,009747426428399297;-0,0054448920569526;0,001469701182538391;-0,010045842063644783;0,0002450006261851545;-0,0017048493835978562
0,008462329266558289;-0,0055625389482530235;0,0017147018087235455;-0,01175069144724264;-0,0012780691377840825;0,010221424301782661
0,006775398422171488;-0,00562139779225191;0,000436632670939463;-0,0015292671454599782;0,0009351825423031812;0,0070924075169715925
0,0046184399198949825;-0,005611668563901855;0,0013718152132426442;0,005563140371511614;-0,003570871413881682;0,0069622882351823845
0,0024003107318000773;-0,005584474028714222;-0,002199056200639038;0,012525428606693999;0,0013153178224413198;-0,0004722691000495216
0,0004047071585656368;-0,005502406884996882;-0,0008837383781977182;0,012053159506644477;0,001888692811259196;0,0009463071440179993
-0,0010898792704010438;-0,005508301989305104;0,001004954433061478;0,012999466650662476;0,00047778828487601843;-0,0007869235201186861
-0,0021023393191019453;-0,005549546628741236;0,0014827427179374963;0,01221254313054379;-0,006104225149588971;-0,006658692939198858
-0,002594820701776348;-0,005550593090854907;-0,004621482431651475;0,005553850191344932;0,004454440545812094;-0,002097147855860272
-0,002598800359228998;-0,005492329844251079;-0,00016704188583938073;0,00345670233548466;0,001750705333518815;-0,00897085009881432
-0,0023806260090278517;-0,00561892589491331;0,0015836634476794342;-0,00551414776332966;0,005871285733663051;-0,00023818521176891677
-0,0020241835654073188;-0,0057522036210091165;0,007454949181342485;-0,005752332975098577;-0,0002035525627553103;-0,006603231826093819
-0,0018883070323199723;-0,005822134809197746;0,007251396618587175;-0,012355564801192397;-0,003556383921273429;0,004756584436798397
-0,0019825238182365687;-0,005593868030132675;0,003695012697313746;-0,007598980364393999;0,0030525781417960612;0,0051536194365821505
-0,002570963196200861;-0,0050755453863241175;0,006747590839109807;-0,0024453609278118488;-0,00041455741261004625;0,0005626002785453499
-0,0034633617887409136;-0,00440942223462301;0,006333033426499761;-0,0018827606492664989;0,00024097760043532979;0,009986947909598434
-0,00445357481839344;-0,00347339544935751;0,006574011026935091;0,008104187260331935;-0,0068311426743243794;0,004088901484398916
-0,005519098274016626;-0,0022840473270320204;-0,00025713164738928873;0,012193088744730851;-0,003118667594152913;0,0035516331731723916
-0,006260454239226535;-0,0008317387636291263;-0,0033757992415422017;0,015744721917903243;-0,0010522755651035318;-0,0006211167282502705
-0,00651408665464721;0,0006102845338781957;-0,0044280748066457334;0,015123605189652972;0,00506920818753942;-0,00891462307362835
-0,0061379301933517545;0,0019172758617238298;0,0006411333808936867;0,006208982116024622;-0,0004706865984361111;-0,009255086341534685
-0,005156829524470181;0,0030471441973036347;0,0001704467824575756;-0,003046104225510063;-0,0044669210497286505;-0,010605931282828322
-0,0039273695709476225;0,004202657868119187;-0,004296474267271075;-0,013652035508338385;0,0005583738313522796;-0,002015359578717152
-0,0028197537864454664;0,005364989410233042;-0,0037381004359187953;-0,015667395087055537;0,0005312760657532889;0,006898391828502423
-0,0022582194222768455;0,006355461981656055;-0,0032068243701655064;-0,008769003258553114;-0,0011786817903451374;0,006116557710181297
-0,0023233808615904464;0,007196410535642315;-0,004385506160510644;-0,0026524455483718165;0,0027584619029198953;0,000468250534581445
-0,0027393024312461715;0,007909086114821955;-0,0016270442575907484;-0,0021841950137903715;-0,0006205020054094734;0,002719833868052232
-0,00326132182283677;0,00844634144758117;-0,002247546263000222;0,0005356388542618606;-0,003893811114017126;0,004790238223062876
-0,0038707090149789824;0,008918515010036755;-0,006141357377017348;0,005325877077324737;0,008089759326531915;-0,0035795986501566818
-0,004458670652950721;0,00930078672197233;0,0019484019495145666;0,0017462784271680548;-0,0004828263015221046;-0,005946390759669615
-0,00483359720782947;0,009437404138827212;0,001465575647992462;-0,00420011233250156;0,0005882282865758148;-0,0013280625519697664
-0,005138672625621497;0,009651957633662675;0,002053803934568277;-0,005528174884471326;-0,002338517269434792;-0,0016996457742393112
-0,005611752536713586;0,009925134154417838;-0,0002847133348665154;-0,0072278206587106375;-0,001312864503715483;0,0018955870315716106
-0,006305959443184528;0,010280462832555733;-0,0015975778385819983;-0,005332233627139027;0,0025341614381461652;0,0009044166974885026
-0,0072892791760038956;0,010624402977298966;0,0009365835995641669;-0,004427816929650524;-0,0045274966541594686;0,003936475786338406
-0,008485888253908825;0,010904440008498918;-0,0035909130545953016;-0,0004913411433121184;-0,001505439653695373;0,006669860562625668
-0,009859610008999774;0,011221940383681439;-0,0050963527082906745;0,0061785194193135495;0,0012168423543371665;-0,0005968951738416772
-0,011252985409823208;0,011395804236680147;-0,003879510353953508;0,005581624245471872;0,0009084123607804306;0,004419395319801567
-0,0123992200338741;0,011365813981347228;-0,0029710979931730774;0,010001019565273439;0,0024441205669202826;0,006943605415327514
-0,013322189688106119;0,011180643311856168;-0,0005269774262527949;0,016944624980600953;-0,003849822131513636;0,0028919568990551925
-0,013845118559727199;0,010876628722638186;-0,004376799557766431;0,019836581879656145;0,0034795570653610164;-0,00471011207008154
-0,01369026243212424;0,010551535036370092;-0,0008972424924054145;0,015126469809574605;-0,0046251274190446945;-0,008704909777377895
-0,012741943029335037;0,01005136936779134;-0,005522369911450109;0,00642156003219671;0,008577382820211338;-0,0035123892796923573
-0,011188564834162848;0,009515313999516373;0,0030550129087612288;0,002909170752504353;-0,004954454655330037;-0,00029911058954443237
-0,009378324237702792;0,0087583638347834;-0,0018994417465688085;0,0026100601629599207;-5,2739614761376785e-05;-0,0065492636589498665
-0,007451716811142562;0,008123614186400877;-0,0019521813613301853;-0,003939203495989946;0,007913323542881212;-0,005295001232171345
-0,0054207069780639345;0,007412886868155602;0,005961142181551027;-0,009234204728161291;-0,0030783684083627028;0,001175862831994865
-0,003547265284824904;0,006624072295457119;0,002882773773188324;-0,008058341896166426;0,0029070508887412416;0,003134688575943189
-0,002043191780712326;0,006073703410020677;0,005789824661929566;-0,004923653320223237;-0,004545754501295629;-0,0011377986901427162
-0,0008614519524464052;0,005638645475511767;0,0012440701606339366;-0,006061452010365953;0,001348145150680935;-0,0030734179172823665
0,00012334174301058623;0,005435180527480041;0,0025922153113148716;-0,00913486992764832;0,002844636431021147;0,00020272422979720345
0,0008656773580529396;0,0052814783858736725;0,0054368517423360185;-0,008932145697851116;-0,006627434599681542;0,005191562344532587
0,0012426181759893603;0,005231464856719898;-0,0011905828573455235;-0,0037405833533185294;-0,0002625466811486954;0,004078673491600439
0,0012622731660117362;0,005398925397259565;-0,0014531295384942189;0,00033809013828190945;-0,0014039519623296193;-9,022917028522065e-05
0,001132304821901371;0,005518762623505411;-0,002857081500823838;0,0002478609679966888;0,0019232975413485398;0,0008959211491181285
0,0010158600833222822;0,005580474668211488;-0,0009337839594752984;0,0011437821171148173;0,000619205766560188;0,006064561539692294
0,0009093297834630609;0,005527903452884612;-0,00031457819291511036;0,007208343656807111;-0,0008584094606343684;0,002663311470397934
0,0008485507682884322;0,005437980879178723;-0,0011729876535494788;0,009871655127205045;-0,0001778393199683148;-0,0036355513631231157
0,001076105499386088;0,005335475177756231;-0,0013508269735177936;0,0062361037640819295;0,0005681901198318073;-0,006314904935663272
0,0016985264355719458;0,005186049970191758;-0,0007826368536859862;-7,880117158134275e-05;-0,0010719929408886247;-0,0017372189858327822
0,0025703915223210805;0,004982591683686575;-0,001854629794574611;-0,001816020157414125;-0,0013564681099946657;0,0011499492520866267
0,0034391045622069617;0,004747827923033952;-0,0032110979045692767;-0,0006660709053274982;0,0004555355289037333;-0,002796234791683297
0,004235176795796278;0,004438878970598344;-0,0027555623756655434;-0,003462305697010795;-0,0017882181357518068;-0,0067991854291896275
0,005004606193172494;0,0040014861019799655;-0,00454378051141735;-0,010261491126200423;0,005109515264301284;0,0008886703037889743
0,005635543362668279;0,0034538707383349647;0,000565734752883934;-0,009372820822411448;0,0007183886902543679;0,0005373516983941951
0,005856020887116046;0,0027245041542332702;0,001284123443138302;-0,008835469124017253;-0,00020480758847171363;0,0016471515155110777
0,005701585578667356;0,0020177669602469334;0,0010793158546665883;-0,007188317608506176;0,0010856027435088185;0,003809191687695057
0,005193731505257974;0,0013623947039861284;0,002164918598175407;-0,0033791259208111185;-0,006362200049219786;0,003750166343763836
0,004398344727508347;0,0007501950819119869;-0,0041972814510443796;0,00037104042295271755;0,0013094450660290635;0,0054493959887424795
0,003467792912926275;0,00022459220376486178;-0,002887836385015316;0,005820436411695197;-0,0011713373819700092;-0,0016794009624615733
0,002552082715262311;-0,00046890193242403856;-0,004059173766985325;0,004141035449233624;-0,0002258420908828225;-0,002482947883221783
0,0018691899740661553;-0,0012779095240135516;-0,004285015857868148;0,0016580875660118406;0,0014571834509252632;0,00329146643156953
0,0013519386508393445;-0,0022492840662824776;-0,0028278324069428845;0,004949553997581371;0,00651201636096016;-0,0036807037408838495
0,0009010108302530072;-0,0033920592428661293;0,0036841839540172755;0,001268850256697521;-0,0015514945148076276;0,001380463788777292
0,0006480651695699248;-0,004647947715727497;0,002132689439209648;0,002649314045474813;0,002529605462810433;-0,005890670984590436
0,00044587351915474323;-0,005756468830428173;0,004662294902020081;-0,003241356939115623;-0,0005038193048905182;0,0024586091877621613
0,0003496544305585542;-0,006779682367560463;0,004158475597129563;-0,0007827477513534615;-0,0042822209213283224;0,0037674222988474406
0,0001237810643977403;-0,00761640410861195;-0,0001237453241987596;0,002984674547493979;0,006065036462850448;9,9696101384876e-05
-0,00013340221181721212;-0,008286786825778256;0,005941291138651689;0,003084370648878855;-0,0061285740399885935;0,0026375516925218044
-0,00027119850613240536;-0,00896211935591251;-0,00018728290133690484;0,005721922341400659;0,004820221550960513;-0,0015471020004523446
-0,0002856199744924444;-0,009399800240500697;0,004632938649623608;0,004174820340948315;-0,0020677346530036944;0,0014185213994045926
-7,116454919645705e-05;-0,009844972441142361;0,0025652039966199136;0,005593341740352907;-0,00022604585635704888;0,0006198173271486085
0,00031028368973746285;-0,01010482709579908;0,0023391581402628647;0,006213159067501516;9,047175320259226e-05;-0,005399193306189978
0,0009154655982854991;-0,010262073590591003;0,002429629893465457;0,0008139657613115379;-0,006267106037468939;-0,0013011165472307414
0,001769173869533596;-0,010325753759772412;-0,003837476144003482;-0,0004871507859192034;0,0075497769483121036;-0,005800437179915026
0,0026554407712341545;-0,010292248733215202;0,0037123008043086214;-0,006287587965834229;-0,0025912490365837537;-0,002352901928832085
0,003522221641497945;-0,010412242752418132;0,0011210517677248677;-0,008640489894666314;0,0016188706597394797;-0,002395115087683114
0,004137498993128366;-0,010383744739448716;0,0027399224274643474;-0,011035604982349428;-0,0007138707727478988;-0,001439901335951746
0,004407156748972134;-0,010310404655770305;0,0020260516547164487;-0,012475506318301174;0,0021733343702804164;0,007366294348056135
0,004235390305521926;-0,01012746767499332;0,004199386024996865;-0,0051092119702450395;0,0044560583698091405;0,006027694235499474
0,0035646036093396703;-0,009863488628027679;0,008655444394806006;0,0009184822652544347;-0,006285270838893908;0,001967718850246592
0,0026894484343476127;-0,009431534140062162;0,0023701735559120973;0,002886201115501027;-0,0009755719886130332;-0,005674592986308496
0,001851032549965733;-0,008653361876304404;0,0013946015672990641;-0,002788391870807469;0,001357182990841893;0,0023650769275586625
0,0011280647102038942;-0,007780382670310163;0,0027517845581409572;-0,0004233149432488065;-0,004313221397289582;-0,0026463664483258216
0,00029356119560975665;-0,0068516194016239595;-0,001561436839148625;-0,003069681391574628;0,0033552161377635725;-0,0027055894325319317
-0,0005578749167143331;-0,005812784750612118;0,0017937792986149476;-0,00577527082410656;-0,003418580747251501;-0,00450270070755307
-0,001532098284701408;-0,004836407573166221;-0,0016248014486365536;-0,01027797153165963;0,0006032601800935317;0,004874595523484862
-0,0027373324856527453;-0,003788279223775726;-0,001021541268543022;-0,005403376008174768;0,0013856983025434325;0,004906510681260301
-0,004353685547870468;-0,0028051429323306936;0,0003641570340004105;-0,0004968653269144668;;
-0,0061861736504151815;-0,0018628682916273821;;;;
-0,008038536366036473;-0,000906027369564054;;;;
