x;y;acc_x;acc_y;jerk_x;jerk_y
-0,004078903629218287;-0,0015364035207100506;-0,00046120138595098087;0,008833135716982472;-0,003488685551015034;0,009255255575944178
-0,0030569417928513567;-0,0026950133383806087;-0,003949886936966015;0,01808839129292665;-0,006201690792442514;-0,003860544816286407
-0,0020534280119224656;-0,003500297727371868;-0,010151577729408529;0,014227846476640243;-0,0035854530021538315;0,0007867550329234765
-0,001207909708472215;-0,003582046464646061;-0,01373703073156236;0,01501460150956372;0,0037170294923127185;-0,0010332847428279196
-0,0007684545141983057;-0,0030946813428546446;-0,010020001239249642;0,0139813167667358;0,00015662024289991167;0,0024824895889114587
-0,0008784805491868908;-0,002006732160680679;-0,00986338099634973;0,01646380635564726;0,005984850063626319;-0,007984929227375287
-0,0013893066337454616;-0,00035953030783728154;-0,0038785309327234105;0,008478877128271972;0,0026866761685685123;-0,020614494341530093
-0,0022946679581580215;0,001946223799232006;-0,0011918547641548982;-0,01213561721325812;0,0028008193629738554;-0,015372514942160215
-0,003355170519879518;0,004591132991432173;0,0016089645988189571;-0,027508132155418336;0,010211216692605343;0,005147860860102049
-0,00446334727216721;0,0067506174951020145;0,0118201812914243;-0,022360271295316286;0,0031642138297977157;0,00972251090799775
-0,005507165440502144;0,0078097767125551235;0,014984395121222016;-0,012637760387318536;-0,007896322776125952;0,00980931880141836
-0,006078176357180106;0,00797452507819558;0,007088072345096064;-0,0028284415859001766;-0,0021174019313023873;0,0009477422853071682
-0,006049811469009188;0,007633763028343296;0,004970670413793676;-0,0018806993005930084;-0,004926687392077897;0,01098042210849176
-0,0057379236870344266;0,0071798633150550045;4,398302171577939e-05;0,009099722807898752;0,0006650159166669972;0,011735845474103834
-0,005227209088507918;0,006650735629742992;0,0007089989383827766;0,020835568282002587;-0,0050898313811200135;0,0018498535128237126
-0,004714735169112779;0,00648559685674693;-0,004380832442737237;0,0226854217948263;-0,00856464635120506;-0,0173278294673416
-0,0041739012921823285;0,007153880815030972;-0,012945478793942297;0,0053575923274847;0,00272632819339462;-0,026441168920806668
-0,003808300712961367;0,008729581645108066;-0,010219150600547677;-0,021083576593321968;0,008306891905658323;0,004677719418285237
-0,003960519285498098;0,010519586168284547;-0,0019122586948893544;-0,01640585717503673;0,0035187927516962536;0,00047826081652835306
-0,004521503882056736;0,011466247627728151;0,0016065340568068992;-0,015927596358508378;0,004422975598233861;-0,0005921860113701216
-0,005158978826410948;0,011756674800170284;0,00602950965504076;-0,0165197823698785;-0,0031429875266476004;0,0018633871118302614
-0,005732192408492884;0,011409998118272082;0,0028865221283931597;-0,014656395258048238;0,005180561386279536;0,006354317145642885
-0,00606422560437319;0,010402530141578742;0,008067083514672696;-0,008302078112405353;0,00028432889042090403;0,02139816061931643
-0,006280797915117769;0,00880880635456347;0,0083514124050936;0,013096082506911078;-0,0027077272918324125;-0,003608689775762078
-0,006174686885275441;0,006882999443051985;0,005643685113261188;0,009487392731149;-0,008918629657323374;-0,006377786745455305
-0,005734519359229369;0,005481035831816943;-0,003274944544062186;0,0031096059856936947;-0,0056979167822026056;0,0005382975293133502
-0,0050686044286528485;0,004458567929827861;-0,008972861326264792;0,003647903515007045;0,0025524853593533597;-0,000788570691551263
-0,004533687279838816;0,0035604842672665267;-0,006420375966911432;0,002859332823455782;-0,0017748794862396666;-0,004553769794580859
-0,004357684584075375;0,002808316745305474;-0,008195255453151098;-0,0016944369711250767;-0,000996220456394803;0,002651387773579039
-0,0044384969269883915;0,002170522536282653;-0,009191475909545901;0,0009569508024539625;0,007069146718139324;0,005248963047555146
-0,004847119488027452;0,0014649508484148289;-0,0021223291914065773;0,006205913850009109;0,0023658496831314574;0,01280602559069191
-0,005623401085448348;0,0007976571926451631;0,0002435204917248801;0,01901193944070102;1,471066188085679e-05;-0,007378746937483194
-0,006484575850525508;0,00037860009087586173;0,0002582311536057369;0,011633192503217826;0,000491562366520204;-0,013769239232603772
-0,007336009795933672;0,0007200205667346011;0,0007497935201259409;-0,0021360467293859466;0,004616405182383432;-0,004439780921740317
-0,008177114495197608;0,0015267687427220535;0,005366198702509373;-0,006575827651126263;0,0002851857664950552;-0,002249945913475715
-0,008988227453656504;0,0022480750495340682;0,005651384469004428;-0,008825773564601978;-0,0004501464148024825;-0,0056099108890249605
-0,009584692464015027;0,0027063482503010324;0,005201238054201945;-0,014435684453626939;-0,0038205643027576786;0,0027834904766856766
-0,009955102095613372;0,0028115905084839174;0,0013806737514442669;-0,011652193976941262;-0,000589722824575506;0,005665483135123033
-0,010117462205043639;0,0023394053885217245;0,0007909509268687609;-0,005986710841818229;0,006599962388635194;0,014679525494592914
-0,010224595364416136;0,0014011325094818814;0,007390913315503955;0,008692814652774685;-0,005156426031748956;0,01608754890272603
-0,010300090486713882;0,00022339119676930905;0,002234487283754999;0,024780363555500715;0,0009217749617669857;0,000301763649891755
-0,01007994907639147;-0,0006066375298322759;0,0031562622455219846;0,02508212720539247;-0,0013381630168614322;-0,0017057985648778057
-0,009770428174718859;-0,0004454517142138321;0,0018180992286605524;0,023376328640514664;-0,0005004616742064483;-0,014225107673400288
-0,009334656783225367;0,0007190191896203103;0,0013176375544541041;0,009151220967114376;0,0017770555318445402;-0,016501349095572312
-0,008826161422585454;0,002818543239075039;0,0030946930862986444;-0,007350128128457936;-0,0038558593385503437;0,005447691978509736
-0,008264960559767377;0,005284116127214343;-0,0007611662522516993;-0,0019024361499482;-0,0032043948685529233;-0,0056442495687532845
-0,007579971973497353;0,00745568389021533;-0,003965561120804623;-0,007546685718701485;0,0017225182119632865;-0,014521990163365639
-0,006925430037317397;0,00955115420721839;-0,002243042908841336;-0,022068675882067124;-0,0005100387580121712;-0,0030809221929076203
-0,0064295105459696265;0,011344757095473388;-0,0027530816668535074;-0,025149598074974744;0,004763912287919586;0,01562652089074118
-0,00602331277097551;0,012255612948445703;0,0020108306210660787;-0,009523077184233564;0,00589598910879871;0,00460608462912776
-0,0057272382626555336;0,012160484878419026;0,007906819729864789;-0,004916992555105804;-0,008025175617776409;0,0013124953724961697
-0,005350730529492914;0,01168443372102301;-0,00011835588791161977;-0,003604497182609634;0,0016048818669569948;0,0034936414728316822
-0,004657950007135702;0,011011702861422758;0,001486525979045375;-0,00011085570977795167;-0,0019999720338623322;0,014067795924968624
-0,003969903720294955;0,010194792114518124;-0,0005134460548169573;0,013956940215190672;0,004715109607108012;0,013057046168857112
-0,0032223963942923936;0,00937344713922237;0,0042016635522910545;0,027013986384047783;-0,0037285880647142736;-0,013498795670624952
-0,00249542691048251;0,009110379772534243;0,0004730754875767809;0,013515190713422831;-0,010279370680073799;0,002524159230322537
-0,0016003908845809846;0,009927871861208028;-0,009806295192497018;0,016039349943745368;0,00912916660715448;-0,008088355138095665
-0,0006864318391763877;0,011285971578418727;-0,0006771285853425374;0,007950994805649703;0,0005942737172699684;-0,00033172222645244664
-0,0001647246014716716;0,013285645293379238;-8,285486807256895e-05;0,007619272579197256;-0,0029566965629809518;-0,017647960449275135
0,00032989749281934295;0,015603358800565738;-0,0030395514310535207;-0,01002868787007788;-0,001912071517367827;-0,009321249250792196
0,0008212053923874548;0,01822584321092013;-0,004951622948421348;-0,019349937120870075;-0,00534549994394036;0,010368890738926884
0,0011909312347134257;0,020447180106471407;-0,010297122892361708;-0,008981046381943192;0,007991895656734742;0,0007841399643581104
0,001362592159102543;0,021894519517187877;-0,002305227235626966;-0,008196906417585081;-0,0014182540946409382;2,7551290612159995e-05
0,0011223681677971916;0,022982617072626624;-0,003723481330267904;-0,008169355126972921;-0,00018964993135154803;0,01077440703298449
0,0007899350870667616;0,023742838371361964;-0,003913131261619452;0,0026050519060115684;0,0029359401850202957;-0,0016147967144165554
0,0003085627531256156;0,02417628546501839;-0,0009771910765991564;0,000990255191595013;0,0023655895951757537;-0,006790336242344042
-0,0003293348312803085;0,02471393463491528;0,0013883985185765974;-0,005800081050749029;0,00062711065083422;-0,014381905522728777
-0,001006320058750199;0,025291194012475968;0,0020155091694108174;-0,020181986573477806;0,0058182286960142965;-0,006997202599599017
-0,0016277693454770255;0,025636450148006695;0,007833737865425114;-0,027179189173076823;-0,005240976271480589;0,005685304342247011
-0,002168598265427419;0,025174426820598308;0,0025927615939445245;-0,021493884830829812;-0,006486307503491974;-0,006358104077118065
-0,0023960776707608084;0,02362523592626685;-0,0038935459095474495;-0,027851988907947878;0,0003154514641760531;-2,0792054207130484e-05
-0,002519846612336417;0,0212162896387022;-0,0035780944453713964;-0,027872780962155008;0,0030584199009742324;0,020323037161785573
-0,0027993573902939228;0,017693263794819634;-0,000519674544397164;-0,007549743800369435;0,0009053182501252421;0,02193973481357135
-0,0032219919460662848;0,013055326712450868;0,00038564370572807816;0,014389991013201917;0,00415451426679346;0,012404693063489944
-0,0036654134836145336;0,008115399878067324;0,0045401579725215385;0,02679468407669186;-0,008665082721666856;0,015784739382874002
-0,004093409272933659;0,0037510726842118576;-0,004124924749145317;0,04257942345956586;0,015298420649713068;-0,006052822497709526
-0,004339798743351923;0,00045853285342406513;0,011173495900567751;0,03652660096185634;-0,0006617481207331355;-0,007028304537642138
-0,004751185203736;-0,0011308300389810929;0,010511747779834615;0,0294982964242142;-0,004001451226492592;-0,0033181793880778
-0,004715631828097366;-0,001259128892911997;0,006510296553342024;0,0261801170361364;-0,004155512352561563;-0,018133432180459663
-0,004259608541265348;-0,00020749588987433332;0,0023547842007804604;0,008046684855676736;-0,007529816793940984;-0,01265129850781073
-0,0035431733922996495;0,0018913417946087863;-0,005175032593160524;-0,004604613652133993;0,002177710093807364;-0,01687289225172897
-0,002732546875302732;0,004312046873318975;-0,0029973224993531597;-0,021477505903862965;-0,0005122244384738253;-0,0053306682683924855
-0,0021289216620322357;0,006548567405943805;-0,003509546937826985;-0,02680817417225545;-0,005043256150211985;0,01219565547709689
-0,0016451893487358657;0,007925987702414115;-0,00855280308803897;-0,01461251869515856;0,0026631001906647148;0,0013288619732962914
-0,0013018389129525751;0,008231081031994209;-0,005889702897374255;-0,01328365672186227;-0,003345817941592666;0,00891854626433805
-0,0013006006006908433;0,00795167361376796;-0,00923552083896692;-0,004365110457524218;-0,0012945731864564339;0,004368682894097392
-0,0015349504043240818;0,0071409199266672186;-0,010530094025423355;3,572436573173743e-06;0,0032143087223987857;0,01609968163489002
-0,002138721041515997;0,00615556182126551;-0,007315785303024569;0,016103254071463194;0,0022105512962106444;0,0035474088941345044
-0,003163695439724846;0,005170346613326727;-0,005105234006813925;0,0196506629655977;0,00718041605324872;-0,016895759081421588
-0,004481301250054678;0,004829261568246473;0,0020751820464347953;0,0027549038841761103;-0,005207909068282154;-0,010912606655611959
-0,0060031164206570675;0,005274203041790127;-0,003132727021847359;-0,008157702771435849;0,017056867052691688;-0,004255885319985414
-0,0074419243094020655;0,0058293406707008244;0,013924140030844329;-0,012413588091421263;0,0009855815259338652;0,005482559806434417
-0,009006041279020957;0,006058170188754089;0,014909721556778194;-0,006931028284986845;-0,0014332965810718579;-0,0057211162680835675
-0,010013192647406076;0,005790456183150502;0,013476424975706336;-0,012652144553070413;-0,006453526126009718;-0,0184550877445733
-0,010423955153520067;0,005245501046147441;0,007022898849696618;-0,031107232297643714;-0,006442003308134797;0,016161639871859215
-0,010295660660605804;0,004194460127021565;0,0005808955415618211;-0,014945592425784499;0,006652457402580747;0,01466515613674818
-0,009886450213703676;0,0018991299159899395;0,007233352944142568;-0,0002804362890363177;-0,002195529588860601;0,006507611282607698
-0,009454003945139075;-0,0009940239920730658;0,005037823355281967;0,00622717499357138;-0,011084189033779307;0,004158721468873944
-0,008732223558808773;-0,0038983953516975238;-0,00604636567849734;0,010385896462445324;-0,0010015819609471288;-0,004800959639239141
-0,007808930238267191;-0,006553679711579127;-0,0070479476394444684;0,0055849368232061825;0,005236452384913298;0,01383645475276385
-0,007127491544865503;-0,008793528212962917;-0,0018114952545311702;0,019421391575970032;0,008309853737696854;0,006545873489635062
-0,006727970757041593;-0,010809979241418459;0,006498358483165684;0,025967265065605094;-0,006949263138061684;0,0007733131108061952
-0,0064009097793989314;-0,0120495746068352;-0,0004509046548960005;0,02674057817641129;-0,012775919441598005;-0,001005652750252134
-0,005813914462429641;-0,012250479369627738;-0,013226824096494005;0,025734925426159155;0,004911013215804283;-0,012660523468563806
-0,005244955331656191;-0,011381761005363825;-0,008315810880689722;0,01307440195759535;0,008899866705217307;-0,014505460161986283
-0,005205069164742502;-0,009483645624053544;0,0005840558245275851;-0,0014310582043909337;0,0016093624512327487;-0,014663818902775808
-0,005497815433056401;-0,0070625541644394494;0,0021934182757603338;-0,01609487710716674;-0,005288103498843594;-0,0002819418971361648
-0,005767199468389197;-0,004698705033000993;-0,00309468522308326;-0,016376819004302906;0,010456567185834958;-0,009426769069454319
-0,00594884677269158;-0,0029786509858492054;0,0073618819627516985;-0,025803588073757225;0,002232205033462692;-0,02108756698497745
-0,006254281485917292;-0,0019136696988695345;0,00959408699621439;-0,046891155058734674;-0,0015469170611085437;0,026864786642311123
-0,006265240920632938;-0,0018808319348401527;0,008047169935105847;-0,02002636841642355;-0,004312460985056499;0,014071903545221254
-0,005892436875500007;-0,0037236403731601576;0,003734708950049348;-0,005954464871202297;-0,0036106383840964207;0,035914893610255516
-0,005197746032962842;-0,006367503548137104;0,00012407056595292731;0,02996042873905322;-0,005631483296225717;-0,004224011541068218
-0,004353666832423704;-0,009249545317962144;-0,00550741273027279;0,025736417197985;-0,0035535874890362945;-0,0038072669658683334
-0,0035046248092464485;-0,010933169938225053;-0,009061000219309084;0,021929150232116668;0,002443415618982092;0,0033430524129280936
-0,0028758792952801046;-0,011587337870568565;-0,006617584600326992;0,02527220264504476;0,006957392617206626;-0,008764478051006441
-0,0026095737900861237;-0,011364339793627408;0,0003398080168796336;0,01650772459403832;0,00028362574196191814;-0,012857874170135508
-0,002607971668905223;-0,01013045361088446;0,0006234337588415517;0,0036498504239028118;-0,005012208014072803;-0,012293314921276582
-0,002592777227049137;-0,00823625844437998;-0,004388774255231251;-0,00864346449737377;0,0006579452128644553;-0,0014615220753591979
-0,0025526454348393885;-0,006196069260919388;-0,0037308290423667956;-0,010104986572732969;0,008265568484402283;-0,005941849106772978
-0,0026880646128388903;-0,004501618657353747;0,0045347394420354875;-0,016046835679505947;-0,003788306448119838;0,013200928489948208
-0,002972716952533064;-0,0032113675166974237;0,0007464329939156494;-0,0028459071895577392;0,001993454736172795;0,00686612950672684
-0,003075979714545818;-0,002562989803221339;0,0027398877300884444;0,0040202223171691;-0,0033989692185045356;-0,0041227434646549585
-0,0031493851568019458;-0,0020284483773275637;-0,0006590814884160912;-0,00010252114748585811;0,010040561853178448;-0,009704013749490724
-0,003113195089854536;-0,0013330980587470242;0,009381480364762357;-0,009806534896976582;-0,005659861624292058;0,0004866064763952363
-0,00310336828244377;-0,0006418485860659193;0,003721618740470299;-0,009319928420581346;-0,0039763885146640865;0,015818254890698984
-0,0027182822604425103;-0,00034286050926387755;-0,0002547697741937874;0,00649832647011764;-0,0029789345336075634;0,004893112412741853
-0,0021843314888224377;-0,0004166695692850897;-0,003233704307801351;0,011391438882859492;0,00023427916629862808;-0,012051597810461223
-0,001660571508170117;-0,00023054557050159624;-0,0029994251415027227;-0,0006601589276017308;-0,0014427687776425654;-0,011014734984948794
-0,0012661596998298503;0,00041123598359627694;-0,004442193919145288;-0,011674893912550525;-0,0041074552572759535;0,00037162564188763896
-0,0009917248971496925;0,0010266111805900808;-0,008549649176421242;-0,011303268270662886;0,0063850370891368885;0,00889653524670832
-0,0008949778512353461;0,0011749906210818638;-0,002164612087284353;-0,002406733023954567;0,0026312146998756954;-0,0049928020004399165
-0,0011402167723778495;0,0008712393307471313;0,0004666026125913422;-0,0073995350243944834;-0,0019514643775151719;0,007287872668984919
-0,0014720401770117269;0,00047121871945421607;-0,0014848617649238297;-0,00011166235540956485;-0,006747112853153728;0,0003524627413960951
-0,0017851994771419509;-0,0002247832928144785;-0,008231974618077557;0,00024080038598653028;0,0028428904105481517;0,010937255535703815
-0,0021577532478691277;-0,0009252517992995556;-0,005389084207529406;0,011178055921690345;0,0068747276468428195;0,0016715878052711193
-0,002859586003319407;-0,0016160882903451716;0,0014856434393134138;0,012849643726961464;0,008861660210544367;0,0023767582663581158
-0,0037769821270708624;-0,0018598025445231738;0,01034730364985778;0,01522640199331958;-0,004427215878153645;-0,00925533094900878
-0,0046349525132497816;-0,001589531049622717;0,005920087771704136;0,0059710710443107995;-0,0002868753988286843;-0,01885713083987431
-0,0050790307534343895;-0,0007102034749894776;0,005633212372875451;-0,012886059795563511;0,008848945726509905;-0,007756085143363635
-0,005286305482750832;0,00040796694141619414;0,014482158099385356;-0,020642144938927146;-0,004107173605216202;0,012177274522560833
-0,005268251717152256;0,0010106949659993254;0,010374984494169154;-0,008464870416366312;-0,0066097608710155575;0,003549495499289547
-0,004670911627578266;0,0007877371930253706;0,0037652236231535963;-0,004915374917076765;-0,006028270305659361;-0,0045757156512993905
-0,0036585721582375096;0,0002261846033967634;-0,002263046682505765;-0,009491090568376156;-0,00018513649427218115;0,005054473575747859
-0,0024956237439706097;-0,0005319829829149145;-0,002448183176777946;-0,004436616992628296;-0,0016856459980209779;0,01062204023741048
-0,0014231971970039402;-0,0016697941919616385;-0,004133829174798924;0,006185423244782183;-0,0054535342374796986;0,00025405763153409783
-0,00044869797710838885;-0,0029850700807134947;-0,009587363412278622;0,006439480876316281;0,00234113014378895;0,0018175525744553445
0,0003604480757952058;-0,004052929039674063;-0,007246233268489673;0,008257033450771625;0,007828834060353389;-0,0012043935324306254
0,0007860995922076555;-0,004863208763581981;0,000582600791863716;0,007052639918341;0,004907077135168032;0,007442595817633665
0,0009219017778805183;-0,005343207149459033;0,005489677927031748;0,014495235735974665;-0,004275445135074794;-0,003465810845792755
0,0010810079952279297;-0,005541099938602445;0,001214232791956954;0,01102942489018191;0,002563170713597733;-0,005932529778313642
0,0014597013296566111;-0,005159183298306871;0,003777403505554687;0,005096895111868269;-0,0013044637805279397;0,005349548762538486
0,0018869639757635706;-0,00433608966240402;0,0024729397250267474;0,010446443874406755;0,0010588279427254862;0,0033605669915228384
0,0024653227620927178;-0,003309120222026439;0,0035317676677522336;0,013807010865929593;-0,00593280109561041;-0,006721558453730271
0,0031425991374229344;-0,0018642930266725873;-0,0024010334278581763;0,007085452412199322;-0,004641717514038343;-0,0125296368676042
0,003961146219463241;0,00013281460331844813;-0,0070427509418965195;-0,005444184455404878;-0,0013834274644039107;-0,002426826987232837
0,00468365196438922;0,0024133403297974566;-0,00842617840630043;-0,007871011442637715;0,0017406151085748306;0,0009244950216317216
0,005124447671639339;0,00447609867806027;-0,0066855632977256;-0,006946516421005994;0,0013379426829451119;-0,0007253733625388337
0,00522819624263744;0,006224016568617574;-0,005347620614780488;-0,007671889783544827;-0,004310154066072228;-0,001652744451360183
0,005064522281726517;0,007694073802334639;-0,009657774680852715;-0,00932463423490501;0,008005323529202371;0,0010335819273094293
0,004686943496224375;0,008857255444709911;-0,0016524511516503443;-0,008291052307595581;0,0009719997937273905;0,007540394418765972
0,003923053723488124;0,009647451717688982;-0,0006804513579229537;-0,0007506578888296089;0,005661784278320363;9,455802096558497e-05
0,003093065904685859;0,01010600589836423;0,004981332920397409;-0,000656099867864024;-0,0002402003859081174;-0,006712311393625048
0,002235860031566676;0,010534533763486294;0,004741132534489292;-0,007368411261489072;-0,0019339321031260244;-0,008611306092121962
0,0015779074752633895;0,010936817633893797;0,0028072004313632673;-0,015979717353611034;0,004390347135677666;-0,0035133278330537476
0,0011096002203396748;0,011044365053841737;0,007197547567040934;-0,01949304518666478;0,0003468546488140309;0,006815643574370228
0,0007535809826704907;0,010512723779645234;0,0075444022158549645;-0,012677401612294553;-0,0018230267322429418;0,0019086787288890295
0,0006854636476829438;0,009201360697982141;0,005721375483612023;-0,010768722883405524;-0,006044300796158735;0,010908527639279061
0,0009191224013295957;0,007382901551827267;-0,0003229253125467124;0,0001398047558735377;-0,006057503004650973;0,008709475895344973
0,0013816361743207283;0,005133693490336171;-0,006380428317197685;0,00884928065121851;0,001238832933027359;0,006196108052454956
0,0018312329348099926;0,0028900776190800164;-0,005141595384170326;0,015045388703673467;0,0025124787941171386;-0,0011875171246498832
0,0020256125626113494;0,0010004329738726025;-0,0026291165900531877;0,013857871579023583;0,0002908570798252699;-0,00581353164012546
0,0020143283750458933;-0,00028739612318787276;-0,0023382595102279177;0,008044339938898123;-0,0032374679608662207;-0,0024074710281960753
0,0018978795238783095;-0,0010209103570874047;-0,0055757274710941385;0,005636868910702048;0,002104301929474056;-0,008228785705092268
0,0016879002923016091;-0,0014326509934310117;-0,0034714255416200823;-0,00259191679439022;0,004444845930753092;-0,00011664693122164643
0,001254891961881143;-0,0016189168733465368;0,0009734203891330097;-0,0027085637256118664;0,0015494761827246316;0,0024150595566348396
0,0006830266097958737;-0,0019088594250376706;0,0025228965718576413;-0,0002935041689770268;-0,002542738407502996;-0,008195749123209112
0,0001500980732759248;-0,002307144525753279;-1,9841835645354605e-05;-0,008489253292186139;-0,0035013203887528203;0,01444080816576658
-0,00028191460036971843;-0,0027171697932279687;-0,003521162224398175;0,005951554873580442;0,0013556388285766302;-0,002170888359839182
-0,0007147209474411759;-0,003466765192390104;-0,0021655233958215447;0,00378066651374126;0,0015349339681994742;-0,0028330593737239257
-0,0012883737834885603;-0,003978298396609022;-0,0006305894276220705;0,0009476071400173341;0,0030800286800265267;-0,001017823309918689
-0,0019486475553688065;-0,004338604940278289;0,002449439252404456;-7,021616990135482e-05;-0,0013571971020830964;0,005784757796249887
-0,0026341449043539356;-0,004661007198346862;0,0010922421503213597;0,005714541626348532;0,004207582327304948;0,006134424535999161
-0,0032216646832428863;-0,00498621810321149;0,005299824477626308;0,011848966162347693;-0,004738090077021709;-3,9787479361105826e-05
-0,0037654947761189828;-0,005082847343022176;0,0005617344006045993;0,011809178682986587;0,00026725620739337375;0,0013198914434754058
-0,004097331889890027;-0,004705517936338955;0,0008289906079979731;0,013129070126461993;-0,0017572453927794107;0,006819418362668597
-0,004406699627636887;-0,003855821382336271;-0,0009282547847814376;0,01994848848913059;0,00433948395264222;-0,015448173671798272
-0,004682907741063828;-0,0024809620232751064;0,0034112291678607826;0,004500314817332318;-0,0006033577223869963;-0,013287535952587616
-0,004996246045882027;-0,0003081631246487186;0,0028078714454737863;-0,008787221135255298;-0,0047965265201389;0,00217397422851609
-0,005173135183985794;0,0020446483666709623;-0,0019886550746651133;-0,006613246906739208;0,002608061334885836;-0,005726606668558433
-0,00523770946427061;0,004045971012580431;0,0006194062602207229;-0,01233985357529764;0,0026880963753920795;0,00040975197276997555
-0,00538182994754203;0,005782763782220332;0,0033075026356128023;-0,011930101602527665;0,006333955910709649;-0,005525204383399346
-0,005501174180404622;0,007025962408848327;0,009641458546322451;-0,01745530598592701;-0,00889871643999643;0,007619690564135528
-0,005488218307842701;0,007791956971375215;0,000742742106326022;-0,009835615421791483;-0,0012440030852584882;0,007162935446355073
-0,005089604093427884;0,007859739294465023;-0,0005012609789324662;-0,0026726799754364094;-0,000197726119336189;0,0044396352902996705
-0,0046612801947600235;0,007534097000683171;-0,0006989870982686552;0,001766955314863261;0,0019414841958779877;0,009915687566282722
-0,004253006735249463;0,007101547507883863;0,0012424970976093325;0,011682642881145983;0,0008478575439582331;-0,010200132519836425
-0,003872692759669648;0,006739676227679086;0,0020903546415675656;0,001482510361309558;-0,00722467088531889;-0,0065332016088803235
-0,0034426789001854603;0,006845110662720148;-0,0051343162437513246;-0,0050506912475707655;0,004928173335219069;0,007519387468976013
-0,0029290508550385698;0,007009845512213592;-0,0002061429085322558;0,0024686962214052477;0,0036613593059935945;-0,012075710980492094
-0,002620795459641732;0,006972552711804206;0,0034552163974613387;-0,009607014759086846;-0,0017281184909425928;0,008104694276732688
-0,002320785780586185;0,007034007760251029;0,0017270979065187458;-0,001502320482354158;-0,0012037882457679103;-0,005709531595826517
-0,001882567445632184;0,006711182218334379;0,0005233096607508356;-0,007211852078180675;-0,0012944949554450618;0,01558238538245349
-0,0013752651944174332;0,006328263857123562;-0,0007711852946942262;0,008370533304272815;-0,002482314822298135;0,007558282211085926
-0,0008470305567726492;0,005656871412785518;-0,0032535001169923614;0,01592881551535874;-0,0021607562940222213;-0,008445330972870008
-0,00034964333091563405;0,005320300300618387;-0,005414256411014583;0,007483484542488733;-0,004234499803865251;0,0013218723109935104
1,760389026168657e-05;0,005620881809065606;-0,009648756214879834;0,008805356853482244;0,003325331697764281;-0,005738579756201678
0,00016828085499842388;0,006220802699212374;-0,006323424517115553;0,0030667770972805652;0,002384164232415255;-0,0077833122002069766
-6,699242886003222e-05;0,007172937863498431;-0,003939260284700298;-0,004716535102926411;0,002413588554881073;-0,011417043208557076
-0,0005552026934031104;0,008247744111675712;-0,0015256717298192252;-0,016133578311483487;0,0034952131114345773;-0,0060391493485457415
-0,0012009833693342005;0,009133888955735935;0,001969541381615352;-0,02217272766002923;-0,0013011923449714295;0,006671900838561423
-0,0019077909144580595;0,00937469066733682;0,0006683490366439226;-0,015500826821467806;0,004667812067474603;0,011607164739046938
-0,002535816804317305;0,008728583272536535;0,005336161104118525;-0,003893662082420868;-0,0036648932489215663;-0,005275836110000542
-0,0031371087327107926;0,007462442804877538;0,001671267855196959;-0,00916949819242141;0,003245547353245795;0,003778399697177408
-0,00352495421693954;0,0060405558539217055;0,004916815208442754;-0,0053910984952440025;-0,0022452287754754774;0,000199177634886534
-0,003845948986960409;0,004251888975269017;0,0026715864329672767;-0,0051919208603574685;-9,679174898463705e-05;0,003765974596204022
-0,003970271148643567;0,0022475781568065687;0,0025747946839826397;-0,0014259462641534465;-5,9947191165476976e-05;0,01109550458670401
-0,003987729853008035;3,559050392982154e-05;0,0025148474928171627;0,009669558322550564;-0,00019400258861591857;-0,003198220400458314
-0,0039021967700131966;-0,0022334349995130633;0,002320844904201244;0,00647133792209225;-0,0017749574828422598;0,008300634063272729
-0,0037160697873056723;-0,004115678170053926;0,0005458874213589843;0,014771971985364979;-0,001985458740516699;0,001641740668336611
-0,0034371090084300976;-0,005739067823711098;-0,0014395713191577147;0,01641371265370159;-0,0014169287359093313;0,0004918207702521715
-0,003136312732700164;-0,006771578597953671;-0,002856500055067046;0,01690553342395376;-0,0026948553921012086;0,004829197470700514
-0,002893099309736539;-0,007147540866048181;-0,005551355447168255;0,021734730894654275;-0,0010777164941192935;-0,0011853374062383848
-0,0027641458889755954;-0,006847281797184541;-0,006629071941287548;0,02054939348841589;0,003703068061381251;-0,011239981470784845
-0,0028572466861013827;-0,005677633492534728;-0,002926003879906297;0,009309412017631045;0,0020238203328665633;-0,005962529442326628
-0,003215510360878671;-0,003686009448348281;-0,0009021835470397338;0,0033468825753044176;0,0024604487869208658;-0,009268325565137008
-0,003690814190852212;-0,0013220089234565915;0,001558265239881132;-0,00592144298983259;-0,0013177870779963047;-0,011129122250889523
-0,004202205362707342;0,0011758669044472743;0,0002404781618848273;-0,017050565240722113;0,005881696146821727;-0,004763870642544618
-0,004651265924967227;0,0034368850127578367;0,0061221743087065544;-0,02181443588326673;0,001533024475762798;0,0032594867766204405
-0,005090707360751718;0,005015880511439514;0,0076551987844693525;-0,01855494910664629;-0,005460594966435334;0,010759166367264483
-0,005285261824187948;0,005722298574790523;0,002194603818034019;-0,007795782739381807;-0,0022892144348596183;0,0035359139241394194
-0,005173608336245404;0,005686518673875681;-9,461061682559946e-05;-0,0042598688152423875;0,005031587995887002;0,005861657749591992
-0,004974170695581498;0,0053389074633855655;0,0049369773790614024;0,0016017889343496045;-0,0016980142378846264;0,005571160544976347
-0,004778517479590617;0,0048209015002857545;0,003238963141176776;0,007172949479325952;-0,0033310239084298615;-0,0021551595750538277
-0,004385385168437279;0,004366967094559928;-9,206076725308543e-05;0,005017789904272124;0,002467751027470988;-0,012116279234491406
-0,0038626943316368706;0,004199950668007139;0,0023756902602179025;-0,007098489330219282;0,000306027796439734;-0,010099041348839502
-0,003343685925526586;0,004233645837625236;0,0026817180566576365;-0,017197530679058784;-0,0023246796970541397;0,006037337683476335
-0,0027296499090075843;0,003983401434034561;0,0003570383596034968;-0,01116019299558245;-0,0081031672942019;0,012947362872243115
-0,0020083451702222776;0,003045255803281535;-0,007746128934598404;0,0017871698766606658;0,007909078831201403;0,007319350498030067
-0,001272758897052831;0,0016607024527052106;0,00016294989660299922;0,009106520374690733;-0,004341165890993556;0,0007595788581029952
-0,0008470177812673207;0,00034763589719531305;-0,004178215994390557;0,009866099232793728;-0,005184207261046592;0,009826561882177742
-0,0004147586696176904;-0,0006011698433269551;-0,009362423255437149;0,01969266111497147;0,005189239734840308;0,003916854767574848
-0,00014962819774368233;-0,0011553316145374742;-0,00417318352059684;0,02360951588254632;0,0029245458468839074;-0,013179675214851645
-0,0002589946560871602;-0,0009217869411491343;-0,001248637673712933;0,010429840667694673;0,008013420503594356;-0,013200355127457111
-0,0005352884552545117;0,0002561383675410583;0,006764782829881423;-0,002770514459762438;-0,005352151821645291;-0,009137023436291386
-0,0008615277613703805;0,0018512573029390378;0,0014126310082361315;-0,011907537896053824;0,0023665026749555666;2,3119401378529636e-05
-0,0009171757542909924;0,0033355556599465198;0,003779133683191698;-0,011884418494675295;-0,002576308898273127;0,016258195632416178
-0,000916318506882159;0,004343552501111849;0,001202824784918571;0,0043737771377408835;-0,0010510721264118984;0,002897094495272118
-0,0007642959121456577;0,004876172602490166;0,0001517526585066726;0,007270871633013001;-0,0003925780675016876;-0,0023012237008810527
-0,0005641603260124136;0,005583743789378119;-0,000240825408995015;0,004969647932131949;-0,00010192747228306934;-0,004311074301309337
-0,0003579546335389026;0,006582149841586591;-0,00034275288127808435;0,000658573630822612;-0,002790831130738629;-0,006924934801283561
-0,00016138195742519212;0,007779341811080341;-0,003133584012016713;-0,006266361170460949;0,0011769657850782926;0,005246670372654055
2,1480603437394933e-05;0,009002876725806996;-0,0019566182269384206;-0,0010196907978068936;0,007310464463876186;-0,007081669105644228
7,899980381931347e-05;0,009975757193715214;0,005353846236937765;-0,008101359903451122;-0,004766939699926503;-0,012711117981143827
5,825427512369519e-05;0,010907850029711154;0,0005869065370112626;-0,02081247788459495;0,0031222592669633885;0,0035246395582544388
0,0002516625959055875;0,01151588846956905;0,003709165803974651;-0,01728783832634051;-0,006790401641321329;0,008234030340752013
0,00046854717816793037;0,01129142779404315;-0,003081235837346678;-0,009053807985588497;0,007995984268846157;0,008312812716880724
0,0008337983925892592;0,010375453585463629;0,0049147484314994785;-0,0007409952687077725;-0,0015680670435749035;0,0007203503862367455
0,001075800173516721;0,009097327057460566;0,003346681387924575;-2,0644882471027026e-05;-0,002987626164555845;0,0022950801940334886
0,0015143918917041618;0,007789560718709194;0,00035905522336873025;0,0022744353115624616;0,0017877794156916371;0,000770222672255863
0,002086850865408586;0,006480968584658979;0,0021468346390603674;0,0030446579838183246;-0,003640949568328937;0,007311532337452728
0,0026736720480477587;0,005263353863071264;-0,0014941149292685696;0,010356190321271053;0,0005451633973774794;0,002893073636634977
0,0033463666162493466;0,0041675254608362815;-0,0009489515318910902;0,01324926395790603;-1,950180257795364e-06;-0,001666670010858018
0,003959296587280192;0,0034859446714521417;-0,0009509017121488855;0,011582593947048012;0,0001259824162107709;-0,002493666685799159
0,004534268497035393;0,0033343344403842425;-0,0008249192959381146;0,009088927261248853;0,0010749104992411607;-0,014577670412220134
0,005071204338304639;0,003646027967198264;0,00024999120330304603;-0,005488743150971281;-0,00313402227434606;-0,008578975054129773
0,005575143407736361;0,0043212785844622395;-0,002884031071043014;-0,014067718205101054;0,0033598143661450475;-0,007850808145773644
0,006089082125300203;0,004776979475687363;0,00047578329510203354;-0,021918526350874698;0,0008927583254517701;0,00821334893003136
0,006487659600022327;0,004669971638708446;0,0013685416205538037;-0,013705177420843338;-0,003503543194172898;0,0009143821403110805
0,00690526840654853;0,00368622274769454;-0,002135001573619094;-0,012790795280532258;-0,007343980984371279;0,007686624898793223
0,007377618877896887;0,0021542667598469004;-0,009478982557990373;-0,005104170381739034;0,005400108229558637;0,001120699734737829
0,007764569286300479;0,00011067896077797076;-0,004078874328431736;-0,0039834706470012055;-0,00419493939320667;0,017875383937714588
0,007772360392384456;-0,0021370756535605204;-0,008273813721638407;0,013891913290713383;0,004841520741472899;0,004592921203731344
0,007616996525331165;-0,00454416909377906;-0,0034322929801655078;0,018484834494444727;0,0010506885194562499;-0,00941687913184329
0,007130680109412336;-0,006395586002369063;-0,002381604460709258;0,009067955362601438;0,0004618770291419383;0,001944403637938269
0,006507071974286888;-0,007507609531181279;-0,0019197274315673196;0,011012359000539707;0,0047146454157925705;0,00028934383189421764
0,005788199660733069;-0,008256914845489436;0,002794917984225251;0,011301702832433924;-0,0032516817642509466;-0,005819126934335783
0,004992538249916557;-0,008565725799776006;-0,00045676378002569573;0,005482575898098141;0,003345169080887958;-0,01006661636835568
0,0043086735584690556;-0,008422468640765218;0,0028884053008622623;-0,004584040470257539;0,002351769348848995;-0,0028759566120329094
0,0036065383158205263;-0,008059908445830504;0,005240174649711257;-0,007459997082290448;-0,004472993017728466;0,006894290782507889
0,003019939285206487;-0,007880709869706091;0,0007671816319827912;-0,000565706299782559;0,00011175860070698762;0,0016953058008311872
0,0026429472405808986;-0,007999911176873297;0,0008789402326897788;0,0011295995010486282;-0,001900657375932445;-0,01097865788116148
0,0022966424612346215;-0,008141740736031806;-0,001021717143242666;-0,009849058380112852;0,0030517528010656977;0,007763735742327055
0,0019854952911959357;-0,00823838631514837;0,0020300356578230316;-0,002085322637785797;0,005753112630571891;0,004862231878591611
0,0016334794354275432;-0,008728994229469447;0,007783148288394923;0,002776909240805814;-0,007781343455992698;-0,0023471943224582514
0,001362665005972072;-0,009303015049301956;1,804832402224621e-06;0,00042971491834756237;-0,00040701489808524227;-0,0063446611906910755
0,0014031765080523976;-0,009765959499502232;-0,00040521006568301765;-0,005914946272343513;0,001955559687147647;-0,0014834983976677596
0,001443760203428812;-0,010211715352968607;0,0015503496214646292;-0,007398444670011273;0,0016138134486079134;0,010097416235652135
0,001468135496177906;-0,010894069057328721;0,0031641630700725426;0,002698971565640862;0,0005473329660053775;0,009534507866657993
0,0015545247737855854;-0,011872360548489287;0,00371149603607792;0,012233479432298855;-0,01055475970414737;0,00468470225722839
0,001767480574196166;-0,012742693177024218;-0,006843263668069449;0,016918181689527245;0,004518981068673558;-0,0018878456003355026
0,0021288962160498637;-0,013123686628267196;-0,002324282599395891;0,015030336089191743;0,007292978766359572;0,0010103401615561003
0,0022165813111807834;-0,012827952811929081;0,004968696166963681;0,016040676250747843;-0,00441055272478607;-0,0038871141217605987
0,0022112951023358675;-0,0119310055520233;0,000558143442177611;0,012153562128987244;0,0006987820698337727;-0,004709761457864808
0,0024047567401694987;-0,010392431242087602;0,0012569255120113837;0,007443800671122436;-0,004492994266018957;-0,014719443205734248
0,002620544115690234;-0,008367714446992417;-0,0032360687540075733;-0,007275642534611812;0,003653286940983741;-0,013878228267615353
0,0028866085116914255;-0,006045245625052334;0,00041721818697616764;-0,021153870802227165;0,001949123516607948;0,007351407626625284
0,0030232301575323136;-0,0040138025044967225;0,0023663417035841156;-0,013802463175601881;-0,009746334589790559;0,008722861878789873
0,0031765405308522483;-0,002828514216030198;-0,0073799928862064434;-0,0050796012968120086;0,00776368734021704;0,0010543068295360974
0,003424504572315548;-0,0021953244545877488;0,0003836944540105969;-0,004025294467275911;-0,004307764743839218;-7,842338128018905e-05
0,0033772688983305893;-0,0017653187450177798;-0,003924070289828621;-0,0041037178485561;0,002678487833076962;0,0033527917996879347
0,003345381002506055;-0,0014963248141388475;-0,0012455824567516594;-0,0007509260488681654;0,0016177822046706258;0,0006204295948407726
0,003156530295088376;-0,0013914795972021592;0,0003721997479189665;-0,00013049645402739285;7,62724546535809e-05;0,00024041599433998959
0,00291785628940063;-0,0013166714222201973;0,0004484722025725474;0,00010991954031259674;-0,0004993096498464994;-0,002120082030349378
0,002694070273629643;-0,0012470831053993311;-5,083744727395201e-05;-0,0020101624900367814;-0,001091163000311049;0,0010447426111499687
0,002488223145961558;-0,0011730980069659613;-0,001142000447585001;-0,0009654198788868126;0,004381406605956026;-0,001639711508305667
0,002280342520402515;-0,0011795194081340625;0,003239406158371025;-0,0026051313871924796;-0,005035873657992386;0,006630743001423335
0,0020267818769400714;-0,0012245576044576363;-0,0017964674996213612;0,0040256116142308555;0,004173936499244524;0,002876359753677435
0,0019027974798124692;-0,0013738010562689093;0,0023774689996231627;0,0069019713679082904;-0,0069381569644916055;-0,00437702096661273
0,0017069543827000124;-0,0013620200435109481;-0,004560687964868443;0,0025249504012955608;0,008109714246167271;-0,0010907225239010707
0,0016062100455724825;-0,0010741601760366553;0,0035490262812988282;0,0014342278773944901;0,00168980218328562;-0,00996248564056634
0,0013230381898502144;-0,00068530229251054;0,005238828464584448;-0,00852825776317185;-0,007979151068388795;-0,004344837621862139
0,0011818273853798997;-0,00023907529388864503;-0,0027403226038043467;-0,012873095385033988;0,005936110358587165;-0,0012578283401453484
0,0012501697194929628;-0,00013397860579362412;0,003195787754782818;-0,014130923725179337;-0,004723225506431224;0,004430289919531684
0,0012088991494538521;-0,0005438057330999627;-0,0015274377516484063;-0,009700633805647653;0,00487654943512154;0,010472982016683646
0,0012954600896060541;-0,0015188698094134748;0,003349111683473134;0,0007723482110359933;-0,0025945521356842832;0,0010341206784495946
0,00132092351969232;-0,002881959237952893;0,0007545595477888509;0,001806468889485588;-0,0019945004435393057;0,011468845344094161
0,001480351417117511;-0,004214154738050872;-0,0012399408957504549;0,01327531423357975;0,0019488147396650723;0,009373845801351477
0,0016699616964542562;-0,005474091482569427;0,0007088738439146175;0,022649160034931226;-0,0009199409762374877;-0,010363164206784764
0,0018099743399609832;-0,006203015657744792;-0,00021106713232287022;0,012285995828146462;0,004623820821578313;-0,009149675535310417
0,001978341937224295;-0,006025973431522907;0,004412753689255443;0,003136320292836045;-0,004565127754091097;-0,0067917908330819565
0,0021382668491946918;-0,0053574913721751655;-0,00015237406483565447;-0,0036554705402459114;0,003418452735571287;-0,005400086436694748
0,0024747019087353063;-0,004563556501113981;0,0032660786707356323;-0,00905555697694066;-0,004457483654646051;-0,0011430974637327979
0,002805042005682495;-0,003915840451662633;-0,0011914049839104185;-0,010198654440673457;-0,0012008341865567401;-0,0016975921263578247
0,0032660252494591084;-0,0036303466812889116;-0,0023922391704671586;-0,011896246567031282;0,002171075048570531;0,00808279017692154
0,0036793522938793053;-0,0037527990885421283;-0,0002211641218966276;-0,003813456390109743;-0,004677446036160576;0,011154524222761739
0,003996989771480816;-0,004351101358476596;-0,004898610158057204;0,007341067832651996;0,007656840190466016;-0,0032435438273621248
0,004305780684206462;-0,005101941884015454;0,002758230032408812;0,004097524005289871;-0,0017849479394000112;0,0010345696008033922
0,004418627190609819;-0,005559139696248232;0,000973282093008801;0,005132093606093263;-0,0018667885397216089;0,005606455213919587
0,004641802898309529;-0,005852436548269415;-0,0008935064467128079;0,01073854882001285;0,004703137312042763;-0,010209030126792529
0,004903909889729591;-0,005940449656046867;0,003809630865329955;0,0005295186932203211;-0,005777838894946485;0,0033047965842338684
0,005130276623281141;-0,0055989208110238066;-0,0019682080296165305;0,0038343152774541894;0,0009543616825806178;-0,003414364379719023
0,005509028591445888;-0,005236211218271932;-0,0010138463470359127;0,00041995089773516625;-0,0036464667722424238;0,0013253103716322906
0,005809052238425975;-0,004720129014421891;-0,0046603131192783365;0,0017452612693674568;-0,004744838795429918;-0,0034142912949559068
0,006068522031524625;-0,004187248774662442;-0,009405151914708254;-0,00166903002558845;0,008554184381910968;-0,013452593184041461
0,006141579299852141;-0,0035845580841282953;-0,0008509675327972865;-0,015121623209629911;0,002640146325689957;0,0076094025224619916
0,005838430491591328;-0,003048628594617687;0,0017891787928926706;-0,00751222068716792;-0,0041151165543320545;0,0045920834415568434
0,005501242982018623;-0,0031175640334922747;-0,002325937761439384;-0,0029201372456110763;0,006569538628132421;-0,001748515636846193
0,005235622624161624;-0,003486988299853579;0,004243600866693037;-0,004668652882457269;0,0005164540468001744;0,0074798176427973845
0,004876964755847051;-0,0039732180560393265;0,004760054913493211;0,002811164760340115;-0,00038723655158912074;0,003783412582647805
0,004688050922200199;-0,004646193927523365;0,004372818361904091;0,00659457734298792;-0,006768252357860535;0,01617594549744196
0,004689539285093075;-0,005206723208593799;-0,0023954339959564447;0,02277052284042988;0,0029797650836334705;-0,01040959085747481
0,004865940382462115;-0,005503469395944716;0,0005843310876770258;0,01236093198295507;0,0003717649923106331;-0,008065611421922775
0,0049465241199928974;-0,004889394669678438;0,0009560960799876589;0,004295320561032295;-0,002600599674783363;-0,006659698678074026
0,005050481101030761;-0,003780882664093956;-0,0016445035947957043;-0,002364378117041731;-0,000895539678783086;-0,004122372814261602
0,0051926819252681305;-0,0025005578360681835;-0,0025400432735787903;-0,0064867509313033325;-0,0022540031205683653;0,003340759137762009
0,005269102605713671;-0,0013148081327240798;-0,004794046394147156;-0,0031459917935413237;0,005459859144899548;0,0014808923711998045
0,005243921555216061;-0,00038852846663210965;0,0006658127507523925;-0,0016650994223415191;-0,0036671838369619625;0,002858409427449967
0,005026978648952565;0,0004119115277182077;-0,00300137108620957;0,001193310005108448;0,0014980038223649794;-0,006239786080611688
0,004836668252719164;0,0011457475451748644;-0,0015033672638445905;-0,00504647607550324;-0,0006088758337717826;0,0019645735345334737
0,004526303013037381;0,001927315962835859;-0,002112243097616373;-0,0030819025409697665;0,0019251907193556378;0,0034508375451112044
0,004155803082801814;0,002507025337476724;-0,00018705237826073529;0,000368935004141438;-0,0008944362959803914;-0,001874132054964922
0,0037008134286615913;0,002963458610478798;-0,0010814886742411267;-0,001505197050823484;0,0030438620476988115;-0,010125180005718548
0,00323834167939094;0,00343464928364653;0,001962373373457685;-0,011630377056542032;-0,0024266250134996337;-0,0006123694919167033
0,002732610383150643;0,003845632074781322;-0,00046425164004194885;-0,012242746548458736;0,0010994944636956855;0,00907588927101112
0,002305374021848654;0,0037913997836544334;0,0006352428236537366;-0,0031668572774476156;0,0016150186406702453;0,0038081536290872214
0,0018595675949449868;0,003247457630589195;0,002250261464323982;0,0006412963516396059;6,397453059067693e-05;0,005718702406707146
0,0014391708809874692;0,002576841186426052;0,002314235994914659;0,006359998758346752;7,359448016186834e-05;-0,00394443327391774
0,0011087846256029109;0,0019318765963284934;0,0023878304750765272;0,0024155654844290123;-0,00288794242262079;-0,0021013726388414214
0,0008709678100149389;0,0015413119565648049;-0,0005001119475442628;0,00031419284558759086;0,0012804135846115061;-0,0001357745556268032
0,000728664213430028;0,0012473699361782767;0,0007803016370672433;0,00017841828996078765;-0,0006867423648846413;-0,0008633204960867939
0,0005663561389433465;0,0009659956296152522;9,355927218260198e-05;-0,0006849022061260063;-0,0025217819169061004;0,0020958409591613414
0,0004352601299393548;0,0006917580546506592;-0,0024282226447234984;0,001410938753035335;0,0036971254993294223;-0,01108256151704605
0,00030790649182266716;0,000390124391441026;0,001268902854605924;-0,009671622764010714;-0,003866119438492901;0,00028036817034520975
8,342394791703957e-05;0,0001449282783528062;-0,0025972165838869772;-0,009391254593665504;0,004248273477773494;0,006824876274589279
-9,030248180435103e-05;-0,0004871327452958421;0,0016510568938865166;-0,002566378319076225;0,002603626870547389;-0,0012305693352803806
-0,00036791757488122075;-0,0014948439526911105;0,0042546837644339055;-0,0037969476543566055;-0,005939433963119575;0,0009492978451851181
-0,0005794903922026297;-0,002605210292849428;-0,001684750198685669;-0,0028476498091714875;0,0014592363744368921;0,005150969004587266
-0,0006208758589466826;-0,00386745453918201;-0,00022551382424877697;0,002303319195415779;0,001282092592437542;0,002354100938012929
-0,0007296513336381621;-0,005243604777881451;0,001056578768188765;0,004657420133428708;0,004942076117993167;0,0007190259638884811
-0,0008474473612995928;-0,006527622248764261;0,0059986548861819325;0,005376446097317189;-0,0019341151484303341;0,0036581024475549617
-0,0009229802382334729;-0,007625342914309923;0,004064539737751598;0,00903454854487215;-0,0031251996707127756;-0,00514711259872247
-0,0007585669197200756;-0,008508005735962897;0,0009393400670388227;0,003887435946149681;0,004345669618165564;-0,0033749101609420185
-0,00043157201169661446;-0,009029286615820985;0,0052850096852043865;0,0005125257852076626;-0,004106645318224758;-0,004960793101274008
-6,700350099160036e-05;-0,009395070057833086;0,0011783643669796284;-0,0044482673160663455;0,0007845120017443176;-0,0003832020464677177
0,0005089653971215892;-0,00974035246843688;0,001962876368723946;-0,004831469362534063;-0,002215494776204082;0,008323755127673221
0,001132068869913964;-0,010263565571683328;-0,00025261840748013603;0,003492285765139158;-0,005718197230071616;0,002075417588179529
0,0018336873974552964;-0,01098003744943114;-0,005970815637551752;0,005567703353318687;0,0035810710231872905;-0,0005416817983243116
0,0025252011886974235;-0,011556817896573384;-0,0023897446143644613;0,005026021554994375;-0,00185115177234009;0,010541173086872857
0,0029778823544374805;-0,011910890209582881;-0,004240896386704551;0,015567194641867232;0,0036636347803877117;0,005130423268209561
0,003334973735602959;-0,012063921660392602;-0,0005772616063168395;0,020697617910076793;-0,00045703928520986203;-0,0050344018835819515
0,003522429261300256;-0,011594265325527636;-0,0010343008915267016;0,01566321602649484;-0,0011719966304926666;-0,01161802494491379
0,0036867943227448783;-0,010296704274259596;-0,002206297522019368;0,004045191081581051;0,006443735884714183;-0,01325034781548251
0,0038097873485284334;-0,008372614581931764;0,004237438362694815;-0,00920515673390146;-0,004802097796214419;-0,002966571747322233
0,0038445284734312133;-0,006286717246340688;-0,0005646594335196042;-0,012171728481223693;0,0007590392338427121;-0,011624508454629673
0,004048767132841786;-0,004569026180105672;0,00019437980032310787;-0,023796236935853365;0,0015448496471057865;-0,0011085813018463508
0,004230419414911575;-0,0033382042531196034;0,0017392294474288944;-0,024904818237699716;-0,0015485413276924292;0,007403822552161682
0,004419846888994288;-0,0030592318035676694;0,00019068811973646516;-0,017500995685538034;-0,0023153396442223;0,010388612691416887
0,004678843540974156;-0,003776452083523724;-0,002124651524485835;-0,007112382994121147;-0,0049669795822545465;0,009479946930760957
0,004945467717743484;-0,0051937121909013;-0,0070916311067403814;0,0023675639366398105;0,002599849060189424;0,006946914752532618
0,005127105833533378;-0,006895467618043721;-0,004491782046550957;0,009314478689172428;0,002019544009368643;0,0009161540852770378
0,005025078705053657;-0,008502520487720551;-0,0024722380371823144;0,010230632774449466;0,000815668416691756;0,007761437088087242
0,0047433802947118965;-0,009736994209830483;-0,0016565696204905583;0,017992069862536708;0,0005235561596833582;-0,003198062204016361
0,004362792362882844;-0,010562242620962437;-0,0011330134608072001;0,014794007658520347;0,0023265220915524853;-0,002127098489513063
0,0039159416462341695;-0,010667808237592922;0,0011935086307452852;0,012666909169007284;0,004358493690383852;-0,00542108005449532
0,003423770391153207;-0,010181613547882593;0,0055520023211291375;0,007245829114511965;0,0004606944507269811;-0,008147782551917643
0,0029793394813020556;-0,009188742491411973;0,006012696771856119;-0,0009019534374056781;0,0005345345152806269;-0,001749830286190468
0,00275698866429607;-0,007906038270360875;0,0065472312871367455;-0,002651783723596146;-0,009038178943467007;-0,0008669633422765111
0,0027751457181643293;-0,006659412186806003;-0,0024909476563302613;-0,003518747065872657;0,005205914105540513;-0,0036610725633179214
0,003055192023518058;-0,005518857452194977;0,0027149664492102515;-0,007179819629190579;-0,000543103849275417;0,0002142097743339788
0,0032356004226185764;-0,004519052600218858;0,0021718625999348345;-0,0069656098548566;-0,005471760313851409;0,005109960916224315
0,003524607479687505;-0,003806440533410362;-0,0032998977139165747;-0,0018556489386322844;0,0035494284854154234;0,0005145332135546854
0,0039004890407538266;-0,00337245286079613;0,0002495307714988487;-0,001341115725077599;-0,004031198442769515;0,0047127533140804145
0,004144374693263486;-0,003012691145727189;-0,0037816676712706665;0,0033716375890028155;0,008163164313497881;-0,0013083976393606436
0,004398241576633099;-0,002706574059661352;0,0043814966422272145;0,002063239949642172;-0,004469371808062839;0,0003262021884218591
0,004500841753151885;-0,0022655914700354025;-8,787516583562416e-05;0,002389442138064031;9,746426500195637e-05;-0,0006911924093922772
0,00477870179535976;-0,0017420792824237661;9,589099166332216e-06;0,0016982497286717538;0,0017121513875490851;-0,006117424467758136
0,005053046830934209;-0,0011229894092895684;0,0017217404867154174;-0,004419174739086382;-0,004055421535330173;0,006697338021765233
0,005327775430475312;-0,00043596954700850075;-0,0023336810486147552;0,0022781632826788505;-0,00013209175910244841;-0,0028800981692131845
0,005671373649485032;7,428332570911175e-05;-0,0024657728077172036;-0,0006019348865343339;-0,0038264548854559655;0,002119961868635157
0,005921624626550162;0,0006756627297338783;-0,006292227693173169;0,001518026982100823;0,00424931411441018;-0,005065064021664088
0,006073244691306603;0,0012529647382972715;-0,0020429135787629893;-0,0035470370395632653;-0,0013154785847867556;-0,0076360019536730606
0,005973175648336118;0,0018909878261446976;-0,003358392163549745;-0,011183038993236326;0,004535903743901282;-0,001369691519438547
0,005791390062215113;0,002387129432409593;0,0011775115803515368;-0,012552730512674873;0,00017240222867573318;-0,0036044694371003168
0,005475268789552118;0,0024359494789450353;0,00134991380902727;-0,01615719994977519;0,003982451787425248;-0,006289229295113941
0,005206247980103185;0,001982660304973483;0,005332365596452518;-0,02244642924488913;-0,0010650233523564062;0,011149895238576044
0,004991223723015342;0,0008830831330109228;0,004267342244096112;-0,011296534006313086;-0,001635817623067623;0,015263577368597611
0,0049894940897856005;-0,0011143512087472024;0,0026315246210284887;0,003967043362284525;-0,006267829643922959;0,009648245828136642
0,005158458146319703;-0,0035636469107578513;-0,0036363050228944704;0,013615289190421168;0,004318619114194622;-0,0075085140220333
0,005432683187694946;-0,0058542608782771195;0,0006823140913001513;0,006106775168387868;-0,0028436963316856023;-0,00039261239478544097
0,00556145602815441;-0,0076002632781795405;-0,002161382240385451;0,005714162773602427;-0,00012557244586788863;0,006845712804981113
0,005717521432265879;-0,009101994671346446;-0,0022869546862533396;0,01255987557858354;-0,001957247782293975;0,009676038513991653
0,00578713154676193;-0,010375159553569255;-0,0042442024685473145;0,022235914092575193;0,0022952514581902894;-0,00931351904567157
0,0057652634738078485;-0,011145929412648723;-0,0019489510103570251;0,012922395046903623;0,0054049355738083615;-0,009309297954122081
0,005573627302111873;-0,011027262708025183;0,0034559845634513364;0,003613097092781542;-0,005025367357961927;0,0014301896584778262
0,005304033090001618;-0,010391700201525498;-0,0015693827945105904;0,005043286751259368;-0,003915855202482027;0,002520874679047158
0,005172678260429416;-0,009611613811314552;-0,005485237996992617;0,007564161430306526;0,007812503984638577;-0,0026246634125773605
0,004978548119076789;-0,00862979595105323;0,00232726598764596;0,004939498017729166;0,0002764669520184948;-0,019818702735430224
0,004565008457844459;-0,0073454116335796476;0,002603732939664455;-0,014879204717701058;0,0004182176954889427;-0,003544316324492411
0,004244559436117967;-0,005863447395396898;0,0030219506351533976;-0,01842352104219347;-0,008088209370473831;0,011251190897705057
0,004028259731978053;-0,004976651345922191;-0,005066258735320434;-0,007172330144488412;0,004868720918182717;0,002341053033424148
0,003932838053244275;-0,004826796138135223;-0,00019753781713771623;-0,004831277111064264;0,00015358552607667997;0,006492950180105095
0,0036347660250976794;-0,004963834136127792;-4,3952291061036264e-05;0,001661673069040831;-0,0007366771858710874;-0,008410089475650945
0,0033287924842655752;-0,00529412321856293;-0,0007806294769321237;-0,006748416406610114;0,0003292757121233225;0,01116634351581361
0,00302106085179103;-0,005557945378236436;-0,0004513537648088012;0,0044179271092034955;-0,0015361115390433444;0,0036782833925600444
0,0026821040402391994;-0,006091704194174347;-0,0019874653038521456;0,00809621050176354;0,009403873402965987;-0,011182709848391342
0,002325093078095017;-0,006448745925744117;0,0074164080991138415;-0,0030864993466278023;-0,007090898490040742;-0,0022262300077022235
0,0018885835037967486;-0,0064819392372433456;0,0003255096090730991;-0,005312729354330026;0,0022829718781028907;0,00363077067066922
0,001748730253463034;-0,006638592522607688;0,00260848148717599;-0,0016819586836608058;-0,00229559907403816;0,005018749859709015
0,0016218973874922431;-0,0070077549821452294;0,00031288241313782994;0,0033367911760482094;-0,0011088758072211671;0,0023992138414814235
0,0015994037810084921;-0,007444195789029204;-0,0007959933940833372;0,005736005017529633;-0,0009761730215274433;-0,004451036995671259
0,0015894254710502544;-0,00774716494887125;-0,0017721664156107805;0,0012849680218583737;-0,0037398201292714456;0,008354924185839968
0,0015476074253286828;-0,00782069390801211;-0,005511986544882226;0,009639892207698342;0,008632772853007255;0,008299504298119764
0,0014349027229826803;-0,007842824146278635;0,0031207863081250294;0,017939396505818106;-0,0036831294317482832;-0,007345688966067965
0,0011017185588413885;-0,007479358696237227;-0,0005623431236232539;0,010593707539750141;-0,0006919197254491097;-0,005880612536716151
0,0008933658470250982;-0,0063983173859630945;-0,0012542628490723635;0,00471309500303399;0,0008898039511767517;-0,008476117121712722
0,0006625194102638775;-0,004893527774098957;-0,0003644588978956118;-0,0037630221186787313;0,0033287075163147255;0,0037479518048043198
0,0003815024595397623;-0,0032002143621134593;0,0029642486184191137;-1,5070313874411545e-05;-0,0005860551277220389;-0,009482195175937881
8,590715289982266e-05;-0,0016574218348751112;0,002378193490697075;-0,009497265489812293;-0,005175446492790818;-0,001113423951970175
-9,111820900335244e-05;-0,0001152321201917391;-0,002797253002093743;-0,010610689441782468;0,0062879467141850045;-0,0034243417639193835
-0,00017301583127864455;0,0010470669748991412;0,0034906937120912614;-0,014035031205701851;-0,003998359032115995;0,00790634967388366
-0,00036680357363768636;0,0017849384923187225;-0,0005076653200247333;-0,006128681531818191;-0,0007354058717196268;0,006853685873348496
-0,00042096356751307777;0,00196140876151023;-0,00124307119174436;0,0007250043415303054;-0,0009954272292799823;-0,009081582160245023
-0,0004954301741894585;0,0018927317694290096;-0,0022384984210243423;-0,008356577818714718;0,001737804453544864;0,0014621995724693922
-0,0006196196285356136;0,0018530549510090016;-0,0005006939674794784;-0,006894378246245326;0,00463050931374653;-0,0032825299608132373
-0,0008333490197227424;0,001479115019840405;0,004129815346267052;-0,010176908207058563;-0,00457813852466616;0,008439899313005799
-0,0010671061696090503;0,0008293999588219951;-0,00044832317839910846;-0,001737008894052764;0,0024895707983948814;-0,0024955900727811862
-0,0011356707056446762;-0,0002273914304787572;0,002041247619995773;-0,00423259896683395;-0,002184259709039651;0,009100171068225985
-0,0012221681688162663;-0,00135366317554162;-0,00014301208904387783;0,004867572101392034;0,0034174699183364826;0,0004047341613360178
-0,0012270157271880256;-0,002649238879277841;0,003274457829292605;0,005272306262728052;-0,003697563700999964;0,001342190171724475
-0,0012375837691215401;-0,0037501116989583803;-0,0004231058717073591;0,006614496434452527;-0,0011846209475438463;0,0035769844394551026
-0,0011171734978833504;-0,004640092268129798;-0,0016077268192512054;0,01019148087390763;0,0023459290150989603;0,0009818921292854693
-0,001013687461513455;-0,005265492979923114;0,000738202195847755;0,011173373003193099;2,156481078713704e-05;0,003708415193251019
-0,0009745104979136077;-0,005483234456760125;0,000759767006634892;0,014881788196444118;0,003996170181344608;-0,010165859290212895
-0,0009058054464798502;-0,005254041013469412;0,0047559371879795;0,004715928906231223;-0,00645940809910018;0,004372806838594985
-0,0008067097147806972;-0,004429576042320935;-0,00170347091112068;0,009088735744826208;0,005596330626524464;-0,005907670644730849
-0,0005173764955623641;-0,003416473914923209;0,003892859715403784;0,0031810651000953594;0,00033156327144995886;-0,0005162017283157211
-0,0002961821127888582;-0,002039822357732434;0,004224422986853743;0,0026648633717796383;-0,007161834263151562;-0,006952537663646008
8,072665860079905e-05;-0,0005359281965378448;-0,002937411276297819;-0,00428767429186637;0,006230031886402008;-0,013287463635271203
0,000626612349464606;0,0010745604995279299;0,003292620610104189;-0,017575137927137573;-0,005089752917115751;0,006280210679691832
0,0010550015892765003;0,0025135422239190497;-0,001797132307011562;-0,01129492724744574;4,039990292906137e-05;0,008813821583167472
0,001615095653492562;0,0032495184312246665;-0,0017567324040825005;-0,0024811056642782686;-0,00016026011357528347;-0,0037339615774450996
0,0021033044254281613;0,0035336975486324543;-0,001916992517657784;-0,006215067241723368;-0,001140383357439892;-0,002399027689573452
0,002521243901200461;0,0037186324394691108;-0,003057375875097676;-0,00861409493129682;0,0075027371948711286;0,005491525823628732
0,002862503676266449;0,0036549646406368323;0,004445361319773453;-0,0031225691076680884;-0,004611347193603926;0,003367523561852999
0,0030814684163285293;0,0032467330445526818;-0,0001659858738304737;0,0002449544541849105;0,0018119141792103388;-0,0021990374018598102
0,0034782476091815484;0,0027135986841618073;0,0016459283053798651;-0,0019540829476748997;0,003774121247624343;-0,013939011887104773
0,0038683873670813484;0,002190262501938329;0,005420049553004208;-0,015893094834779672;-0,004743700227128403;0,011348417383955513
0,004324364257196343;0,001588763001807855;0,0006763493258758052;-0,00454467745082416;-0,0001390472656416647;0,0021779321452245204
0,004997143129431506;0,0003515397082861941;0,0005373020602341405;-0,0023667453055996393;-0,0021602264925150994;-0,0020535088883003386
0,005696975974701701;-0,0010674706832684332;-0,0016229244322809588;-0,004420254193899978;-0,00445498814454845;0,002904196113947183
0,006418300902381262;-0,002581150887047046;-0,0060779125768294084;-0,001516058079952795;0,004420940042661414;0,00824646704393403
0,007074708852769585;-0,004271641258581658;-0,0016569725341679942;0,006730408963981235;-0,004786530124039845;0,005495221395797931
0,00748800030008473;-0,006022773953314382;-0,006443502658207839;0,012225630359779166;0,004765118355316789;-0,004493107372945837
0,007835012846033157;-0,007504690289487856;-0,0016783843028910506;0,007732522986833329;-0,00390184949770378;0,010946742314458552
0,00792428528565327;-0,008497581411270164;-0,00558023380059483;0,01867926530129188;3,883137765545164e-05;-0,0006584225204268046
0,00794642235315774;-0,009181171613579139;-0,005541402422939379;0,018020842780865076;0,00502925047662342;-0,005872766799914025
0,0077453500686384185;-0,009117591203836439;-0,0005121519463159585;0,01214807598095105;-0,0012069023708397297;-0,006527800592920602
0,007322621687201521;-0,008333177082859135;-0,0017190543171556882;0,005620275388030449;0,002326924953587467;-0,005891024483745622
0,006879407227911985;-0,007062839922643789;0,0006078706364317787;-0,0002707490957151726;0,0018497380411044706;-0,0012039267946171994
0,006367430595936221;-0,005567691746907225;0,0024576086775362493;-0,001474675890332372;0,0001354529604688237;-0,008161701507152001
0,005879768789417729;-0,004083373534999268;0,002593061638005073;-0,009636377397484373;0,000727147711541476;0,002556837305092676
0,005490411330000686;-0,0026580423587046066;0,003320209349546549;-0,007079540092391697;0,0005316683062105143;-0,003798617852389498
0,005204776336103847;-0,0016181662783093197;0,0038518776557570633;-0,010878157944781195;-0,002323939542701825;0,0018666771501566377
0,0050519497161888695;-0,0008614718016097004;0,0015279381130552383;-0,009011480794624558;-0,005263209450375506;0,0026238451972420904
0,005053198202504174;-0,0005399036427013292;-0,0037352713373202673;-0,006387635597382467;0,0012414030089729633;0,007747122775316816
0,005115564213341689;-0,0005787947155779403;-0,002493868328347304;0,001359487177934349;-0,0023378570527795017;-0,007847869321768357
0,0050285193706863926;-0,0008731912123498501;-0,004831725381126806;-0,006488382143834008;;
0,004841719794897205;-0,0011132082220043859;;;;
0,004461651203862944;-0,0016127605174122818;;;;
