x;y;acc_x;acc_y;jerk_x;jerk_y
-0,01488971813828126;-0,013577110859057684;-0,0036145764078337472;-0,004534466219039357;0,0007794833723445693;0,004333847466387375
-0,014104728529216303;-0,013870224365789849;-0,002835093035489178;-0,00020061875265198204;-0,007463695613417587;0,004210284963456157
-0,013464321976464699;-0,014344716521283584;-0,010298788648906765;0,004009666210804175;0,0010794505128119969;0,005862418409647963
-0,012937319145132662;-0,014827233426883402;-0,009219338136094768;0,009872084620452137;-0,0009461547136833115;-0,0019898225525610824
-0,012822267859756896;-0,015149363684051053;-0,01016549284977808;0,007882262067891055;0,0030226931421752368;0,00384742267743593
-0,01307599009982492;-0,015076610556400617;-0,007142799707602843;0,011729684745326985;0,007990081847208008;0,00275938156672334
-0,013736332053884066;-0,014688566946034537;0,0008472821396051655;0,014489066312050325;-0,0007095141289486517;-0,008625631720766469
-0,014682385996247327;-0,01383133594585538;0,00013776801065651378;0,005863434591283856;0,0005957256230132435;-0,00766546102935145
-0,015594548653026381;-0,01239454229319421;0,0007334936336697573;-0,0018020264380675943;-0,00038835198246806035;-0,006979321592827631
-0,016501200589379175;-0,010723211256881686;0,00034514165120169693;-0,008781348030895225;0,00634294751092046;-0,0028006436894310316
-0,01737851278038518;-0,009123961278091865;0,006688089162122157;-0,011581991720326257;-0,001114541058283569;0,0013655240041955397
-0,018242019305343114;-0,007875965220537854;0,005573548103838588;-0,010216467716130717;-0,0022550737922037434;-0,004786308996956173
-0,018838002263816163;-0,007091248831796893;0,0033184743116348447;-0,01500277671308689;0,0015849945769563223;0,00580401162507041
-0,01921104329813567;-0,00671519115170116;0,004903468888591167;-0,00919876508801648;1,8738204191737218e-05;0,008613657619595289
-0,01945134535998978;-0,006939244540128902;0,004922207092782904;-0,0005851074684211921;-0,0024308367099014627;0,007026288712846079
-0,019495508666300246;-0,007531248532077305;0,0024913703828814415;0,006441181244424887;-0,00013200326517814887;-0,0002939671614787809
-0,019342783688899395;-0,008146656822762555;0,0023593671177032927;0,006147214082946106;0,004324601391996252;-0,0030780037901291246
-0,019090403896183286;-0,008504417863670809;0,006683968509699545;0,0030692102928169818;-0,00020135403456245093;-0,0011216417533993217
-0,018743649418759046;-0,00861629034126122;0,006482614475137094;0,00194756853941766;0,001633406622373157;0,000461311077324833
-0,018129536200946823;-0,00860539440713895;0,008116021097510251;0,002408879616742493;-0,0026195926583179596;-0,0016746851115053418
-0,017256118404129116;-0,008516595731439975;0,005496428439192291;0,0007341945052371512;-0,0035335897292328444;0,001367833972200777
-0,016058059763411;-0,008331441871071299;0,001962838709959447;0,0021020284774379283;-0,0019962356192114727;0,006155658610343506
-0,014640143985125195;-0,008116920230493138;-3,3396909252025875e-05;0,008257687087781435;-0,0037286457039757415;-0,001502602555320337
-0,013143714658441009;-0,00781831745081746;-0,0037620426132277673;0,0067550845324610975;-0,0007729095002247388;-0,004030180300278824
-0,011648621208126904;-0,007189407187630523;-0,004534952113452506;0,0027249042321822736;-0,004873553623975069;0,0038131178967906465
-0,01030400946234191;-0,006290293543145143;-0,009408505737427575;0,00653802212897292;-0,009103305015211893;0,003335967040600893
-0,009140795801095017;-0,005282183729372472;-0,018511810752639468;0,009873989169573813;0,005353747784279578;-0,008617180498402356
-0,008353922369345226;-0,004012553030440885;-0,01315806296835989;0,0012568086711714568;0,004720740069630552;-0,007677522292433285
-0,008307521367701014;-0,002347962764726345;-0,008437322898729338;-0,006420713621261828;0,0034206483917861574;-0,0018507411007847585
-0,008787442884791198;-0,0006331001521649468;-0,005016674506943181;-0,008271454722046587;0,0053498293977203015;-0,006157346846226458
-0,009604857317830555;0,0008249339155459784;0,0003331548907771209;-0,014428801568273045;0,0019340162548984186;-0,0014733957013610688
-0,010622938731147639;0,0019521097943750402;0,0022671711456755395;-0,015902197269634114;0,002582619557553234;0,00796413692312526
-0,01162769394883364;0,0025021336104731804;0,0048497907032287735;-0,007938060346508853;0,002892059316272011;0,007810925469357348
-0,012541762320692618;0,0024160695357859554;0,0077418500195007844;-0,00012713487715150518;0,0017668270063596059;0,003707519888890072
-0,013261839064422444;0,0020124830472383766;0,00950867702586039;0,003580385011738567;-0,00589555577671419;0,003529681620009162
-0,013672241807372242;0,001603811163604738;0,0036131212491462006;0,007110066631747729;-0,006636695780495694;0,0038234982259727768
-0,013702297469287621;0,0013383546804406417;-0,0030235745313494933;0,010933564857720506;0,00045646628874285167;-0,0010979809600764542
-0,013587828281237153;0,0013573008625464545;-0,0025671082426066416;0,009835583897644051;0,006021265708248791;-0,01059631387566621
-0,013594302074440665;0,0018135896389610876;0,003454157465642149;-0,000760729978022158;0,0008399025101524238;-0,009203330341912029
-0,013703460197348444;0,0026633017712814826;0,004294059975794573;-0,009964060319934187;0,002035993479893583;-0,005673076358239007
-0,013674452021630534;0,0034825847044809917;0,006330053455688156;-0,015637136678173194;-0,006170346459711096;0,0009077353232015695
-0,013473681446880844;0,003903305224883133;0,00015970699597706028;-0,014729401354971625;-0,004504584709938475;0,0068826383665396215
-0,013019708733903627;0,0036985402781583463;-0,004344877713961415;-0,007846762988432003;0,00257126558178683;-0,0035826927532692024
-0,012559347741087325;0,002904599277234695;-0,0017736121321745846;-0,011429455741701205;0,000597372804621743;0,00618393976056944
-0,012272781856829482;0,0017967877567737637;-0,0011762393275528416;-0,005245515981131765;-0,006943645292970979;0,012652025231938882
-0,012057160457858623;0,00023179800664478394;-0,00811988462052382;0,007406509250807117;0,0009096311925524403;0,01028070814307993
-0,011888588631989876;-0,0015430123827294665;-0,00721025342797138;0,017687217393887046;0,008838184392075454;-0,011785256016649308
-0,012044812190942084;-0,0030215624020714323;0,001627930964104074;0,005901961377237738;0,00927119792895631;-0,010552297510009606
-0,012489445887013145;-0,003792623725657916;0,010899128893060384;-0,004650336132771868;0,0005292532252010873;0,004236347862711001
-0,012868962344520044;-0,0043276065941548906;0,011428382118261471;-0,0004139882700608666;-0,005854751391139779;0,009328257593123584
-0,012812513646304527;-0,005048602907962739;0,005573630727121692;0,008914269323062718;0,0012888852233430281;-0,010135597045259986
-0,01229892966335855;-0,0057861587525730234;0,00686251595046472;-0,0012213277221972685;-0,005078999555335334;-0,005473608367845495
-0,011562400451327708;-0,006167143824260798;0,0017835163951293864;-0,0066949360900427635;-0,004276988890892813;0,0030198993641666616
-0,010551370601278276;-0,006596982004836464;-0,002493472495763427;-0,003675036725876102;-0,003651978880917145;0,008959341176953961
-0,009469000095423669;-0,00729461762901384;-0,006145451376680572;0,005284304451077859;-0,003783632229900774;0,0032902977970186154
-0,008486368489399598;-0,00813925472222626;-0,009929083606581346;0,008574602248096475;0,00023265247721257487;-0,00026400586514330193
-0,007749554938442751;-0,008772519637395566;-0,009696431129368771;0,008310596382953173;0,0008061396582859925;-0,0066222494103040375
-0,007409904731749158;-0,009062800462641013;-0,008890291471082779;0,0016883469726491351;0,00456534085890703;-0,003550694065342641
-0,007458111770230314;-0,009020657432568333;-0,004324950612175749;-0,001862347092693506;0,0036745789619186398;0,004440378573672243
-0,007861930467554783;-0,008910980523589688;-0,0006503716502571089;0,0025780314809787375;-0,003568619864896927;0,004435026623092669
-0,008438747189366281;-0,008875797498318783;-0,004218991515154036;0,007013058104071407;0,0027470764018162064;-0,004254466374674637
-0,009041578777188064;-0,008737493213808728;-0,0014719151133378294;0,00275859172939677;0,003486728783682752;-0,0038969466305877887
-0,009813170025616009;-0,008318666605135817;0,0020148136703449226;-0,0011383549011910188;0,00014574666411817927;0,0018225547396920616
-0,010643637878577465;-0,007789496327287036;0,002160560334463102;0,0006841998385010428;0,0015240622464866016;0,00304444738344245
-0,011393513184725125;-0,007305860245485895;0,0036846225809497035;0,003728647221943493;-0,005351737652039723;-0,007465852247358434
-0,012056966077494263;-0,006794856170144712;-0,0016671150710900196;-0,0037372050254149414;0,005408565070202875;-0,006338506296729496
-0,01257303406702541;-0,00613470620592579;0,003741449999112856;-0,010075711322144437;-0,005864363229839131;0,005922911578239792
-0,013155786659400159;-0,0056240444427234654;-0,0021229132307262755;-0,004152799743904645;0,002568302659035182;0,0034972212870342245
-0,013588881251810394;-0,005516411132406918;0,0004453894283089066;-0,0006555784568704204;0,0011745934455856255;0,005179557583425254
-0,01410689237344968;-0,0055748898118465565;0,001619982873894532;0,0045239791265548335;0,00020606026948216671;-0,0024539006388803464
-0,01460708791795661;-0,005659591629561011;0,0018260431433766988;0,002070078487674487;-0,002724607409322566;0,0007717485259021439
-0,015042484147507758;-0,005563334282213274;-0,000898564265945867;0,002841827013576631;0,0030036206862568138;-0,002266879170615174
-0,01540483865132384;-0,005384273795358556;0,0021050564203109468;0,0005749478429614568;0,0020238293835451726;-0,007269088310519534
-0,015803135725777753;-0,005091540227960774;0,004128885803856119;-0,006694140467558077;0,004958137349013125;0,007684581276062197
-0,01611723054341923;-0,004775808746844533;0,009087023152869245;0,00099044080850412;-0,0010436305425299275;-0,006946545104833779
-0,016266169928906463;-0,004727842884430615;0,008043392610339317;-0,005956104296329659;0,0006184187319824841;-0,002993208543713502
-0,016051628388278925;-0,004640259389676532;0,008661811342321801;-0,008949312840043161;-0,0032296985661082744;0,003925924418664378
-0,015515351143237814;-0,004790920066775636;0,005432112776213527;-0,005023388421378783;-0,001037417515664274;0,0045694989357741855
-0,014632601444503832;-0,005299553257476466;0,004394695260549253;-0,0004538894856045972;-0,00022534102614069074;0,006015865310262575
-0,013532567234721309;-0,006009121985032447;0,004169354234408562;0,005561975824657978;-0,0055070584705400605;-0,007699656208552369
-0,012256745214516815;-0,006736846292012613;-0,0013377042361314984;-0,0021376803838943914;-0,0020248097421400046;5,994592292532519e-05
-0,010814149024935979;-0,0072420915660064596;-0,003362513978271503;-0,0020777344609690662;-0,0023983481110769755;0,007893072300762416
-0,009425061004800403;-0,007832844055356081;-0,0057608620893484785;0,00581533783979335;0,004386051042151312;-0,007595371267085621
-0,008170473543795688;-0,008506705923144465;-0,0013748110471971664;-0,0017800334272922713;0,003192464036324394;0,0013894223755437918
-0,007146320566364911;-0,008947954277341116;0,0018176529891272275;-0,00039061105174847954;-0,006225867916369546;0,00240959055091286
-0,006177160030822021;-0,009460403968629457;-0,004408214927242318;0,0020189794991643806;-0,0035445076843245438;-0,0031837641931621863
-0,005135293375714042;-0,009988478101987738;-0,007952722611566862;-0,0011647846939978057;2,7693058143263283e-05;0,003895762954096077
-0,004269755317695755;-0,010435793055379443;-0,007925029553423599;0,0027309782600982713;-0,0003781372708493991;-0,0049640561811229444
-0,0037223261641401435;-0,01092969939653106;-0,008303166824272998;-0,002233077921024673;0,0019048106746944876;0,014307803945990127
-0,0034918981927214753;-0,011314366607278747;-0,00639835614957851;0,012074726024965454;0,001547591771566853;-4,4315021625551676e-05
-0,0035935968942737272;-0,011788356934867421;-0,004850764378011657;0,012030411003339903;0,0015290430777312458;-0,007984739356644621
-0,0039512298418091195;-0,011779358221457476;-0,0033217213002804113;0,004045671646695281;0,006450215986738866;-0,0016127953558722208
-0,004502893364464978;-0,011289143067913936;0,003128494686458455;0,0024328762908230606;-0,002636927028112218;-0,0016005843097415262
-0,005187425739132053;-0,010637101048502585;0,000491567658346237;0,0008322919810815343;0,0015554065566313335;-0,003769034968866103
-0,00574681832634079;-0,00988774397745831;0,0020469742149775705;-0,0029367429877845685;-0,0007252503608767835;-0,00948597369132173
-0,006286548207215678;-0,009105095227170774;0,001321723854100787;-0,0124227166791063;-0,0028876838563801077;0,004640621347067664
-0,006744399119491462;-0,008439916196394621;-0,0015659600022793208;-0,0077820953320386355;0,002427250493814981;0,007270895520801818
-0,007149381077603215;-0,00827164583278272;0,0008612904915356601;-0,0005111998112368177;-0,00046995970278168597;0,0010089500057179346
-0,007617001435806141;-0,008414659282452365;0,0003913307887539741;0,0004977501944811169;0,00201238209228749;-0,0026919576908969456
-0,008050170174347641;-0,008578120724571483;0,0024037128810414643;-0,0021942074964158287;-0,002980307820246858;0,00759505092587362
-0,00846768568133898;-0,008721672158911354;-0,0005765949392053937;0,005400843429457791;-0,0006293659986984501;0,007928248431279733
-0,008789052673088663;-0,00895299189310786;-0,0012059609379038438;0,013329091860737524;0,0004469989045852163;-0,008685834763877881
-0,00913348346240656;-0,008968277890126055;-0,0007589620333186275;0,004643257096859643;0,00013129628948413408;-0,012395810430565285
-0,009526152689240612;-0,008450400212714747;-0,0006276657438344935;-0,007752553333705642;0,0031417062923728145;-0,0010293483790016211
-0,00994918039740741;-0,007746792251429054;0,002514040548538321;-0,008781901712707263;0,002708606478411868;0,007125452498946194
-0,010397314735327587;-0,007353286423491588;0,005222647026950189;-0,0016564492137610687;0,0048591872908408384;-0,004504345267744347
-0,010744887451306228;-0,007311056664062411;0,010081834317791027;-0,006160794481505416;-0,004557952994352188;0,0029092397658425917
-0,010883554286206866;-0,007335084873183677;0,0055238813234388395;-0,0032515547156628244;0,0016791890773926454;0,0035895991258821647
-0,01061894774839586;-0,00760554486156516;0,007203070400831485;0,0003380444102193403;-0,0093707689214233;0,00965623576643218
-0,010133385957647302;-0,008006067038573155;-0,0021676985205918153;0,009994280176651521;-0,0014786433037769497;0,0038543417098869936
-0,009359701350865482;-0,008393067439172378;-0,003646341824368765;0,013848621886538515;-0,005062153767066813;-0,006408077498641251
-0,008672724684907337;-0,00838029663270554;-0,008708495591435578;0,007440544387897263;-0,0036097014468658983;-0,003431683264436214
-0,008131601691923942;-0,00781358095077716;-0,012318197038301476;0,004008861123461049;0,0037012989277150354;0,002105053399658788
-0,00793881852259797;-0,006949243493332891;-0,00861689811058644;0,006113914523119837;0,0011647436618198448;-0,003994739572641431
-0,008238763234804058;-0,0059245515909501795;-0,007452154448766596;0,0021191749504784058;0,008288693307755834;-0,000429799344464972
-0,008883383871433602;-0,004655303107642674;0,0008365388589892386;0,0016893756060134338;0,004776878273830915;-0,006186231116465258
-0,00982609068601381;-0,0033012876263160324;0,005613417132820153;-0,004496855510451824;0,002594904931728703;-0,00021329069368973552
-0,01073533594623445;-0,0018796971207488537;0,008208322064548856;-0,00471014620414156;0,0012575206973507447;0,001263572534304671
-0,011420044521142283;-0,0006379808355997478;0,009465842761899601;-0,0034465736698368887;0,0030329075884081846;-0,006195373743332351
-0,011776420213468163;0,00041532960138369564;0,012498750350307786;-0,00964194741316924;0,0004990983995646348;-0,0023910491588393992
-0,011754162195318057;0,0013307770915736636;0,01299784874987242;-0,012032996572008639;-0,007502486810478409;0,0045151614731406275
-0,011231954163155639;0,0018605466852368619;0,005495361939394011;-0,0075178350988680115;-0,008751789859645864;-0,001173661197323303
-0,010189832180998327;0,0019089964160197146;-0,003256427920251853;-0,008691496296191314;-0,004514326629711629;0,003521518494383473
-0,008927895721265252;0,0016567327428478468;-0,007770754549963482;-0,0051699778018078416;0,002452926388360116;-0,0026294875566476444
-0,007796216378342252;0,0010568092178283265;-0,005317828161603366;-0,007799465358455486;-0,0007536834204675269;0,0034268357298600644
-0,006975367217417792;0,0002500865807364924;-0,006071511582070893;-0,004372629628595422;-0,0036438358967086915;0,008615649635363272
-0,006367231182957466;-0,000868614670693561;-0,009715347478779585;0,00424302000676785;-0,00235822278406142;0,0019821074416162404
-0,006001955611779975;-0,0021622211072674312;-0,012073570262841005;0,006225127448384091;0,008854401128969291;0,001836195657567652
-0,006025293939753669;-0,003286106743570588;-0,0032191691338717132;0,008061323105951743;0,002600722641046521;0,0018026135458099335
-0,006531575078241003;-0,00416098728193838;-0,000618446492825192;0,009863936651761676;0,00358701843815995;-0,0025480766431259794
-0,007166622982083204;-0,004713414896068103;0,002968571945334758;0,007315860008635697;-9,006367429009732e-06;0,0025272486029332686
-0,007826408745638414;-0,004871285044127359;0,0029595655779057484;0,009843108611568965;0,0029529215943833176;-0,007135733929574853
-0,008367451631380233;-0,004736520791841187;0,005912487172289066;0,0027073746819941125;0,004438541554490444;-0,0058312196664553895
-0,008790111894005822;-0,004208032195092257;0,01035102872677951;-0,003123844984461277;-0,005529368626370101;0,0006341780749541115
-0,008976272669739849;-0,0035712486110635617;0,004821660100409408;-0,0024896669095071655;-0,0051688571254314974;0,0006311396221401824
-0,008748392296402695;-0,003059418826413318;-0,00034719702502208905;-0,001858527287366983;-0,002487309271065552;-0,006248971508027626
-0,008327645519049165;-0,00264717571814336;-0,002834506296087641;-0,008107498795394609;-0,0022752792710603875;0,0033442593491617156
-0,007920786622696518;-0,0023092737013680822;-0,0051097855671480286;-0,004763239446232893;-0,0028253283447664257;-1,0876203668741535e-05
-0,007627307978187377;-0,0022956716364085886;-0,007935113911914454;-0,004774115649901635;0,0037216963656629964;0,0016565781307412777
-0,007538220756364158;-0,0024725991492984107;-0,004213417546251458;-0,003117537519160357;0,0027609134024997872;0,003242384191488562
-0,007766538091017516;-0,002840491288184298;-0,0014525041437516706;0,0001248466723282049;0,004476028567466289;0,0018825950427335258
-0,008163392127520933;-0,0033330849278366;0,0030235244237146186;0,0020074417150617307;0,0021510215272519118;0,0046219948230798585
-0,008618346329774417;-0,003820684700595773;0,00517454595096653;0,006629436538141589;0,00458068739597145;0,00022386821911546395
-0,008952359555079316;-0,004227986804752478;0,00975523334693798;0,006853304757257053;-0,0008232112060675423;-0,001467985796599569
-0,009079390942345554;-0,0043701114473835186;0,008932022140870438;0,005385318960657484;-0,004097070282987225;0,004134235687617879
-0,008816212995734271;-0,004238103899724277;0,004834951857883213;0,009519554648275363;-0,0004560866032753963;-0,008434028610461039
-0,008195754163488172;-0,0038906835936387365;0,004378865254607817;0,0010855260378143244;-0,00015192603360736356;-0,009602346246162373
-0,007381897256926746;-0,003162481101622181;0,004226939221000453;-0,008516820208348048;-0,0016046951603738147;0,0038681800564269453
-0,006392885740181004;-0,0023908575680930528;0,0026222440606266384;-0,004648640151921103;-0,006297588489625153;0,006871288164735312
-0,005234796654595247;-0,0019599068428978465;-0,0036753444289985143;0,0022226480128142087;-0,0016855200987020216;-0,0008268027198381489
-0,003971817806584422;-0,0017149017237794843;-0,005360864527700536;0,0013958452929760598;-0,0013521637729570282;-0,0012359969799370027
-0,002855852735733539;-0,0013809906841485537;-0,006713028300657564;0,0001598483130390571;-0,004560810194946474;1,0541420667423834e-05
-0,001954322245990677;-0,0009912458327985807;-0,011273838495604038;0,00017038973370648094;0,002741140040609137;0,006498416250435252
-0,0013213128882741177;-0,0005951070489270455;-0,008532698454994901;0,006668805984141733;-0,0032221044709707936;-0,0018446553204668446
-0,0011392570703817198;-0,00019215267570725096;-0,011754802925965695;0,004824150663674889;0,002591999867139469;-0,00017646683084813694
-0,001298509190689118;0,0004775539368782128;-0,009162803058826226;0,004647683832826752;0,003644743461951684;-0,0016567099385908848
-0,001927953428035144;0,0013402265760106722;-0,005518059596874542;0,002990973894235867;0,006972963677352811;-0,010140776713936865
-0,002923909787734219;0,0023888065684562016;0,0014549040804782698;-0,007149802819700998;0,008831847436393037;0,0001865745594413215
-0,004140588531308276;0,0035570255166711656;0,010286751516871306;-0,006963228260259677;-0,006005509203702131;0,007458175229075645
-0,005299071111663202;0,00443925235209809;0,004281242313169176;0,000494946968815968;0,005393936693630003;0,0029361448499874987
-0,006046083631343275;0,005042950057114626;0,009675179006799178;0,0034310918188034667;-0,006906759344126462;-0,0024640351310322717
-0,006621846458496582;0,005666445640883803;0,0027684196626727164;0,000967056687771195;0,002306888557072062;0,00018589692413845116
-0,006810602125377921;0,006427184897405117;0,0050753082197447785;0,0011529536119096462;-0,005543764295473486;0,0005574520041962405
-0,006888621005752352;0,00722660642143728;-0,00046845607572870707;0,0017104056161058867;-0,001117670950753713;-0,004886441264426639
-0,006763627557336992;0,008072146089945827;-0,00158612702648242;-0,003176035648320752;0,001220920115284213;-0,004298403698668851
-0,00665737235195078;0,008986101983098611;-0,00036520691119820703;-0,007474439346989603;-0,0027737050916087913;-0,0030499052495675805
-0,006614562227623865;0,009773016450318564;-0,0031389120028069983;-0,010524344596557184;0,007801337426123128;-0,005268853568215409
-0,006586360379744877;0,010260953343658934;0,00466242542331613;-0,015793198164772593;-0,000955018014827641;-0,006569653367629297
-0,006683715011978171;0,010327916453137017;0,003707407408488489;-0,02236285153240189;-0,001541858992567452;0,010699916147622862
-0,006594572627278819;0,009763151636024195;0,002165548415921037;-0,011662935384779027;-0,003880179480930973;0,007109427008398159
-0,006357133946239927;0,008303872757615297;-0,0017146310650099361;-0,004553508376380869;0,00019694946668408209;-0,002847011963198594
-0,006033073328564193;0,006378076463815239;-0,001517681598325854;-0,0074005203395794625;-0,0012984604674559086;0,002601862321866988
-0,005777597953488858;0,004270139834959946;-0,0028161420657817626;-0,004798658017712475;-0,0023800526261159027;0,01305000989829249
-0,005582829842346556;0,0018661823925214742;-0,005196194691897665;0,008251351880580016;-0,00283322402801936;0,008869225907725764
-0,005500707413835525;-0,0007297213706254967;-0,008029418719917025;0,01712057778830578;0,005575264258199236;-0,00257609363805128
-0,0056264327730004005;-0,002995571058549267;-0,002454154461717789;0,0145444841502545;0,0011405332896915477;-0,005559346808561544
-0,006073334880961958;-0,004576597634940806;-0,0013136211720262414;0,008985137341692956;0,001461303924353674;0,0006361057948843507
-0,006618403167392225;-0,005575844845322165;0,00014768275232743266;0,009621243136577307;-0,0014865320826270012;0,002491857119143903
-0,007216016300703543;-0,006215686562035805;-0,0013388493302995685;0,01211310025572121;0,00605649610711087;-0,0071984052859448144
-0,007807722123921763;-0,006470678553286353;0,004717646776811302;0,004914694969776395;0,0016250478749530728;-0,0035364829153690935
-0,008452981920351967;-0,006241146534308053;0,0063426946517643745;0,0013782120544073018;-0,004582638932779909;0,001841541207596012
-0,008909535845709717;-0,005815026716538697;0,0017600557189844657;0,0032197532620033137;-0,002239834433554938;-0,004088617510852155
-0,009112381984996894;-0,005333778416593049;-0,0004797787145704724;-0,0008688642488488413;0,0001263520772186999;-0,006895710883564568
-0,00924482589552469;-0,004723739986167269;-0,0003534266373517725;-0,007764575132413409;0,0004485928590147181;-0,0043530257466654065
-0,009396460954635307;-0,004148456125695442;9,516622166294564e-05;-0,012117600879078816;-0,00035747176332703856;-0,0002309321062966968
-0,009562233079239995;-0,0038837552705201514;-0,0002623055416640929;-0,012348532985375513;-0,0011974647508781189;0,0034538858196094535
-0,009724198554978164;-0,004103758450508014;-0,0014597702925422118;-0,00889464716576606;0,0013981957977091675;0,0019804301289624987
-0,009896656252382898;-0,004817702949910896;-6,157449483304434e-05;-0,0069142170368035605;-0,0007126034539372827;0,002762973723605039
-0,010127504761489318;-0,005887433335944421;-0,0007741779487703271;-0,004151243313198522;0,0031948915537770017;0,007263086215757358
-0,010360816250389062;-0,007233732403450088;0,0024207136050066747;0,0031118429025588368;0,002431051916513993;0,0027945698833526655
-0,01062509485723962;-0,008746081203483696;0,004851765521520668;0,005906412785911502;0,00352128835743154;0,007954983901886342
-0,010792544919889908;-0,010133956287414952;0,008373053878952208;0,013861396687797845;-0,004070813252830374;-0,003714004127704007
-0,010765924361679372;-0,011285574859909747;0,004302240626121834;0,010147392560093837;-0,0020277930752913287;0,002557301268598544
-0,010404381648310746;-0,011882737564892627;0,002274447550830505;0,012704693828692382;-0,003737065549172608;0,002731252429293174
-0,009870749309897247;-0,012074004567471755;-0,0014626179983421028;0,015435946257985556;-0,0022866865745768683;-0,0006342725408289285
-0,009246139069450527;-0,011757083816903187;-0,003749304572918971;0,014801673717156627;-0,002185832375308089;-0,007095091582634161
-0,008680033548937493;-0,010822725216015197;-0,00593513694822706;0,007706582134522466;-0,005486897444274441;-0,006792458602798951
-0,008263900211341216;-0,009296299666440942;-0,011422034392501501;0,0009141235317235152;-0,0019078917479252722;-0,0009052509667528408
-0,008085172351674023;-0,007461610831485788;-0,013329926140426773;8,872564970674457e-06;0,008220535187275863;0,0017759946269932797
-0,008363325867706889;-0,0055903570552616935;-0,005109390953150911;0,0017848671919639542;0,008113601505331636;-0,006756274576452823
-0,009174676429356826;-0,003718748376438772;0,003004210552180725;-0,004971407384488868;0,003705940737241037;-0,007813856829244258
-0,0101904026291328;-0,0017757450099372923;0,006710151289421762;-0,012785264213733126;0,0015558927590586524;0,00025384361076092807
-0,011085960406821544;-3,159793881536742e-05;0,008266044048480414;-0,012531420602972198;0,0018924260594457287;0,007571109928983626
-0,011713112132933419;0,0012011385637572323;0,010158470107926143;-0,004960310673988572;0,00032435611499559425;0,0051999305879750594
-0,012009622097106076;0,001932618242210944;0,010482826222921737;0,00023961991398648713;-0,0027060677775465614;-0,004565576203534032
-0,011899793256961689;0,0024656854937051133;0,007776758445375176;-0,0043259562895475445;-0,0038953101338934093;-0,0051404989652942545
-0,011370651367900431;0,003008337541758742;0,0038814483114817666;-0,009466455254841799;0,0001846387635187352;0,013316421565348513
-0,010530439141024165;0,003377951338230468;0,004066087075000502;0,003849966310506714;-0,004295412981012742;0,010216877209309458
-0,009534968981688631;0,003368906924508523;-0,0002293259060122399;0,014066843519816172;-0,004044426275254059;-0,0012839261669264773
-0,008376855339353076;0,003513861163206846;-0,004273752181266299;0,012782917352889694;0,0042890208211019965;-0,012517857811740335
-0,007227914733258009;0,004221489142697816;1,526863983569715e-05;0,0002650595411493595;-8,9182001682106e-05;-0,003337501249918162
-0,006249924214413596;0,0054404338163043745;-7,391336184640884e-05;-0,0030724417087688027;-0,0003413708260233683;0,0061443698534661695
-0,0052713229499757545;0,006669980871556906;-0,00041528418786977717;0,0030719281446973667;-0,0008622770959302861;-0,012811866421007623
-0,004295678220011769;0,007776630258458686;-0,0012775612838000633;-0,009739938276310256;0,001698535375051241;-0,007222059815996107
-0,0033366448575625745;0,009006156771148362;0,0004209740912511778;-0,016961998092306363;0,004583113892086675;-0,004263778778400479
-0,002428713946465383;0,009846085752785626;0,005004087983337853;-0,02122577687070684;5,2208168776865516e-05;0,004180588650231687
-0,0015039440717181441;0,010007534810730637;0,0050562961521147184;-0,017045188220475155;0,0034568834384976627;0,0007864588632874314
-0,0003790106776373911;0,009319952793847373;0,008513179590612381;-0,016258729357187723;-0,0023146967648837863;-0,00014081014902553313
0,0009481745625279505;0,007950563248145102;0,006198482825728595;-0,016399539506213257;-0,007722155953872857;0,012913045598684197
0,0026158869863177874;0,005930824528155324;-0,0015236731281442623;-0,003486493907529059;-0,0018753886691293686;0,009543136604118235
0,004531538723136768;0,003255104227917015;-0,003399061797273631;0,006056642696589176;-0,003235987125156506;0,001099058186519529
0,006386243534829979;0,00043992417137754384;-0,006635048922430137;0,007155700883108705;0,00046936741506514723;0,004354185005255959
0,008104985874632244;-0,0021329901772983604;-0,0061656815073649895;0,011509885888364664;-0,007721345479999087;0,006632153708821552
0,009558326257537303;-0,0044196764906499165;-0,013887026987364076;0,018142039597186216;0,00033541633811631777;-0,0012385038654246228
0,010765039380147763;-0,006245967368466886;-0,013551610649247758;0,016903535731761593;0,0017601004516293872;-0,004797894812164943
0,011416271423263659;-0,0073465766623964064;-0,011791510197618371;0,01210564091959665;0,004172995171903393;-0,005064157829055033
0,011525439040409646;-0,007771044527055464;-0,007618515025714978;0,007041483090541617;0,005485411139061758;-0,006031489099065757
0,011162946249650897;-0,007711286754930656;-0,0021331038866532204;0,0010099939914758604;-0,0004712083046046478;0,0069874234703770355
0,01049571285786355;-0,0073698696591841814;-0,002604312191257868;0,007997417461852896;0,004762539525944298;-0,006354197355574215
0,009743155310610074;-0,006988052803778674;0,00215822733468643;0,001643220106278681;0,0007099162294420536;-0,005205738870145943
0,008886425275706284;-0,00628633924989905;0,0028681435641284836;-0,0035625187638672617;0,003957293224876396;-0,007692585908500402
0,00811602433418995;-0,005518896891768279;0,0068254367890048795;-0,011255104672367663;-0,0018561039996258522;0,0018352726137793596
0,007460349135238756;-0,004893955284192199;0,004969332789379027;-0,009419832058588304;-0,0032858696463677617;0,007815790268428019
0,007077691407847756;-0,004719217863510825;0,0016834631430112657;-0,001604041790160285;-0,006569593068616042;0,0024735201136636686
0,006893806992031918;-0,004921273725172983;-0,004886129925604776;0,0008694783235033837;-0,0016458320245233415;-0,002586747948763249
0,00677726110193653;-0,005187491258441552;-0,006531961950128118;-0,0017172696252598652;-0,0011194244788687302;0,010264486904282139
0,006465270014816952;-0,005418929658769987;-0,007651386428996848;0,008547217279022273;0,003768780966767346;0,006275431302108669
0,005892000449692248;-0,005719058844108815;-0,003882605462229502;0,014822648581130943;0,005639797860044704;-0,00827527612429764
0,005012675427407671;-0,005677299338286753;0,001757192397815202;0,006547372456833303;-0,00042894315428706337;-0,007321219103587989
0,003978046186633914;-0,005042633889219454;0,0013282492435281387;-0,0007738466467546862;0,003179907585479584;-0,002752514172464929
0,003013704641772765;-0,0041460735418788214;0,004508156829007723;-0,003526360819219615;0,0015111337421479763;0,000851573925460071
0,002102493066652741;-0,0032804670604083767;0,006019290571155699;-0,002674786893759544;-0,00116589532796065;-0,005481565039469727
0,0013716077646930263;-0,002555915011706717;0,004853395243195049;-0,00815635193322927;-0,0022491665618590197;-0,0009608246494118289
0,0008814940855795396;-0,0019383544387554389;0,0026042286813360294;-0,0091171765826411;-0,003943737883904938;0,009666238542669757
0,0005855162161938548;-0,0016470479431333316;-0,0013395092025689087;0,0005490619600286573;0,0021479763588371937;0,005308447167657458
0,00039370749406161115;-0,0017204285108168682;0,000808467156268285;0,0058575091276861155;0,00042083373005731214;-0,0033578898861437376
0,0001483184038266112;-0,0017718466000992586;0,0012293008863255971;0,002499619241542378;0,0010654584731796535;0,0010948359667260592
-6,473200015765738e-05;-0,0015889643242742045;0,0022947593595052506;0,003594455208268437;0,002146660581022363;0,003468137352933047
-0,00022861036868890208;-0,0013060972787874551;0,0044414199405276135;0,007062592561201484;0,0018572704215618126;-0,0033102719824589823
-0,00030069836283993677;-0,0008794520249699682;0,006298690362089426;0,003752320578742502;-0,002047024521798917;-0,006263189296598654
-0,00019512955936986688;-0,00017030306870442205;0,004251665840290509;-0,0025108687178561524;-0,005119398299597885;0,0014682485670318088
0,00016238685858378007;0,0006889387107108242;-0,0008677324593073764;-0,0010426201508243436;-0,0013308868813875704;-0,0023875492987608417
0,0006899699101490474;0,0014477457414118246;-0,002198619340694947;-0,0034301694495851853;-0,002075764910163355;-0,0014222778025157479
0,0011828436633420196;0,002164847966079851;-0,004274384250858302;-0,004852447252100933;0,001419809534503779;-0,003224876048111308
0,001587772642907194;0,00274474341276447;-0,002854574716354523;-0,008077323300212241;0,0022830941763189658;-0,0022484765925243344
0,0018217262524380363;0,0031305409693650516;-0,0005714805400355571;-0,010325799892736576;-0,0010497836910684163;0,0037682344382952634
0,0019414968733146975;0,003193245593957144;-0,0016212642311039735;-0,006557565454441312;0,003508291743031494;-0,003955083532046346
0,0020384082725899365;0,0028429182228397725;0,0018870275119275207;-0,010512648986487658;0,001445657253664294;0,0030344573372301856
0,002070469102621017;0,002230288233544749;0,0033326847655918146;-0,007478191649257473;0,0022167016854615293;0,005869319944418989
0,002178011033129198;0,0011971522847902193;0,005549386451053344;-0,001608871704838484;0,002046643394121486;-0,0014329487106160554
0,002418860354261051;-0,0001351113299346094;0,00759602984517483;-0,0030418204154545395;-0,002988230277621483;0,0018617055113179237
0,0028816851334350388;-0,0015317298128529775;0,004607799567553347;-0,0011801149041366157;-0,00167579130864344;0,01633485265208732
0,003648351106416019;-0,003050021112389527;0,0029320082589099072;0,015154737747950703;-0,004462461627967845;0,01202429989239466
0,004599329062099133;-0,004615517008091542;-0,001530453369057938;0,027179037640345363;-0,0014232610803674162;-0,003999906167772377
0,005667587348138645;-0,005574823393875528;-0,002953714449425354;0,023179131472572986;-0,0027403552837571565;-0,006334420844941777
0,0066746274994158375;-0,005446968274045699;-0,005694069733182511;0,01684471062763121;-0,0008537093925591321;-0,006320746146753424
0,007563519072716017;-0,004391947895312952;-0,006547779125741643;0,010523964480877786;-0,0009696804515472168;0,0008762418550240791
0,008224647856688895;-0,0026631390914749553;-0,00751745957728886;0,011400206335901865;0,0030546218322135277;-0,017183515867888577
0,008623865475632108;-0,0005133717084018477;-0,004462837745075332;-0,005783309531986712;0,002053825101437756;-0,01479337222680123
0,008722384711483766;0,0020924039281073345;-0,002409012643637576;-0,02057668175878794;0,004427152787243455;0,0023673288710350585
0,008642390437532411;0,004466847183337048;0,002018140143605879;-0,018209352887752883;0,008388097108351117;0,0020216789776841826
0,008466035657835554;0,006018223168215244;0,010406237251956996;-0,0161876739100687;-0,0033132128181520004;0,008024088543222313
0,00837040648388293;0,006841225037583325;0,007093024433804995;-0,008163585366846388;-0,0034542864839984255;0,001825987278225194
0,008691026800008588;0,007016719950548657;0,0036387379498065697;-0,0063375980886211936;-0,004256936376615783;-0,0003091533895530074
0,009295368093486444;0,006865671448840135;-0,0006181984268092133;-0,006646751478174201;-0,0034336519940074695;0,005825919529674095
0,010045258904956564;0,006461119023586765;-0,004051850420816683;-0,0008208319485001059;-0,00042766638120905753;-0,0013840302599455873
0,010770421779354316;0,005790696539206426;-0,00447951680202574;-0,002204862208445693;-0,0024607701645770197;-0,0030099770977123214
0,0113335106369194;0,005087440776886083;-0,00694028696660276;-0,0052148393061580145;-0,00441468841918119;0,00891195640959603
0,011717418822403453;0,004295990526227912;-0,01135497538578395;0,003697117103438015;0,008170625567166911;0,001425421412062998
0,011823715529223398;0,0032959467033234213;-0,0031843498186170383;0,005122538515501013;0,006126837348171321;0,0016238104855036961
0,011475813220611983;0,002443787564556451;0,002942487529554283;0,006746349001004709;0,008255487701120279;-0,004586327759663784
0,011000536919255888;0,0017965299664095208;0,011197975230674562;0,0021600212413409245;-0,0023690885726273536;0,001357654949319144
0,010642960119081965;0,0014191263283027792;0,008828886658047208;0,0035176761906600684;-0,0032553764376470617;0,006162706580451607
0,010733302328135021;0,0011281235398496745;0,005573510220400146;0,009680382771111676;0,00035592761330233147;-0,009322804834150225
0,011176800003509967;0,0009778277990229725;0,005929437833702478;0,0003575779369614507;-0,010071449502645546;-0,002380659398622642
0,01184323808770092;0,0012147473690407376;-0,004142011668943069;-0,0020230814616611914;-0,005093107549022702;-0,0007141708047015
0,012746853685239971;0,0014659700565369607;-0,00923511921796577;-0,0027372522663626914;-0,006438293889432178;-0,006151534091503548
0,0134847888160213;0,0016362694855667362;-0,01567341310739795;-0,00888878635786624;0,007514142082628739;-0,004100445302811992
0,013853319178083998;0,001697078823942004;-0,00815927102476921;-0,012989231660678231;0,00156892750321308;0,003260726033680883
0,01359491301585078;0,0014023367080026224;-0,00659034352155613;-0,009728505626997348;0,001939755658311726;0,011057354808605445
0,01301013601262679;0,0005880253256361112;-0,004650587863244404;0,0013288491816080966;0,007937315613203266;-0,0012344392755017017
0,012161745268540556;-0,0006154262818102937;0,003286727749958862;9,440990610639494e-05;-0,002483714870694098;-0,0010845598354786642
0,011127331009924546;-0,0017657239219923749;0,0008030128792647639;-0,0009901499293722693;0,008278129450300792;0,0046935020811910005
0,010224385861306891;-0,0029122451659302;0,009081142329565556;0,0037033521518187312;-0,004355441676167776;0,011869947412517554
0,009353561227859826;-0,004098372407042916;0,00472570065339778;0,015573299564336285;-0,0009833884107821322;-0,002030504679349565
0,008845982287595384;-0,005136365562082883;0,0037423122426156474;0,01354279488498672;-0,0017231462705454004;-0,0034951703962143726
0,008527431373466851;-0,005551426734549399;0,002019165972070247;0,010047624488772347;0,0014238709418467055;0,00023681294337780934
0,008358572949042947;-0,005424776111616445;0,0034430369139169525;0,010284437432150156;0,002446797791122224;-0,00942796104270159
0,00827048116350185;-0,004896220509132598;0,005889834705039176;0,0008564763894485655;0,0034525736958184172;4,338182334649027e-05
0,008320110854517433;-0,003956287409362744;0,009342408400857594;0,0008998582127950558;-0,006649350921721087;-0,00483447213045882
0,008605333933734582;-0,002982095254014948;0,002693057479136507;-0,003934613917663764;-0,005153045949482127;0,006128072801318756
0,009264253348986036;-0,0019719087701553497;-0,00245998847034562;0,0021934588836549918;0,0011903613889932552;-0,0016890356679681064
0,01003089506340295;-0,001119106843002302;-0,0012696270813523647;0,0005044232156868854;-0,0021192922980127205;-0,008448718133706321
0,010699137239006038;-0,00017856656050305457;-0,003388919379365085;-0,007944294918019436;0,0038360380839029817;-0,0003233736848204452
0,011316594331355033;0,0007821506506236683;0,0004471187045378966;-0,008267668602839881;-0,00977327314615628;0,011147592489253809
0,011798494648529423;0,0014250960650296137;-0,009326154441618384;0,002879923886413928;-0,005413822502856325;0,0034475576814852055
0,01229827971388533;0,001737334735321964;-0,014739976944474709;0,006327481567899133;0,004490323130387497;-0,004193152758749243
0,0124250186015765;0,0021647703610708714;-0,010249653814087212;0,0021343288091498908;0,002135144827837193;-0,005362186854145509
0,011962158411488684;0,002845305249535744;-0,008114508986250019;-0,0032278580449956185;-0,0022979044035214835;0,002584016166463185
0,011089312068837379;0,003611213290366612;-0,010412413389771502;-0,0006438418785324335;-0,0010249021334793884;0,0033011677024513686
0,009891885366736072;0,004248007009397656;-0,01143731552325089;0,002657325823918935;0,003381549190670588;0,0001221290877612552
0,008277962129043906;0,004859047053287402;-0,008055766332580303;0,0027794549116801903;0,009308103448097224;-0,0061189870519761935
0,0062065462704217035;0,005576380130133906;0,0012523371155169216;-0,003339532140296003;0,006854059989351763;-0,0035010003904749343
0,0038128997584962895;0,006404891403447617;0,008106397104868684;-0,0068405325307709375;0,0017456538883403455;-0,00027042975478089315
0,001469346731191552;0,007099821391149488;0,00985205099320903;-0,007110962285551831;0,004247115668034526;0,006390186299930739
-0,0005499504119184378;0,007521130077620522;0,014099166661243556;-0,0007207759856210916;0,0008158945339714063;-0,0010601023489703876
-0,0021751655153000667;0,007658000272669482;0,014915061195214963;-0,0017808783345914792;-0,0027659527149540286;-0,003801383057180391
-0,003236413952231953;0,007766039428293599;0,012149108480260934;-0,00558226139177187;-0,002420962348517533;0,004540613344983124
-0,003701059941355241;0,007802843450534056;0,009728146131743401;-0,0010416480467887457;-0,004521684245266527;0,0070740769663749925
-0,0036797415912680916;0,007616357017103639;0,005206461886476874;0,006032428919586247;-0,0038379195849263525;-0,0007144217255537766
-0,0032692973959112057;0,007388204661801671;0,001368542301550521;0,00531800719403247;-0,005642515023754922;-0,007335897964612592
-0,0026505947250952456;0,007401349463283155;-0,004273972722204401;-0,002017890770580122;0,0017801867952070526;0,002317971451081674
-0,0019771503622172644;0,007627214552525936;-0,0024937859269973488;0,0003000806805015521;0,005740866628331225;0,0018898497359199073
-0,001474664908227459;0,007772364010945513;0,003247080701333876;0,0021899304164214595;-0,003584927065592193;-0,004729410625367886
-0,0010719308913175478;0,007929516696585152;-0,00033784636425831724;-0,0025394802089464263;-0,0013720302716491908;-0,001817987532130555
-0,0005393136463542815;0,008174266598881649;-0,001709876635907508;-0,004357467741076981;0,007616108418663184;0,0007699065364814295
-2,0210255961347926e-05;0,00831743729282029;0,005906231782755676;-0,003587561204595552;0,003799863413352955;0,00022542188994673085
0,00043049806899528537;0,00828630927711585;0,00970609519610863;-0,003362139314648821;-0,006152682076147754;-0,0013273070595248848
0,0011174556652621458;0,008111678813227588;0,0035534131199608764;-0,004689446374173706;-0,009992206781669042;0,0034034580792154934
0,0021926570693733514;0,007802562776753375;-0,006438793661708166;-0,0012859882949582124;0,001088328600003706;0,0024886548395208763
0,0034099949982829923;0,0073058688853122125;-0,00535046506170446;0,0012026665445626639;0,0009933001495912724;0,00038413565454753495
0,004369781180724306;0,006757735462072722;-0,004357164912113187;0,0015868021991101988;-0,004092979814844577;-0,000928140575951808
0,005115548760697442;0,006257708700615737;-0,008450144726957765;0,0006586616231583908;-0,0030345569409251094;0,0006600833085799451
0,005687029744186049;0,005821154027123161;-0,011484701667882874;0,001318744931738336;0,008376091984630712;-0,005807938207198576
0,005920504938596347;0,0054109458185569205;-0,0031086096832521615;-0,00448919327546024;0,008086304907272829;0,0043415718592317715
0,005694592066291329;0,005053487407260213;0,004977695224020667;-0,00014762141622846892;0,0019784969701441835;0,002658479056850127
0,005344334806656226;0,0045164612649450965;0,006956192194164851;0,002510857640621658;-0,002201331336058876;0,005069470994833694
0,005193185355981949;0,003973530265980841;0,004754860858105975;0,007580328635455352;0,0036414539721353056;-0,010112478304706324
0,005320283593074265;0,003531033572641452;0,00839631483024128;-0,0025321496692509715;0,0030116504858231363;-0,003084779782728961
0,005637576264490822;0,0033917500247202764;0,011407965316064417;-0,005616929451979932;-0,009078550753577386;0,010014187798829337
0,006290721529117029;0,0031511804900290624;0,002329414562487031;0,0043972583468494045;-0,0028597921860522013;-0,007314191441032
0,007400185406385812;0,0026859337772586513;-0,0005303776235651703;-0,0029169330941825958;-0,004412822299122626;-0,005599351526826904
0,008602825866154077;0,002396577398362216;-0,0049431999226877965;-0,0085162846210095;-0,0009756233875016784;0,0010001066395752128
0,009784251220979735;0,001990543695698477;-0,005918823310189475;-0,007516177981434287;-0,007056194475207195;0,013134903416968297
0,010767948578897882;0,0012438586081943582;-0,01297501778539667;0,00561872543553401;-0,007079023925869621;0,01246738191371503
0,01151489300440845;0,00019652640143286767;-0,02005404171126629;0,01808610734924904;0,006912225746822043;-0,004822639319632251
0,011742836718503149;-0,0006260567879072623;-0,013141815964444248;0,013263468029616789;0,007053975058984335;-0,0012089634032083248
0,011168618764147199;-0,0007251956832774308;-0,0060878409054599125;0,012054504626408464;0,000996976901752128;-0,0012517866678706073
0,010068728171213476;-0,0002937958574629276;-0,005090864003707785;0,010802717958537857;0,0030755843735779664;-0,004744556431021028
0,00872532394206136;0,000619784153407914;-0,002015279630129818;0,006058161527516828;0,01175718425874979;-0,011659926278843422
0,00717828515276093;0,00196547288262027;0,009741904628619971;-0,005601764751326593;0,0027845138147844367;0,0022981170583222105
0,005550635178255309;0,003553488072933299;0,012526418443404408;-0,003303647693004383;-0,0015014222396314003;-0,002910628913814828
0,004312661388894486;0,004917432673193264;0,011024996203773008;-0,006214276606819211;-0,005835195666528903;-0,0003187453261451617
0,0035757443372698397;0,006149231365733055;0,005189800537244105;-0,006533021932964372;0,006581073229355791;-0,00046624641221387764
0,0032798271337961134;0,007132458994000076;0,011770873766599896;-0,00699926834517825;-0,00022098237248112385;0,007342159585095015
0,003191501951812151;0,007854365744948523;0,011549891394118772;0,00034289123991676496;-0,0076651930308224425;-0,0019456084500510673
0,003574011720492185;0,00829630176208984;0,0038846983632963294;-0,0016027172101343024;-0,006216426889353227;-0,009784889261674756
0,00441851714493697;0,008751953428827827;-0,0023317285260568976;-0,011387606471809059;0,0009645171631228189;-0,00041633406050142763
0,005418410503913608;0,009143496407160442;-0,0013672113629340787;-0,011803940532310486;-0,0009945406902749365;0,008921859015325107
0,00632503472184797;0,009079535126620695;-0,0023617520532090153;-0,0028820815169853797;-0,004363086703764091;0,005524902723030689
0,007176970485264968;0,008543416224788528;-0,006724838756973106;0,0026428212060453093;-0,0014044644172682141;-0,008091605485268077
0,007934436166553607;0,007892014062276947;-0,00812930317424132;-0,005448784279222768;0,004404190072543196;0,005252320045390502
0,008422908297563321;0,0073463247480071775;-0,0037251131016981243;-0,0001964642338322664;0,0017646835733145239;0,006397883333341875
0,008586208301603383;0,0065826840625684965;-0,0019604295283836004;0,006201419099509609;0,0014049817717686208;4,6760382128197e-05
0,008600503781575519;0,005811184807776526;-0,0005554477566149796;0,0062481794816378056;0,00038189480733255565;-0,0032984715563023626
0,00853638208041231;0,005287742316964939;-0,00017355294928242393;0,002949707925335443;-0,002627655152387526;0,002167180488888046
0,008450042468984504;0,0050142270054188655;-0,0028012081016699497;0,005116888414223489;0,00038923665115431216;0,0016545139072776799
0,0083567607395854;0,004858700010886209;-0,0024119714505156375;0,006771402321501169;0,0023199035915597854;-0,01549895463179983
0,008151430686119497;0,004907848552922492;-9,206785895585212e-05;-0,008727552310298661;0,003132442095355764;0,003223656571272479
0,00784962177463297;0,005227853187818822;0,003040374236399912;-0,005503895739026182;0,0007217650285256672;0,003650823559051608
0,007544130148788209;0,005198755730303205;0,003762139264925579;-0,0018530721799745742;-0,00017320932501699304;0,0030507579364906084
0,007360253492399444;0,004949502443226541;0,003588929939908586;0,0011976857565160343;0,005266033144088855;-0,0011760601407958815
0,0073268624066077015;0,004626126268950894;0,008854963083997441;2,1625615720152758e-05;-0,001335656124441198;-0,008858791605208471
0,007437028518412303;0,004350657524935889;0,007519306959556243;-0,008837165989488319;-0,0026807573021812303;0,008827619151260152
0,007901393153576802;0,004076053805549689;0,004838549657375013;-9,546838228166599e-06;-0,006388702428409804;0,0028506807575741297
0,008666530067123552;0,003447963446583957;-0,0015501527710347907;0,002841133919345963;-0,005328221820273704;0,004119553287302784
0,009625208966965301;0,0028194912140890984;-0,006878374591308495;0,006960687206648747;0,004666586497803132;-0,0013095362021397217
0,010521881755965658;0,002304664338368078;-0,0022117880935053624;0,005651151004509025;-0,0030449567406016786;-0,00865498180365374
0,011143419561313678;0,0020682649509130074;-0,005256744834107041;-0,0030038307991447147;0,0004906317054662046;0,003493206244803558
0,011676485842921481;0,002057911603638298;-0,0047661131286408365;0,0004893754456588434;-0,005590959533946338;0,004660466648203097
0,011999282331165002;0,0019274050243978;-0,010357072662587175;0,005149842093861941;0,004744404222198351;0,0005219548215373154
0,01213143429426289;0,0018164734629836556;-0,005612668440388824;0,005671796915399256;0,0021599534073918347;-0,0028976113566219416
0,011849303350857293;0,001911535585323989;-0,003452715032996989;0,0027741855587773145;-0,003984039958131652;-0,005470767577837654
0,01134266566983614;0,0022334695842802926;-0,007436754991128641;-0,0026965820190603396;0,0035938113452705645;-0,0017723848944386916
0,010697919387495109;0,002666371005587689;-0,003842943645858077;-0,004468966913499031;0,002753709938222715;-0,0017900201730461501
0,009755702905508933;0,0029914091461326715;-0,001089233707635362;-0,006258987086545181;0,006302457028787178;0,006587509583910439
0,008659768677688433;0,0031376886101376926;0,005213223321151816;0,00032852249736525785;0,00010631182630474467;0,007149845714881101
0,007520265101562519;0,0030336085906809067;0,005319535147456561;0,0074783682122463585;0,00038194896105736564;-0,005077886603088874
0,006589290458282678;0,0029426694711187315;0,005701484108513927;0,0024004816091574843;0,004174022080663031;0,001105986027372885
0,005871097220901098;0,00315086508004641;0,009875506189176958;0,0035064676365303693;0,0015430014639472855;0,003256876558049432
0,005380963347860076;0,003455079953340388;0,011418507653124244;0,006763344194579801;-0,0035664965933253634;0,004214195903483681
0,005285849722386132;0,003899553532095581;0,00785201105979888;0,010977540098063482;-0,004519184409813137;-0,0016321113897353606
0,005647476403037159;0,004614560878633966;0,003332826649985743;0,009345428708328121;-0,006004535036845976;-0,0036640255872977673
0,006323183526080139;0,0057686698290948905;-0,002671708386860233;0,005681403121030354;0,0039219117170557205;-0,012335316349047665
0,007132203715122551;0,00729659592788894;0,0012502033301954874;-0,006653913228017311;-0,0005232377881450034;-0,0050179749296561105
0,007834355568690552;0,009051778151524203;0,0007269655420504839;-0,011671888157673421;-0,00443569911863842;0,0017920544500625024
0,008586515555466374;0,010540803846038773;-0,003708733576587936;-0,009879833707610919;-0,00299018407934995;0,003127275608708291
0,009367754163924213;0,011562954014246406;-0,006698917655937886;-0,006752558098902628;0,003978638748696084;0,001783345387052715
0,010000643429318536;0,012189910834149604;-0,002720278907241802;-0,004969212711849913;0,007177885108407778;-0,012545376291636046
0,010365575988475345;0,012546765330096696;0,004457606201165976;-0,01751458900348596;0,0037218562689544377;0,016586676492116426
0,010621697391342479;0,012704851317569791;0,008179462470120413;-0,000927912511369533;-0,002955804648823779;0,0034975206967526873
0,011056123042256253;0,012162353744903449;0,0052236578212966345;0,0025696081853831543;0,0057397969202171994;-0,0029706799933696404
0,011817727191974846;0,011582739671782326;0,010963454741513834;-0,0004010718079864861;-0,0009872864059049524;-0,0008024626138529167
0,012788277654545302;0,011105909926076527;0,009976168335608881;-0,0012035344218394028;-0,004091698421561707;-0,001691737850359254
0,01419736630677631;0,010613037308051269;0,0058844699140471746;-0,002895272272198657;-0,0032480427255023314;0,0032241416512701904
0,016005501692431676;0,010072023313152437;0,002636427188544843;0,0003288693790715336;-0,012033369122118054;0,00109507498651229
0,018049015874648928;0,009415198427365656;-0,00939694193357321;0,0014239443655838235;-0,0004469534954977261;0,0038760997151197907
0,020197987144407972;0,008771528316741738;-0,009843895429070937;0,005300044080703614;-0,004968921315354868;0,0023826082901090284
0,021971080736824092;0,008184815980741172;-0,014812816744425805;0,007682652370812643;-0,002561082445112439;-0,0013017168284668867
0,02335041851207737;0,007810105407968752;-0,017373899189538244;0,006380935542345756;0,005475913629456319;-0,009192729003775463
0,02413724361755362;0,007742700930028836;-0,011897985560081925;-0,002811793461429707;-0,0001053078962680587;0,0033072425376654557
0,024229112755448336;0,007930533873782751;-0,012003293456349984;0,0004954490762357489;0,00764910149116127;0,002621634596427863
0,023845062470939777;0,008005895079079478;-0,004354191965188714;0,003117083672663612;0,003949783135009599;-0,0016596181098497143
0,02298088044817722;0,008101074247425635;-0,0004044088301791149;0,0014574655628138977;0,005690710972515944;-0,007180786080929674
0,02194253074680711;0,008320936762678336;0,0052863021423368295;-0,0057233205181157765;0,003850770796827885;-0,002820743571903178
0,02088800469222984;0,008599097900443593;0,009137072939164714;-0,008544064090018955;-0,0068188683112139215;0,013056888689626539
0,020044930723346042;0,00864832621748422;0,002318204627950793;0,004512824599607584;0,0012752359633027566;0,003060789119235574
0,01956733967202883;0,008355791970924087;0,0035934405912535494;0,0075736137188431585;0,0019066210849327803;-0,011569378004111619
0,019182476805829653;0,008243770708348258;0,00550006167618633;-0,0039957642852684605;-0,0036861809747390506;-0,008803324106899685
0,01894135156328062;0,008434693994526156;0,001813880701447279;-0,012799088392168145;-0,005593823637291384;0,012030103116598273
0,018920228787779034;0,008465786709293315;-0,003779942935844105;-0,0007689852755698723;-0,002862924783643528;0,009850477173652561
0,018971661240335343;0,007984915888373748;-0,006642867719487633;0,009081491898082689;-0,0006239801157460478;0,005368620817273989
0,018871895975457888;0,007473285656431387;-0,007266847835233681;0,014450112715356678;-0,0001490050734530013;-0,006271027514581501
0,018506416001800925;0,0073249151004123325;-0,007415852908686682;0,008179085200775177;-0,0006451329166090036;-0,001372356091998067
0,017850262114734616;0,007754549053007546;-0,008060985825295686;0,00680672910877711;0,0036554379075076082;0,0035936904584475127
0,01689747411132084;0,008511346413633766;-0,004405547917788077;0,010400419567224622;0,0021971254148104857;-0,006223896520246519
0,015622246674895238;0,00954041293861107;-0,0022084225029775917;0,004176523046978103;0,006614876906861078;-0,008556807376738002
0,014170797321758112;0,01098549624627736;0,004406454403883486;-0,004380284329759898;8,774152157997595e-06;-0,010319287378815933
0,01263101106850188;0,012597640475822774;0,004415228556041484;-0,014699571708575832;0,001089190971368198;-0,0033090939457255386
0,01126748299140099;0,01403457333217779;0,005504419527409682;-0,01800866565430137;-0,0026837240486254355;0,008092916484016555
0,01008056405654176;0,014883523320189777;0,0028206954787842464;-0,009915749170284816;-0,0021394529591589606;-0,005944039482369379
0,009113821902778915;0,015012126682029706;0,0006812425196252858;-0,015859788652654194;0,001317947898020505;0,0021852225163788153
0,00825990756816744;0,014744100077058241;0,001999190417645791;-0,013674566136275379;-0,004953271665740805;0,004587992671687913
0,0074332429343409775;0,013841681925980611;-0,002954081248095014;-0,009086573464587466;0,0005479691771603235;0,009647292459152773
0,006686545917220347;0,012392281129451965;-0,0024061120709346906;0,0005607189945653068;-0,00017812700585097263;0,010352613500235142
0,005821685650175915;0,010579417394339822;-0,0025842390767856632;0,010913332494800448;0,005112896025823155;-0,0030038507607874076
0,004860580900294096;0,008788982419010289;0,0025286569490374916;0,00790948173401304;0,0003594863948602339;0,0006572143340884407
0,00379610658734085;0,007435080743472774;0,0028881433438977255;0,008566696068101481;-0,003818368396888233;-0,001970781255055315
0,0028327785523491037;0,006397558337295782;-0,0009302250529905076;0,0065959148130461664;-8,288748736320906e-05;-0,001284723749890443
0,0019849762511132667;0,005702703773842847;-0,0010131125403537167;0,0053111910631557235;0,004236271184743744;0,0023642245038074383
0,0010999649477578094;0,005271685802911761;0,0032231586443900277;0,007675415566963162;0,006005194984798588;-0,0073201302914062405
0,00017442914278820328;0,005053115474506903;0,009228353629188616;0,00035528527555692135;-0,00439685208500553;-0,0110852274339317
-0,0006221803164058017;0,0051415617687805715;0,004831501544183086;-0,010729942158374778;0,00023170590751886433;0,00510967214858378
-0,001049655630432262;0,005244219474076517;0,00506320745170195;-0,005620270009790998;0,0006619952727741629;0,010147401247802931
-0,001283870882691399;0,004917679493037471;0,005725202724476113;0,004527131238011933;-0,0035133601083828236;0,009721380199894297
-0,0013155578368824578;0,004366328711606786;0,0022118426160932896;0,01424851143790623;0,0008979417234993865;-0,010531212646627625
-0,0011182366820944721;0,003996063179696577;0,003109784339592676;0,003717298791278606;-0,0061439164319177526;-0,007346247251942023
-0,0008324418226627549;0,004195738105302618;-0,0030341320923250766;-0,003628948460663417;0,002049761858675972;0,005167063319720805
-0,0004222555896473306;0,004544104982559804;-0,0009843702336491044;0,0015381148590573879;-0,004053420528903296;0,001262616899037547
-0,0001334346403249094;0,004747313921390452;-0,0050377907625524;0,002800731758094935;-0,0012650093196446112;-0,0019787796632673854
0,00011601149965154763;0,005012047454583396;-0,006302800082197011;0,0008219520948275494;0,0014747826059906414;-0,01210710472148846
0,00016394600912590868;0,005388810258100138;-0,00482801747620637;-0,01128515262666091;0,0009084783170124067;-0,004189262924645609
-4,023148468761074e-05;0,005798451145409981;-0,003919539159193963;-0,01547441555130652;-0,0029282728779527808;0,00457669902087407
-0,00043752967754938496;0,005756685927653387;-0,006847812037146744;-0,01089771653043245;0,007573203727067683;0,004450227180610902
-0,0009916094367789178;0,005095944087844534;0,0007253916899209387;-0,006447489349821547;-0,001020224704534993;0,005173411018962813
-0,0018196016774943203;0,003999293586818382;-0,0002948330146140543;-0,0012740783308587342;0,01267934555595425;0,00399913118182816
-0,0026185782506128854;0,0026447435117993683;0,012384512541340195;0,0027250528509694255;-0,0015110880489269951;0,0018820031999187796
-0,0034293481443160123;0,0012392303035460054;0,0108734244924132;0,004607056050888205;-0,0018770150121801277;0,01320443044922874
-0,0037447375363655316;-5,7280790668580623e-05;0,008996409480233072;0,017811486500116946;0,0023637073157859873;0,00165548079868158
-0,003625189948718523;-0,0011695096428476384;0,01136011679601906;0,019466967298798526;-0,005863426176190272;-0,012589666968198396
-0,0031457859818621913;-0,0015692790350220185;0,0054966906198287875;0,00687730033060013;0,001600033666312256;-0,005640402273221531
-0,0022119773431650974;-0,0011903697352444575;0,007096724286141044;0,0012368980573785986;-0,010925907722643066;-0,0046071849054279135
-0,001058301079674852;-0,0005363684222428912;-0,003829183436502022;-0,003370286848049315;-0,0001330209506933827;0,003758783947316841
0,0003792441552610352;0,00016710881305381895;-0,003962204387195405;0,0003884970992675263;0,0007620024578930684;-0,0013625621716335523
0,0016636220527368414;0,0007357745744285566;-0,003200201929302336;-0,000974065072366026;-0,0010829319350888142;-0,0005170279877395323
0,0027895117747248318;0,0013199802197739951;-0,00428313386439115;-0,0014910930601055583;-4,1927142214237545e-05;0,0036798275095814154
0,0037873934195407286;0,0018652232622247927;-0,004325061006605388;0,002188734449475857;-0,001024670624462723;0,0001667346984468715
0,004613949709780979;0,002350822582271368;-0,005349731631068111;0,0023554691479227285;0,004036589381837374;-0,0021660444516221344
0,005267503559757014;0,0029239712802969775;-0,0013131422492307365;0,0001894246963005941;-0,004077496822863347;0,0012272240505849796
0,005707068144490325;0,0035913387442394963;-0,005390639072094083;0,0014166487468855737;-0,0036990926361322174;-0,00847448655234051
0,006094107039254407;0,004266283196034039;-0,0090897317082263;-0,007057837805454936;0,0017874282240352146;-0,0008948457680446609
0,006265520371134725;0,004997893597704004;-0,007302303484191086;-0,007952683573499597;0,00044472063952877283;0,0030706598959126252
0,00607334443468599;0,005447190487155772;-0,006857582844662313;-0,004882023677586972;0,003302075051232603;0,0003455262823802707
0,005589076358869613;0,005578380033667556;-0,0035555077934297102;-0,004536497395206701;0,0040096297915415;-0,005176081043984995
0,004830504969266743;0,005514288633075861;0,00045412199811178944;-0,009712578439191696;0,006675659998876524;-0,0012679137002884477
0,003929713267926684;0,005268737336675898;0,007129781996988313;-0,010980492139480144;0,004079908941094584;0,005091501486308388
0,0030470864465110973;0,004634682902708268;0,011209690938082897;-0,0058889906531717565;-0,001130037924122182;0,0037522376955533288
0,0024496509049750427;0,0035614087831614314;0,010079653013960715;-0,0021367529576184277;-0,001535430947621999;-0,004438051542146194
0,002300603000962304;0,0022525750374877244;0,008544222066338716;-0,006574804499764622;0,0033115361499044677;0,0062640036460222676
0,0025547412175079944;0,0008582711735092804;0,011855758216243184;-0,00031080085374235455;-0,005151502208923714;0,0036221648605277088
0,003150648316707233;-0,0007990248704597485;0,00670425600731947;0,003311364006785354;0,003358907499536823;0,000643252138356698
0,004220785744556199;-0,0024687529485784713;0,010063163506856293;0,003954616145142052;-0,00804230600498082;0,0003923032243769928
0,005559093412697945;-0,00400602646642578;0,0020208575018754726;0,004346919369519045;-0,004433067045053168;0,001312521715179163
0,007299927621113941;-0,005385115338467407;-0,0024122095431776958;0,005659441084698208;-0,003086409923546113;0,007509465127785303
0,009121596129604956;-0,006590327435728271;-0,005498619466723809;0,013168906212483511;-0,000980959256423941;-0,0062126425121011575
0,010846776256368864;-0,007569161889601208;-0,00647957872314775;0,0069562637003823535;0,00037797397482958184;0,0041386070566734046
0,01235201160446382;-0,008021240094974805;-0,006101604748318168;0,011094870757055758;-0,0037060947707727165;-0,001817439712863106
0,013598063803632866;-0,008195067752333106;-0,009807699519090884;0,009277431044192652;-0,0019941914327075705;0,004827182413163433
0,014600051812869184;-0,007925100579409178;-0,011801890951798455;0,014104613457356086;0,004619762712019526;-0,012103486460991214
0,015209731841341868;-0,007284036164717543;-0,007182128239778929;0,0020011269963648715;0,007496844779675049;-0,013544181913243511
0,015347336231742613;-0,006078787211731666;0,0003147165398961205;-0,01154305491687864;0,0020543447723518904;0,0029609386270522398
0,015197655492552201;-0,004793493178891193;0,002369061312248011;-0,0085821162898264;-0,002794758984168033;0,0023148790045388057
0,015060563414957633;-0,0039699213427258654;-0,0004256976719200223;-0,006267237285287594;0,0014710471608332387;0,002032770848936216
0,015018233789852986;-0,0034896341581535945;0,0010453494889132164;-0,004234466436351378;0,0056181941253825585;-0,003380615681082416
0,014958876257871538;-0,0032600364649928272;0,006663543614295775;-0,007615082117433794;0,0010753371166964953;0,0023241936445113215
0,01494133270544662;-0,003199817429286115;0,00773888073099227;-0,0052908884729224726;-0,0004997064949479046;0,009046115698977342
0,015190330897593531;-0,0034442016782767542;0,007239174236044366;0,003755227226054869;-0,00016599584804616319;-0,0012050179766124186
0,015748884318980135;-0,0039002214661842927;0,007073178387998202;0,0025502092494424505;;
0,016597004709808513;-0,0042060321650496365;;;;
0,017728052236156817;-0,004409834493937282;;;;
