x;y;acc_x;acc_y;jerk_x;jerk_y
0,008960773969108056;-0,015624600177466818;-0,003537917930433482;-0,000853357517839326;0,0011387565686663548;0,0015913507292442675
0,008396150081290096;-0,015220901884284857;-0,002399161361767127;0,0007379932114049415;-0,004286694714313366;0,002856548705430395
0,007690009476254797;-0,014851337891816467;-0,006685856076080493;0,0035945419168353365;0,0016394041248710134;-0,0027445898388839818
0,006887902416748812;-0,014452254170891882;-0,00504645195120948;0,0008499520779513547;0,0019536845722295942;0,0012261913629962318
0,005818361114199608;-0,01390938877329388;-0,0030927673789798854;0,0020761434409475865;-0,00243596991169643;0,002507820230470914
0,004546961733602025;-0,013332525292577826;-0,005528737290676315;0,004583963671418501;0,004074827149569839;-0,0019254393375291445
0,003151851657845247;-0,012672616074223868;-0,0014539101411064764;0,002658524333889356;-0,003106070953502814;0,0001708844324221359
0,0015355920904614154;-0,011829348309013171;-0,00455998109460929;0,002829408766311492;0,009023203748361595;-0,0042185610624650705
-0,00013882388256667496;-0,010879739570446897;0,004463222653752305;-0,0013891522961535785;-0,0012622408128504792;-0,0037877500175802215
-0,001995639099379137;-0,009816954481228166;0,003200981840901826;-0,0051769023137338;0,0016006659095529202;0,004348826049431986
-0,0036739254100415066;-0,008809735483855578;0,004801647750454746;-0,0008280762643018136;0,0019842930090627486;-0,0003381421593499079
-0,005224172447067803;-0,00800959257903234;0,006785940759517495;-0,0011662184236517215;-0,0015951357689330814;-0,0008709716552241509
-0,00658235357407591;-0,007242572724781177;0,005190804990584413;-0,0020371900788758723;-0,0005576871760335222;-0,00048030688533842736
-0,007669097070703317;-0,006522201607476082;0,004633117814550891;-0,0025174969642142997;-0,0024232617044573357;-2,1887019104896432e-05
-0,008548208367707347;-0,005883318093326021;0,0022098561100935554;-0,002539383983319196;0,0014731512403427516;6,925957440274966e-05
-0,009241994952129342;-0,005345134457744533;0,003683007350436307;-0,0024701244089164465;0,00010875978965754762;-0,0016448566630639372
-0,009847387292147595;-0,004908526181495812;0,0037917671400938546;-0,004114981071980384;0,0006402343677379962;0,0018366877024356687
-0,010305459338148396;-0,004570722881603749;0,004432001507831851;-0,002278293369544715;-0,000951811599068042;-0,0016118354438988125
-0,010611860698545441;-0,004397518824590902;0,003480189908763809;-0,0038901288134435275;0,0031883403985663583;-0,004858069147464367
-0,010740981998629212;-0,0043154465023598435;0,006668530307330167;-0,008748197960907894;0,0013084491101627849;-0,00394386051074351
-0,010730895702362433;-0,004388979332666526;0,007976979417492952;-0,012692058471651405;0,0024550684860444316;0,004250462226220067
-0,010454068193802447;-0,0048124400814095235;0,010432047903537384;-0,008441596245431338;-0,0026196336896985584;0,006117032520942478
-0,009858161508542742;-0,005743583169018578;0,007812414213838825;-0,0023245637244888595;0,0012838864407044293;0,00014065243125399585
-0,00884497290714154;-0,007012390106444886;0,009096300654543255;-0,0021839112932348637;0,00017355353554772412;0,005800930677568428
-0,007519287737186788;-0,008374179592850748;0,009269854190090979;0,003617019384333564;-0,00483881200867118;0,0014128496858788475
-0,005829750541050303;-0,009823325530986004;0,004431042181419799;0,005029869070212412;0,00010425774524008835;-0,0009914961246630938
-0,003769419177310181;-0,011127790693747919;0,004535299926659887;0,004038372945549318;-0,008340465685789986;0,006879694834290351
-0,0015318461263132662;-0,012231061093701336;-0,0038051657591300983;0,010918067779839669;-0,0010248602419771352;-0,00689187022565696
0,0008871389217500439;-0,013172796575832781;-0,0048300260011072335;0,004026197554182709;-0,0020132063602656194;-0,0003771339119237882
0,00315391733944815;-0,013677809346770639;-0,006843232361372853;0,0036490636422589207;-0,0033081078734401026;0,0011861555547411085
0,005227494717101967;-0,01402177421554119;-0,010151340234812956;0,004835219197000029;0,0006064137630026334;0,0014783112936007647
0,00702734280030087;-0,014219776538621382;-0,009544926471810322;0,006313530490600794;-0,0002064468394832042;0,002499962598180916
0,008421137274107255;-0,014224370093821574;-0,009751373311293526;0,00881349308878171;0,0009076712914678486;-0,004396567405729468
0,009433134689041226;-0,013976422429397735;-0,008843702019825678;0,004416925683052242;0,002146896342258481;-0,0029569601854753103
0,010055077171523456;-0,013375935041422628;-0,006696805677567197;0,0014599654975769316;0,0013020483364086788;-0,006390176729364427
0,01032327157321266;-0,012598770626125428;-0,005394757341158518;-0,004930211231787496;0,002078944962100898;-0,0008353340139892196
0,010323593747799176;-0,011763207590925154;-0,00331581237905762;-0,005765545245776715;0,0015157429256543176;0,00023401587282212422
0,010108125628739351;-0,011124853004996379;-0,0018000694534033024;-0,005531529372954591;-0,003179706725373821;0,004291243680716872
0,009760025014517221;-0,010717120228898671;-0,004979776178777123;-0,0012402856922377192;0,00468460760950018;0,0030586071222439837
0,009339921622158959;-0,01053064862771915;-0,00029516856927694346;0,0018183214300062644;-7,43473867232669e-05;0,0014582486848876974
0,008720627182649612;-0,010393788454229134;-0,00036951595600021037;0,003276570114893962;-0,0030087618864934884;0,012660623512243563
0,008089526000369187;-0,010184195423538869;-0,0033782778424936988;0,015937193627137525;-0,0011081781032577231;-0,005784811101281678
0,007443644179848754;-0,009843539588252846;-0,004486455945751422;0,010152382525855846;0,005165393773219812;-0,007879272151389116
0,0066626312456285735;-0,008865396007881322;0,0006789378274683899;0,0022731103744667303;0,002908707399291985;-0,00967448345261912
0,005702160073578336;-0,007481157126475563;0,003587645226760375;-0,00740137307815239;-0,0038579330260472555;-0,0019152548553472148
0,004768846414626833;-0,006005993830091136;-0,00027028779928688074;-0,009316627933499605;0,00234377139956643;0,0012180050984466478
0,003979038564745746;-0,004826885456832804;0,0020734836002795493;-0,008098622835052957;0,0018862243340837179;-0,009389713058916754
0,003178419202893183;-0,004020442200914456;0,003959707934363267;-0,01748833589396971;-0,0005575858056299718;-0,003017996617725463
0,0024607391850518024;-0,0035379438583982266;0,0034021221287332953;-0,020506332511695174;-0,0015331968785066707;0,008523004184501928
0,0019014474845849524;-0,0037549789516407857;0,0018689252502266246;-0,011983328327193246;-0,0002975890221055058;0,00710594259097716
0,0014782406692674345;-0,0047922673453511516;0,0015713362281211188;-0,004877385736216086;0,0013868809612843438;0,0011951413220753354
0,0011297908639589813;-0,006308888872149247;0,0029582171894054626;-0,0036822444141407507;-0,002217009880623809;0,006185611169784722
0,0008441945077753729;-0,008020605828395987;0,0007412073087816537;0,002503366755643971;0,00011180571580029705;0,006183464446110287
0,000676926839167983;-0,009879612561208357;0,0008530130245819507;0,008686831201754258;0,002908122746283536;-2,6775240646786935e-05
0,0005393074629118594;-0,011638484623794968;0,0037611357708654865;0,008660055961107471;-0,0030659280672278733;-0,0015831635173479963
0,00043580860763901374;-0,013049883438311408;0,0006952077036376132;0,007076892443759475;0,0014207568202682288;0,0018948648806042523
0,0004827551832007875;-0,014114880014383548;0,002115964523905842;0,008971757324363727;-0,001999352608546596;-0,002766165457098735
0,0005575100669080659;-0,01489680089270531;0,00011661191535924584;0,006205591867264992;0,0002929739911246877;-0,0030425765953182027
0,0007169035315715778;-0,015319851478052524;0,00040958590648393356;0,0031630152719467897;0,0002321265945645079;-0,00646755840740143
0,0008809614728494597;-0,015494678388709139;0,0006417125010484415;-0,0033045431354546406;-0,0027350962045904793;0,0022453205710466495
0,001061402850386699;-0,01554298468848788;-0,002093383703542038;-0,0010592225644079911;0,00036178135356880817;0,00221461401916051
0,0012675127279658759;-0,015723472713684808;-0,0017316023499732297;0,001155391454752519;-0,0010372138661038713;-0,0018163910268292338
0,001389887257403371;-0,015946329641458055;-0,002768816216077101;-0,0006609995720767148;0,001324448243554606;-0,00041308254277183654
0,0014429976928419372;-0,0161229709110412;-0,001444367972522495;-0,0010740821148485513;-0,001259334841568028;0,0025563685972320727
0,0013853554796374194;-0,016326052163507417;-0,002703702814090523;0,0014822864823835213;-0,002510106881194787;0,004390118975449442
0,0012699385475320017;-0,016572096700567574;-0,00521380969528531;0,005872405457832963;0,0053565900369843995;-0,0035175875141585933
0,001046373502862963;-0,01675884977833239;0,0001427803416990895;0,00235481794367437;-0,003627985942289873;-0,00021735009975382136
0,000614256070382512;-0,016710706637783887;-0,0034852056005907836;0,0021374678439205486;-0,00014205111863214992;0,001866733630336792
0,00018784985157002453;-0,01656837077948841;-0,0036272567192229335;0,004004201474257341;-0,004689370434175978;0,000622048706757139
-0,0003779645912660942;-0,016340536207436113;-0,008316627153398912;0,00462625018101448;0,00535169637727376;-0,0005721633501475365
-0,0010888693028711304;-0,01595253357641352;-0,0029649307761251513;0,004054086830866943;0,0019415207902092162;-0,007938455188468863
-0,002132439100612123;-0,015379480938150347;-0,0010234099859159351;-0,0038843683576019195;-0,0013926194721998325;0,007672992653367572
-0,003294606129398122;-0,014644264826652497;-0,0024160294581157676;0,0037886242957656524;0,002954517416948771;0,005818783410200479
-0,004497709557620758;-0,014064423449458725;0,0005384879588330033;0,009607407705966131;0,0007665949314259596;-0,0010489312445782217
-0,005797454164168024;-0,013333037100434326;0,0013050828902589628;0,00855847646138791;0,004060705562747041;-0,0023353088640571673
-0,007075659252361971;-0,012217354443171282;0,005365788453006004;0,006223167597330742;-0,0011160566852508325;0,004578117482373134
-0,00830166102494556;-0,010759332727452723;0,004249731767755172;0,010801285079703876;0,0038711104825247256;0,000927876201740202
-0,009313031259408907;-0,009052384307840932;0,008120842250279897;0,011729161281444078;-0,0030408710375650905;-0,00263832259308755
-0,010154412223162048;-0,006913384485040986;0,005079971212714807;0,009090838688356528;0,0003263775361684873;-0,007952079480417013
-0,010670959496903994;-0,004305218210983278;0,005406348748883294;0,001138759207939516;0,004373160647540175;-0,00602744595907008
-0,010984307922137346;-0,0013334183893913085;0,00977950939642347;-0,004888686751130564;-0,005212127466225958;-0,0011079904865016477
-0,011081402397415369;0,0016839318005182418;0,004567381930197512;-0,005996677237632211;0,0006535624192979816;-0,004235126508986178
-0,01078731649683645;0,0045057345203825695;0,005220944349495493;-0,01023180374661839;-0,0003718272801407907;-0,001336689451467643
-0,010310535319049631;0,007087670150741608;0,0048491170693547025;-0,011568493198086033;-0,0010088582855392048;-0,0010741301472612652
-0,009624916367282995;0,009260333631235912;0,003840258783815498;-0,012642623345347298;-0,00023416529502612304;-0,0017477737488029998
-0,008745332732742169;0,010970257383806773;0,0036060934887893747;-0,014390397094150298;-0,0035900758298756386;0,005625565871007099
-0,007712138746848722;0,012174476202563745;1,6017658913736188e-05;-0,008764831223143199;0,0014205780874979312;0,001289431353875603
-0,006534701021403702;0,012803079137554702;0,0014365957464116674;-0,007475399869267596;-0,0008911323540620603;0,001950354214580119
-0,005356622589602132;0,013081088823619934;0,0005454633923496072;-0,005525045654687477;-0,003623745956695526;0,003364656017876
-0,004121080327944095;0,013060082514914459;-0,003078282564345919;-0,0021603896368114772;0,0038117664352221373;-0,00266833317611076
-0,002863719530592073;0,012818074380021487;0,0007334838708762184;-0,004828722812922237;-0,005937922858804054;0,0005529126036161736
-0,0017294900358138887;0,012489650659656055;-0,0052044389879278355;-0,0042758102093060635;0,0012066528549740801;-0,0016683546333010613
-0,0005659211862006555;0,011968078026773734;-0,003997786132953755;-0,005944164842607125;0,0007807295098152638;0,0033124138212305143
0,0003894701038954642;0,011275472985519171;-0,0032170566231384916;-0,0026317510213766104;-0,002683952358762877;-0,0003027404539311662
0,0011849499486734337;0,010345101350560323;-0,0059010089819013685;-0,0029344914753077767;0,003413125778564865;0,00014103232590514936
0,0018517475285258636;0,009309459674746409;-0,0024878832033365036;-0,0027934591494026273;-0,004586513178589248;0,007147185091191582
0,002282504749102239;0,008156438339920184;-0,007074396381925752;0,004353725941788955;0,0036945073456403216;0,003187565806826387
0,002613746641545154;0,006891678639117856;-0,00337988903628543;0,007541291748615342;0,0010621049630821847;-0,001489716804290886
0,002662012678711039;0,005801067975987085;-0,0023177840732032454;0,006051574944324456;-0,0005755015428362889;-0,0009783865914525514
0,002575083154425507;0,005012108982800927;-0,0028932856160395343;0,005073188352871905;0,002553837277013249;-0,00046029330935856705
0,0023954422672118445;0,004465212987387748;-0,00033944833902628535;0,004612895043513338;0,0013098906025210896;-0,002075792040146268
0,002100069955356601;0,004121244526089445;0,0009704422634948043;0,0025371030033670694;0,0010780018185336318;-0,0017905810069979433
0,0017911197099403063;0,0039617918665316755;0,002048444082028436;0,0007465219963691261;-0,0027027287783924006;-0,0024359331881249197
0,0015209871550638035;0,0039038233271085888;-0,0006542846963639645;-0,0016894111917557936;0,002740290136214775;0,0027299450216269616
0,0013327923634684383;0,003875715667540267;0,0020860054398508104;0,001040533829871168;0,0013547128360190085;0,0001261309151953105
0,0011184261840185145;0,0037800315603017135;0,003440718275869819;0,0011666647450664785;-0,0017546428682104764;0,0014068909830855097
0,000987500222162623;0,003725968806258007;0,0016860754076593425;0,0025735557281519883;0,0013854870850268791;-0,0016448501328106824
0,0009942029913415245;0,00371857264201696;0,0030715624926862216;0,0009287055953413059;-0,003988209062276309;-0,0033207194056308342
0,0010683487768267995;0,003814118706901992;-0,000916646569590087;-0,0023920138102895283;0,0034552821550514513;-0,002228917501476843
0,0012653570620195236;0,003946812995600676;0,0025386355854613643;-0,004620931311766371;-0,005832210433993741;-0,002327669547694561
0,0014256994844286438;0,003983826731887779;-0,003293574848532377;-0,006948600859460932;-0,0014594727193126267;0,00323755396077699
0,001687587330256219;0,003836003215704227;-0,0047530475678450035;-0,0037110468986839423;-0,0004892641876862239;-0,003605725597648844
0,0018177321821424989;0,0034102356651422383;-0,005242311755531227;-0,0073167724963327865;0,001190562345388689;-0,0003484729682682805
0,0017577551313149786;0,0028360262386328914;-0,004051749410142538;-0,007665245464601067;-0,0010971545611704395;0,0058577602960073125
0,0014880856102662094;0,0019691459122702336;-0,005148903971312978;-0,0018074851685937546;0,0007745386993444209;0,0010982166131147941
0,0010563461128117386;0,0007956557673235326;-0,004374365271968557;-0,0007092685554789604;0,0024569912028004418;0,01179903757364114
0,0004186504565047486;-0,00045013378436691833;-0,0019173740691681151;0,01108976901816218;-0,0003521552175187806;-0,0034306922177213747
-0,00039401981068098356;-0,001724294078276528;-0,0022695292866868957;0,007659076800440805;0,0033536853778242254;0,0015917836196568044
-0,0012833850406334406;-0,0025548636114596504;0,0010841560911373296;0,009250860420097609;-0,006621686645425402;0,003719224177085423
-0,002263531442053373;-0,00307907007262514;-0,005537530554288073;0,012970084597183032;0,008155341753080456;-0,007941977775507009
-0,003200311599827813;-0,003233242116986726;0,002617811198792383;0,005028106821676023;-0,0008639888169967025;0,0006100640914751612
-0,004358592979773775;-0,0028686107774609903;0,0017538223817956805;0,0056381709131511845;0,00466249904417225;-0,010274407914022243
-0,005412161911768042;-0,002302855165068214;0,00641632142596793;-0,004636237000871058;0,0019328602509696424;-0,005185690280232039
-0,006395577948490482;-0,0015115727161493899;0,008349181676937573;-0,009821927281103097;-0,004257912302447986;-0,0008889558170385448
-0,007122341128174205;-0,0009057397472654084;0,004091269374489587;-0,010710883098141642;0,0055541092694746386;0,00038131913524582645
-0,007515137040780424;-0,0006927838696255508;0,009645378643964225;-0,010329563962895815;-0,002388706168384963;0,0037049232623720084
-0,007744282178407061;-0,0009082633159113587;0,007256672475579262;-0,006624640700523807;-0,005504978673596145;0,0022229315277007902
-0,007587612170275128;-0,0015369253207129993;0,0017516938019831174;-0,0044017091728230165;0,0047443472881525395;0,0006849371656803271
-0,007140675263120024;-0,0024305729535355923;0,006496041090135657;-0,0037167720071426893;-0,0031053940588769563;0,005135657429885372
-0,006623670603885597;-0,003500288953271106;0,0033906470312587006;0,0014188854227426828;0,001126714243455243;0,009769071568982338
-0,005846824301045742;-0,004718675833292327;0,0045173612747139436;0,01118795699172502;-0,005434326590396804;-0,001633357874726668
-0,00493435211695554;-0,005880307296403841;-0,0009169653156828605;0,009554599116998352;-0,0026494153371888485;0,0016843186891562223
-0,0038411854818767802;-0,006594420479846354;-0,003566380652871709;0,011238917806154575;0,0012557783775781484;-0,0010855519419194215
-0,002784697459425334;-0,006926349698608932;-0,0023106022752935607;0,010153365864235153;-0,004332747731651619;-0,001476917050372506
-0,0018708646630887572;-0,006808722205125329;-0,00664335000694518;0,008676448813862647;0,0034137872098956423;0,0005299193302083782
-0,0010494559577639223;-0,006284960077072318;-0,0032295627970495375;0,009206368144071025;-0,002818205576712857;-0,004336181352241425
-0,0004937812527168947;-0,005414139996464801;-0,0060477683737623945;0,0048701867918296005;0,0002536484111051859;-0,0036939156242591156
-6,728905955184864e-05;-0,004175065190094445;-0,005794119962657209;0,0011762711675704848;0,005379912033435306;5,076213766206511e-05
0,00011729239866270169;-0,0027411829120509035;-0,00041420792922190254;0,00122703330523255;-0,0047892324842368095;0,00019446595730353983
7,010905837096366e-05;-0,001260249787304543;-0,005203440413458712;0,0014214992625360898;0,001481465151151909;-0,0013437549294813764
6,357400910349535e-06;0,00026976466965111974;-0,0037219752623068028;7,77443330547134e-05;-0,0016169014464437201;0,0011347464536614893
-0,0002655318730886131;0,0018566390971082257;-0,005338876708750523;0,0012124907867162027;0,0018515264865627823;0,0012987565343888646
-0,0006863001575798478;0,0034466232978875204;-0,0034873502221877406;0,0025112473211050673;0,003209471049953408;-0,0014371531662154963
-0,0013206235104211033;0,005085107130135463;-0,00027787917223433267;0,001074094154889571;-0,0007665015058067326;-0,005333346622044544
-0,0020944408721498687;0,006824040855227609;-0,0010443806780410653;-0,0042592524671549725;0,003163750714420918;-0,005528070505032651
-0,0028793734007680075;0,008605938346515338;0,002119370036379853;-0,009787322972187623;0,004018357586489885;0,000800109822865186
-0,0037060811565077885;0,010217465739116867;0,0061377276228697375;-0,008987213149322437;-0,003155779733579972;-0,0005862471229596267
-0,004448014110792375;0,011437500212830892;0,0029819478892897655;-0,009573460272282064;-0,0002444252835661215;-0,004494476062324726
-0,004944437960162173;0,01229804616057202;0,002737522605723644;-0,01406793633460679;0,0038300125908661137;0,0003772620118585035
-0,00532158389396038;0,012775653697421863;0,006567535196589758;-0,013690674322748286;-0,002528502268844657;0,004259886187827355
-0,0055892289235296416;0,012690543780887435;0,004039032927745101;-0,009430788134920931;-0,0006497878225612264;0,004245382807773229
-0,005594172545235312;0,012057806891443076;0,0033892451051838746;-0,005185405327147702;-0,0022672103367621793;0,005867155524257872
-0,005437554849831178;0,01104783847660188;0,0011220347684216952;0,0006817501971101703;-0,0004482354167684721;-0,0021013099800208657
-0,005145367350219691;0,009830453848674777;0,0006737993516532231;-0,0014195597829106954;-9,026529880178102e-05;0,001325066245373041
-0,0048082984598713345;0,00864033922863208;0,0005835340528514421;-9,449353753765433e-05;-0,004325637046873734;-0,0011911342687329074
-0,00444427759545685;0,007393442217272955;-0,003742102994022292;-0,0012856278062705617;0,0011607476952336243;-0,001168693562209347
-0,0040569153689283075;0,006142765464412324;-0,002581355298788668;-0,0024543213684799087;0,002482686369893211;0,00021042927118083282
-0,0038192372621606565;0,0048406635993008705;-9,866892889545675e-05;-0,002243892097299076;-0,0064788448126137654;-0,0021768931353611104
-0,0036848133673445522;0,003440388879450221;-0,006577513741509222;-0,004420785232660186;0,0025230905174643548;0,003105406237295834
-0,0035543362296842664;0,0019503584757076078;-0,0040544232240448674;-0,0013153789953643524;-0,002433389806065639;0,004500090109794179
-0,0036869596416843494;0,00028349666265858734;-0,006487813030110506;0,0031847111144298265;0,003846309856586072;0,0024759868561344545
-0,003981759982646227;-0,001435980310205007;-0,0026415031735244343;0,005660697970564281;0,0034402321034807254;0,0009009784549816255
-0,004536072844812525;-0,0030280688384914083;0,0007987289299562911;0,0065616764255459065;6,317031702186837e-05;-0,0002333385650639952
-0,0051960458339198;-0,004393729447955239;0,0008618992469781595;0,006328337860481911;0,006624087813191126;0,0009827907524085494
-0,005824069665828824;-0,0054969230003972325;0,007485987060169286;0,007311128612890461;-0,002563258355480852;-4,1874715750261915e-05
-0,006417617527858721;-0,00634698303841995;0,004922728704688434;0,007269253897140199;0,0040279425335334185;-0,0028106537455259706
-0,006711725907481847;-0,006904597931927049;0,008950671238221852;0,004458600151614228;-0,00241346701591863;-0,004065578286296001
-0,006808925138917435;-0,00717144266954854;0,006537204222303222;0,00039302186531822714;-0,002851149531478636;-0,0004274143530071106
-0,0065480975208241496;-0,007259943401105463;0,003686054690824586;-3,439248768888348e-05;-0,0008622021030480348;0,002721763428296692
-0,0060257817338387355;-0,007332723258049655;0,0028238525877765513;0,0026873709406078083;-0,005675901685343099;0,0002669957932961431
-0,005356023759220337;-0,007406878814501403;-0,0028520490975665475;0,0029543667339039514;0,002235076546321685;0,00204713249314617
-0,004573311681090877;-0,0073735395333288396;-0,0006169725512448626;0,005001499227050121;-0,0018500576059694435;0,0033490453487545757
-0,0039046815668640792;-0,007222025582800117;-0,002467030157214306;0,008350544575804697;0,0038373818268102045;-0,004175240641458716
-0,003260730354687076;-0,00687045166318939;0,0013703516695958984;0,004175303934345981;-0,004455048376215957;-0,002182601520630628
-0,0027154603487986448;-0,006184855960546475;-0,003084696706620059;0,0019927024137153526;0,004494554335960618;-0,004942351213173352
-0,0021153762761263774;-0,00533224810052972;0,0014098576293405593;-0,002949648799457999;0,0016711312760633382;-0,005698954896171199
-0,0016386800717189123;-0,004399932143964352;0,0030809889054038975;-0,008648603695629198;0,0002476785579693108;-0,001283307463103886
-0,0011055895621378251;-0,003585602139377304;0,0033286674633732083;-0,009931911158733084;0,004752690978266649;-0,0018845610213230612
-0,00044925949634058184;-0,0031172162826154236;0,008081358441639857;-0,011816472180056145;-0,00645296222451841;0,00556660346809093
0,0003402172679915898;-0,0030461068722028666;0,0016283962171214465;-0,006249868711965215;0,0038331843271942577;0,0011367199170379816
0,0014529483699893557;-0,0034476563489925557;0,005461580544315704;-0,005113148794927233;-0,0012226551152977536;0,003973200507999028
0,0026308153206719793;-0,004099200574260853;0,004238925429017951;-0,0011399482869282052;-0,005326701251588531;0,004494389235375457
0,004027145493127231;-0,004955270751326239;-0,0010877758225705803;0,0033544409484472515;0,00042270243012382247;-0,000556379673740337
0,005593032682743201;-0,005856938859868754;-0,0006650733924467578;0,0027980612747069145;-0,0037641557494387523;-0,0015355062616047854
0,0071154088394563475;-0,00662442933047338;-0,00442922914188551;0,001262555013102129;-0,0011903728440844086;-0,004676771383960193
0,008611182060471624;-0,007279997350089728;-0,005619601985969919;-0,003414216370858064;-0,0015534709588101991;0,0005639765240762207
0,00992978611581148;-0,00788506316918199;-0,007173072944780118;-0,0028502398467818435;-0,0014295619284271088;0,005060201103949946
0,011023606091712539;-0,008626697643108576;-0,008602634873207227;0,0022099612571681027;-0,00034982394632626646;0,0035048345808212644
0,011830503149822393;-0,009482341710906436;-0,008952458819533493;0,005714795837989367;-0,002832727403400015;0,004763398205957531
0,012293294813003959;-0,010249587328417572;-0,011785186222933508;0,010478194043946898;0,006466267557691252;-0,0005272711844352962
0,012397988123404185;-0,010788241112409133;-0,005318918665242256;0,009950922859511602;0,0024925596942355632;-0,002919745871948043
0,01203127398488707;-0,010907767134642816;-0,0028263589710066928;0,007031176987563559;0,0028947917426395686;-0,004045959913902275
0,011451803099760264;-0,010629256242496037;6,843277163287587e-05;0,0029852170736612837;-0,0002327052191526402;0,0012236008052450564
0,010759277855793193;-0,010069498270846714;-0,00016427244751976433;0,00420881787890634;-0,0015476386436291956;-0,003376371772664255
0,010069489922691435;-0,009390331616250943;-0,00171191109114896;0,0008324461062420851;0,003974840758499548;-0,006730412061036362
0,009373131091688887;-0,008542812246498915;0,0022629296673505883;-0,005897965954794276;-0,004438608969252661;-0,002395518958194953
0,00860829581704038;-0,007661995032497206;-0,0021756793019020726;-0,00829348491298923;0,004482304612763166;0,008948813506875958
0,007933977729085898;-0,007017096456687267;0,0023066253108610935;0,0006553285938867282;-0,007211411668614831;0,003136289869952069
0,007172632469055331;-0,006703937277396896;-0,004904786357753738;0,0037916184638387973;0,0021935404084238025;-0,0037415784205341585
0,006503552221459209;-0,006364564954351058;-0,002711245949329935;5,004004330463885e-05;0,005006736790780689;0,001141316038185347
0,005638280519552937;-0,005873527892751667;0,0022954908414507535;0,001191356081489986;-0,0009631928337693607;0,0012129102692361032
0,004664558979673468;-0,00538048922942009;0,0013322980076813928;0,002404266350726089;-0,003383181728926217;0,0004293899744611668
0,003782657073452029;-0,004839796322828914;-0,002050883721244824;0,002833656325187256;-0,0001717947198056624;-0,002360077444513789
0,0029540470875378463;-0,004202932762208695;-0,0022226784410504866;0,000473578880673467;0,0020299188945587;-0,0012577795807049985
0,00204340175277387;-0,003452722948580985;-0,00019275954649178653;-0,0007842007000315315;0,00023744713660439967;0,0037592986845167813
0,0010438492803678742;-0,0026835699797263367;4,468759011261314e-05;0,0029750979844852497;0,00047480169895216043;-0,006468384178743715
3,6586426102207085e-05;-0,0019457850388729498;0,0005194892890647736;-0,003493286194258465;0,002313132968667416;-0,0036834526493191647
-0,0009688889245589554;-0,0010889961786401526;0,0028326222577321897;-0,00717673884357763;0,00795317612789645;0,002861481033608779
-0,001953584703657527;-0,00037193876617769425;0,01078579838562864;-0,004315257809968851;-0,0010376647553038548;-0,0003897867729921716
-0,002824975592446811;5,804909254165897e-05;0,009748133630324785;-0,004705044582961023;-0,0037542629024557156;-0,0010212554512392755
-0,0032649345458109495;0,00031542663886225823;0,005993870727869069;-0,005726300034200298;-0,0028613450742417113;0,0022385508914447433
-0,0033149681539620967;0,00038460240186441653;0,0031325256536273577;-0,003487749142755555;-0,0005525877573160295;0,004023698260364295
-0,0031252469329984814;0,00022472616349856296;0,002579937896311328;0,0005359491176087404;0,006360362468585477;9,551936478608032e-05
-0,0028102246858897712;-7,466004057751286e-05;0,008940300364896805;0,0006314684823948208;-0,0098666505037424;-0,0013639041357953316
-0,002392004922928608;-0,00035260827994923905;-0,0009263501388455941;-0,0007324356534005108;-0,00025652867753312575;0,001004472759463063
-0,001616173145371573;-0,0006052977800251724;-0,0011828788163787199;0,0002720371060625521;0,0003905194732317721;-0,002041481762291188
-0,0008773953733683612;-0,0008872847062371261;-0,0007923593431469478;-0,001769444656228636;0,0009066701943814433;0,0023918245822328113
-0,00018593275402029838;-0,001158390148206578;0,0001143108512344955;0,0006223799260041754;0,004347398304306582;-0,001772606118028687
0,0004738354916018865;-0,001500273376425175;0,004461709155541078;-0,0011502261920245116;-0,009748863700642003;0,000999993796233646
0,0011381761712734512;-0,001817261407603605;-0,005287154545100925;-0,0001502323957908655;0,0034357095178843486;0,0036653519043265137
0,001980985217166659;-0,0021802584864630157;-0,0018514450272165764;0,003515119508535648;0,0035862863582144175;-0,002174464703306171
0,00261230808125583;-0,002549264861154061;0,001734841330997841;0,001340654805229477;0,0016325610272634322;0,0014849689341143446
0,0031695731442563375;-0,00277766645550368;0,0033674023582612733;0,0028256237393438216;-0,004477761177422865;-0,0030110007156444185
0,0037962318604967587;-0,0029524418576441203;-0,0011103588191615915;-0,0001853769763005969;-3,9381005429189875e-05;0,0008027799820253395
0,004557586671067631;-0,0030141923102108077;-0,0011497398245907814;0,0006174030057247426;-0,004498816283753301;0,0012223454383441107
0,00527452712887204;-0,003083357841829519;-0,005648556108344083;0,0018397484440688533;0,0023215324922386815;-0,0029177851938196053
0,0059454779936928175;-0,0031278272532192404;-0,003327023616105401;-0,001078036749750752;-0,0009433945659076404;-0,0001468088064000561
0,006390486614179831;-0,0030987067268462075;-0,004270418182013042;-0,0012248455561508081;-0,0010436374977819407;-0,004714425157727908
0,0067024142900226295;-0,003112707670463205;-0,005314055679794982;-0,0059392707138787165;0,003299525809120657;0,0053900881881528
0,006843525238584906;-0,003175702436326235;-0,0020145298706743253;-0,0005491825257259164;-0,00015977795177357645;-0,0013301317463983997
0,0067720739599553825;-0,0034762680307444133;-0,0021743078224479018;-0,0018793142721243161;-0,0003780599194745382;0,00031312564779029106
0,0066200414864988864;-0,0037988009261916283;-0,00255236774192244;-0,001566188624334025;0,001243516194864569;0,0027430703331740997
0,006381036700144475;-0,004196506392523816;-0,001308851547057871;0,0011768817088400746;0,0020736518899057144;0,002043999929746687
0,006039937204113165;-0,004656859403829365;0,0007648003428478434;0,0032208816385867617;-0,0026909680033975064;0,00108565183247826
0,005646483646199541;-0,005070137146781311;-0,001926167660549663;0,004306533471065022;-0,0014819392540462994;0,0012515367718535508
0,0052836221019998296;-0,005354579624189786;-0,0034081069145959625;0,0055580702429185724;0,0020638685112553817;-0,0038696182658164435
0,004843713851378132;-0,00546676076275566;-0,0013442384033405808;0,001688451977102129;0,0008587301873077685;-0,003312749637699647
0,004267481324172597;-0,005356619091604791;-0,00048550821603281225;-0,001624297660597518;-0,001564461830817522;-0,003612674716729908
0,0036374792608334376;-0,005178939341369838;-0,0020499700468503343;-0,005236972377327426;-0,0014017738371601418;0,0030644472465965467
0,0029880568688529664;-0,005066231497558785;-0,003451743884010476;-0,002172525130730879;-0,001917727755954099;0,003822298448167366
0,0022566356749984815;-0,005163002548840829;-0,005369471639964575;0,001649773317436487;0,006404342767476912;-0,005316991794899556
0,0013871447257835776;-0,005346674605352109;0,0010348711275123372;-0,003667218477463069;-0,0011302711197801636;0,0014283650334340758
0,00030287491097009066;-0,005464355729165929;-9,539999226782642e-05;-0,002238853444028993;-0,0004487933105778476;0,0016265024864679234
-0,0007400000587429027;-0,005728725592078271;-0,000544193302845674;-0,0006123509575610697;0,0006926379543640386;0,004551777567038923
-0,0017866910281466091;-0,006082649592751773;0,0001484446515183646;0,003939426609477853;0,0038060534526569573;-0,0026915352738405007
-0,0028551497296641424;-0,006461067631727718;0,003954498104175322;0,0012478913356373522;-0,002260972290494101;-0,0038333683661427587
-0,003917670645120942;-0,00668190860632455;0,001693525813681221;-0,0025854770305054064;0,003423450096256192;0,004030119366560281
-0,004822011636410727;-0,006852833927495886;0,005116975909937413;0,0014446423360548744;-0,00688549346934135;0,001275152707317373
-0,005658611595153264;-0,007127178329887439;-0,001768517559403937;0,0027197950433722473;0,0021884040066632304;-0,00240595462524118
-0,006290532517498305;-0,007343737038836797;0,00041988644725929336;0,0003138404181310672;0,0036782730260691843;0,003060661776760565
-0,006993194142219503;-0,007451503946051266;0,004098159473328478;0,003374502194891632;-0,0026309693735878104;0,0019081042244397106
-0,007679060309050329;-0,007546717236540491;0,0014671900997406673;0,005282606419331343;-0,00028956200927848785;0,001631154422201797
-0,008201000096948017;-0,007506950439234051;0,0011776280904621794;0,00691376084153314;-0,0027263811345734357;-0,0031113748518435957
-0,008664252280856077;-0,007255879385154358;-0,0015487530441112562;0,003802385989689544;0,007345622089727583;-0,0016933192081671766
-0,009080399341145651;-0,0067282578974133395;0,005796869045616326;0,0021090667815223674;-0,0014746151508258087;0,0012728002472523342
-0,009558496523199674;-0,006048540970084738;0,004322253894790518;0,0033818670287747016;-0,0022973096588838893;-0,0007121403491558292
-0,009804718943429045;-0,005284461371495243;0,0020249442359066283;0,0026697266796188723;-0,002088475055482736;0,004589402408234175
-0,009878051207866795;-0,004385107091754759;-6,353081957610751e-05;0,007259129087853047;0,004207739589683068;-0,007443576340667189
-0,00987038570286828;-0,0033789637448295206;0,004144208770106961;-0,00018444725281414193;-0,00032702530976533306;-0,0012364040599518386
-0,009865261430652809;-0,0020824552343901605;0,0038171834603416277;-0,0014208513127659805;-0,0021056480403318645;-0,0023796280998794883
-0,00969436880763306;-0,0007933246140633657;0,0017115354200097632;-0,003800479412645469;-0,0033077214692194268;-9,640598750936674e-05
-0,009370788846199645;0,00043897195375278966;-0,0015961860492096636;-0,0038968854001548356;0,003916588574471025;0,0007533409233268229
-0,00897874746796584;0,0015192493450631264;0,0023204025252613614;-0,0031435444768280127;-0,00019352755208620898;-0,0024954959022755047
-0,008650553531700422;0,00244365132036727;0,0021268749731751524;-0,005639040379103517;-0,004132232458033375;0,00314437919599294
-0,008229543494424549;0,0032423115165982922;-0,0020053574848582223;-0,0024946611831105775;0,0017340573046726315;-0,0012255161791480534
-0,007723458458221669;0,0038154100976651745;-0,00027130018018559077;-0,003720177362258631;0,0032197354478790408;0,002751154595753369
-0,007297587721413119;0,0042887222314076335;0,00294843526769345;-0,000969022766505262;-0,0017710122982815546;0,001467388093473812
-0,006882568991811992;0,004613227270659747;0,0011774229694118954;0,0004983653269685501;0,001319846401552499;-0,0015992340017186163
-0,006349612851503128;0,00489897139925165;0,0024972693709643945;-0,0011008686747500662;-0,005496896189986389;-0,00474403587771513
-0,005769559792417788;0,0052046501409222954;-0,0029996268190219944;-0,005844904552465197;0,007475478649360323;-0,000437375720664962
-0,0050896159584938715;0,005466294135602939;0,004475851830338329;-0,006282280273130159;-0,002948999793680268;0,0044024901524619825
-0,004529657197330835;0,0054941419481849725;0,0015268520366580607;-0,001879790120668176;-0,0016061873078305686;0,0010593520874030565
-0,0037906643629542656;0,005270698549841801;-7,933527117250788e-05;-0,0008204380332651195;0,001845252912290235;0,006652310716105031
-0,002990597447111374;0,004972063546671903;0,0017659176411177271;0,0058318726828399114;-0,00028217800364771506;-0,002235042710136567
-0,002193703942115382;0,0046406110221713995;0,001483739637470012;0,0035968299727033443;0,00036220873113875646;-0,002249105878864649
-0,0013261737314746818;0,004542433404984492;0,0018459483686087685;0,0013477240938386953;-0,002651177203016983;0,0015046517601113446
-0,0003992939353351805;0,004588128986705719;-0,0008052288344082142;0,00285237585395004;-0,0011128084919134126;-0,003863431518412397
0,0006014237955486714;0,004687733532180494;-0,0019180373263216269;-0,001011055664462357;-0,00041874040805676277;0,003887247165101068
0,0015699323730561949;0,00490143311181327;-0,0023367777343783896;0,002876191500638711;-0,0031851398291132538;-0,006900070292555724
0,0024617194575108532;0,005074690464867551;-0,005521917563491643;-0,004023878791917013;-0,0009450840496955243;-0,003115051257102125
0,003260035432590376;0,005362995477947382;-0,006467001613187168;-0,007138930049019138;0,0031830106165349342;-0,0004230127898021824
0,003837474705130233;0,005490345339350532;-0,0032839909966522335;-0,00756194283882132;-0,0011883400850360853;0,000531841182332668
0,004156233913142603;0,005332137998792916;-0,004472331081688319;-0,007030101656488652;0,0010186480756710636;-0,0002849726508809963
0,004343633481288884;0,004871452944682448;-0,003453683006017255;-0,007315074307369648;0,0011768022056397737;0,0032284369840983596
0,004352139806167632;0,004129563824312434;-0,0022768808003774815;-0,004086637323271289;-0,0010954313048785191;-0,0017695236388356184
0,00422249881080569;0,0030950717316476327;-0,0033723121052560007;-0,005856160962106907;0,0060833419615862055;0,005083956808083823
0,004001782583428649;0,001897114146051981;0,002711029856330205;-0,0007722041540230845;-0,003780418504871777;0,006421760938350611
0,0036461738718413673;0,0004649101219720526;-0,0010693886485415721;0,0056495567843275266;0,0017778040323420535;0,0020242841706644074
0,003399006354507294;-0,0009981820682687993;0,0007084153838004814;0,007673840954991934;-0,0009395770774103251;0,006419284965982645
0,003109063291231558;-0,00223529198713655;-0,00023116169360984373;0,01409312592097458;-0,0012343742894519796;-0,004148659244465745
0,002847456843307841;-0,003165448267804623;-0,0014655359830618234;0,009944466676508834;0,00855900249247521;-0,003418221243805933
0,002576603927639731;-0,003531879511633713;0,007093466509413386;0,006526245432702901;-0,00748384689358525;-0,0005713402540174078
0,0022471295726491473;-0,00350053208840245;-0,00039038038417186366;0,005954905178685493;0,0010835579629393383;0,00074675546126899
0,0022013938780350993;-0,0032081348478630706;0,0006931775787674746;0,006701660639954483;0,0019134772423199525;-0,006139250733298872
0,0021400429680541767;-0,0026775414001762713;0,002606654821087427;0,0005624099066556115;-0,003498591005275116;-0,00538129725773074
0,002106419161223953;-0,0018788815268912932;-0,0008919361841876888;-0,004818887351075128;0,003814898515815901;0,004398892068900536
0,0021770615472372266;-0,0010577252573400902;0,002922962331628212;-0,0004199952821745921;-0,007418123083272658;0,0015642676067566495
0,0022120264858829924;-0,00042932448183189255;-0,004495160751644446;0,0011442723245820574;0,0008054857155744485;-0,0013663329035818149
0,002363909917793887;0,0001822764823893215;-0,0036896750360699976;-0,00022206057899975748;0,0016782940581773903;0,0026167667080289857
0,0023359869196390034;0,0008396483395938178;-0,0020113809778926073;0,002394706129029228;-0,00271003590662533;0,001914426189748214
0,00216047692004132;0,0014881377736383238;-0,004721416884517937;0,004309132318777442;0,004032321201620087;-0,0009574155545892596
0,0019045116813279327;0,002232415452843999;-0,0006890956828978501;0,0033517167641881826;-0,0016284278096399818;-0,008517427408239443
0,0014596897672338274;0,003149058424800772;-0,002317523492537832;-0,005165710644051261;0,0027597256189009142;0,0009430500204547221
0,0009873040258238084;0,004199770067325072;0,00044220212636308237;-0,004222660623596539;0,0019649358146393743;0,0044922147847612365
0,000422217344712276;0,005043853284087322;0,0024071379410024567;0,0002695541611646979;-0,0004414236036181622;-0,006747409354080136
-0,0001251812513447331;0,0057190300759057105;0,0019657143373842945;-0,006477855192915438;0,001109894556591183;-0,006066415083496174
-0,000576294329761644;0,006404989034170686;0,0030756088939754775;-0,012544270276411612;-0,0031235974249169893;0,005984001015987422
-0,000948778834683183;0,006831833784719045;-4,798853094151179e-05;-0,00656026926042419;0,0046798707144186;0,007335274214930437
-0,001198238983845703;0,006756907724210939;0,004631882183477088;0,0007750049545062476;-0,002510650904374998;0,0002671503559120991
-0,0014496186742458833;0,006419570893285865;0,00212123127910209;0,0010421553104183467;0,0009054377686806142;-0,010325067031812185
-0,0015157230773069803;0,006113234260541041;0,003026669047782704;-0,009282911721393838;0,0011834448405161208;0,0014472178337266994
-0,0014969782292039936;0,005848583840212952;0,004210113888298825;-0,007835693887667139;-0,00238163478166261;0,005299339753728649
-0,0013571666191896986;0,0052126169510291085;0,0018284791066362147;-0,00253635413393849;-0,0013403976894596804;0,0002981783870110444
-0,0010489504536434508;0,00426322230633858;0,0004880814171765342;-0,0022381757469274455;-0,0027466595969585766;-0,0014534380783440964
-0,0006675951238317543;0,0032123734962905114;-0,0022585781797820424;-0,003691613825271542;0,0046740287278360815;-0,0019022372730584935
-0,0002667165373329965;0,0020719976563653452;0,002415450548054039;-0,0055938510983300355;-0,005493187838981013;0,006996563601145631
4,381892197447961e-05;0,0007839572634293175;-0,003077737290926974;0,0014027125028155951;0,002193561605066974;0,010180038902138977
0,0004509724032041173;-0,000727837173439912;-0,0008841756858599999;0,011582751404954572;0,0002546248393078699;-0,005091871376000562
0,0007350163927966761;-0,0021835231101965174;-0,00062955084655213;0,00649088002895401;0,0008594125627021942;-0,0004558365564524408
0,0009836933549548347;-0,0031758989907549402;0,0002298617161500642;0,0060350434725015695;-0,00056476650271306;0,0021002120918137135
0,0012071882832509083;-0,003908639670155202;-0,00033490478656299574;0,008135255564315283;-0,000716880787818553;-0,004090406734737595
0,0014398776801929844;-0,004399978610655402;-0,0010517855743815488;0,004044848829577688;0,0007060389138477743;6,396688338843048e-05
0,0016591708856725407;-0,00456590732858299;-0,00034574666053377445;0,0041088157129661185;-0,0027833183336341827;-0,01244022436870175
0,001836392668176835;-0,004570042093327471;-0,003129064994167957;-0,008331408655735631;0,0013908172732635046;0,004921153574178036
0,0019997845842597783;-0,004409824229553307;-0,0017382477209044525;-0,003410255081557595;0,0013644315687681777;0,003363594395614483
0,0020380139005760035;-0,004582862712008568;-0,00037381615213627484;-4,666068594311179e-05;0,0009996900997101682;-0,003385288808369774
0,0020067133080560505;-0,004892311397726132;0,0006258739475738934;-0,003431949494312886;-0,0014961875739908578;0,0012292989979193203
0,0019604600694506464;-0,005203626510881422;-0,0008703136264169645;-0,0022026504963935656;0,0021539150496316106;0,0013886932128853169
0,001939241788748198;-0,005652219603809227;0,0012836014232146462;-0,0008139572835082487;-0,003902737631363465;0,0069160002151556765
0,0018832109629890713;-0,0061889187165927746;-0,0026191362081488187;0,006102042931647428;0,0025375991540786194;0,00011284925156568315
0,00187852419415853;-0,006758176120716651;-8,153705407019929e-05;0,006214892183213111;-0,0027309192118944517;-0,005295966893703263
0,0017690719770020364;-0,007083351807574632;-0,002812456265964651;0,0009189252895098476;0,002979393168960155;0,0005274720675919609
0,0016563582776827346;-0,007159931807104088;0,00016693690299550423;0,0014463973571018085;2,360979265505006e-05;0,007897303487530899
0,0014311463277248467;-0,007199754795053149;0,0001905466956505543;0,009343700844632707;0,001263672618316114;-0,0003881728691240982
0,0012126118538867792;-0,007181721888718139;0,0014542193139666683;0,00895552797550861;-0,0014242171013041094;-0,0020001337500528127
0,0010016992478747338;-0,0067899409485978205;3,0002212662558897e-05;0,0069553942254557966;0,0021528265085272377;-0,005514316031803329
0,0008489554144213551;-0,006039938889457157;0,0021828287211897966;0,0014410781936524675;-0,0036901258365476287;-0,0011994478523486701
0,0006974116694744787;-0,005011721061298262;-0,0015072971153578321;0,00024163034130379735;-0,0007559019172244264;-0,00017029710917380175
0,0006331810733751942;-0,0039258601053932685;-0,0022631990325822585;7,13332321299956e-05;0,0012024686906706473;7,547042130436402e-05
0,0005086585926615964;-0,002830333935836123;-0,0010607303419116112;0,0001468036534343596;-0,004704116481515154;-0,006007258543809284
0,00029360815064470824;-0,0017319544369937775;-0,005764846823426765;-0,005860454890374924;0,005325428772675512;0,0014279068649864952
3,612849495135566e-05;-0,0006277027920140578;-0,0004394180507512526;-0,004432548025388429;-0,005430175435498508;0,004260782970108092
-0,00045194503367906755;0,00024213065735066507;-0,00586959348624976;-0,00017176505528033667;0,004423496216588335;0,0043776807265379705
-0,0009575952843395407;0,0009346621856998506;-0,0014460972696614255;0,004205915671257634;-0,0029934076592728967;-0,0017355378264595385
-0,0016980292744500044;0,0016203231118378228;-0,004439504928934322;0,0024703778447980954;0,0013163672322626038;-0,0049594323671755675
-0,002496307155346925;0,0024742206648261005;-0,0031231376966717184;-0,002489054522377472;-0,0007158165221884116;0,0012917058024245684
-0,003472165233401219;0,0034269333316063015;-0,00383895421886013;-0,0011973487199529037;0,0030638871729690154;-0,005551839227081162
-0,004572948819322381;0,004280083817491404;-0,0007750670458911146;-0,006749187947034066;0,00036000437127906015;0,001159123809574239
-0,005827290573997949;0,005085340354578391;-0,0004150626746120545;-0,005590064137459827;0,0015694371580818045;-0,0003512012034033174
-0,00711263501050916;0,005620629373784014;0,00115437448346975;-0,005941265340863144;0,006336391020060894;0,002137389188492572
-0,008414581954004855;0,005932315827491245;0,007490765503530644;-0,003803876152370572;-0,003175988514243555;0,002604993434543401
-0,00967035391816176;0,0060063516675639495;0,004314776989287089;-0,001198882717827171;0,0009453086031893931;-0,0031155462465255745
-0,010626495262177437;0,005928232461541831;0,005260085592476482;-0,004314428964352746;-0,0027053457346447596;0,0027815648115520064
-0,011410045526621632;0,005802157946806627;0,0025547398578317226;-0,0015328641528007392;0,005610803040238033;-0,0003703835891686186
-0,011983192367366769;0,005503506273497312;0,008165542898069755;-0,0019032477419693578;-0,003981446732025662;0,0016494320902387671
-0,012454149613798635;0,005143540034075967;0,004184096166044093;-0,0002538156517305906;0,002135295257956249;-0,0007578208482109938
-0,012598485144307713;0,004707443884975849;0,006319391424000342;-0,0010116364999415844;-0,0031567454038503584;-0,0013742206660896233
-0,012575456828175026;0,0042611951098065065;0,003162646020149984;-0,002385857166031208;0,0020639189864590235;0,0005330168490086246
-0,012299652855082324;0,003774480874639501;0,0052265650066090075;-0,0018528403170225832;0,0034842380922595617;0,00034432717337975344
-0,011897343041183624;0,003192332352831247;0,00871080309886857;-0,0015085131436428298;-0,002847288276265597;0,003761367737232641
-0,011285970627020563;0,0025360702183420897;0,005863514822602972;0,0022528545935898113;-0,0036535895959445286;-0,002588738585428893
-0,01032616608890276;0,0018194675581072193;0,0022099252266584435;-0,0003358839918390817;-0,0034027389530850993;0,0037386863917902476
-0,009131820957880838;0,0011929790816159413;-0,0011928137264266558;0,003402802399951166;0,0004681370771545956;0,0012993659140141285
-0,007849078817792577;0,0005530552454510999;-0,0007246766492720602;0,004702168313965294;-0,0032205915288241183;0,0008626063670758698
-0,006614049226761383;4,9243505284305203e-05;-0,0039452681780961785;0,005564774681041164;0,0006675118153729315;-0,001690870499184891
-0,005408006701701072;-0,00026648150232387764;-0,003277756362723247;0,003873904181856273;-0,005339310489921589;0,0021625123908845228
-0,004359774903764609;-0,00035961552269041393;-0,008617066852644836;0,006036416572740796;0,005921142092016364;-0,0029780610263540922
-0,0034426533603370744;-0,0002977933757826993;-0,0026959247606284722;0,0030583555463867037;-0,0014991927836601956;-0,005528792278631251
-0,0028702144910153333;5,4854340346471506e-06;-0,004195117544288668;-0,0024704367322445474;0,00015419579257915095;0,0015986703741483685
-0,0024056126121187313;0,00043109846570746173;-0,004040921751709517;-0,000871766358096179;0,005981540531535469;-0,0020975082870672377
-0,002108815434993676;0,0007578940280904945;0,001940618779825952;-0,0029692746451634167;-0,006177851751083402;0,001529918085699921
-0,0019736551279370016;0,00104981893614968;-0,00423723297125745;-0,0014393565594634956;0,006266146928012105;-0,0011267757787543804
-0,001760870069687289;0,001222972858402329;0,002028913956754655;-0,002566132338217876;-0,0022793977650073863;-3,414563371911816e-05
-0,0017175743302878744;0,001338552518276438;-0,00025048380825273137;-0,0026002779719369942;0,003607274454788534;0,0036351965103364053
-0,0015931220326182735;0,001351486884621832;0,0033567906465358024;0,0010349185383994111;-0,000664961020950601;0,0009552532324578027
-0,001478689087278782;0,0012604101320897463;0,0026918296255852014;0,0019901717708572138;-0,0029388164728178824;-0,0030903505614581495
-0,0012299845160778583;0,001210730121093637;-0,00024698684723268097;-0,0011001787906009357;-0,00046716889462463003;0,003472350807776789
-0,0008736067598535266;0,0012406569809318162;-0,000714155741857311;0,0023721720171758533;0,001501824603596602;0,0023491183001578334
-0,0005271084775185022;0,001226576689145958;0,0007876688617392911;0,004721290317333687;-0,004840285591681347;0,0020599329567833786
-0,0002091764248577701;0,001307383278047134;-0,004052616729942056;0,006781223274117065;0,002506936945431604;-0,0028290249443581952
0,00014026238227253355;0,0015770414796416575;-0,0015456797845104517;0,00395219832975887;-0,002024306112006188;-0,004822675450579635
0,000327596520205155;0,0021179486122008635;-0,00356998589651664;-0,0008704771208207646;0,006873704385747109;-0,0022880840688720566
0,0004531034667573584;0,0028169436779504242;0,0033037184892304693;-0,003158561189692821;-0,003251699470321145;0,0007422595200002324
0,00043581097744889614;0,0034811196588671544;5,201901890932413e-05;-0,0024163016696925887;9,393990846609176e-05;-0,004573413605896276
0,0005506672277096527;0,004018953192196172;0,0001459589273754159;-0,006989715275588865;0,002629183383379528;0,0015651789299984953
0,0006676042387267822;0,004460134658737486;0,002775142310754944;-0,0054245363455903695;0,0011147400248803403;0,000513044108353497
0,0007903796068389284;0,004621727514255245;0,003889882335635284;-0,0049114922372368724;-0,0030702696021322855;-0,0007728506093876569
0,0010241606673812723;0,00456633891594939;0,0008196127335029987;-0,005684342846624529;-0,003157066524183877;0,006217931952030201
0,0014135370213490277;0,004314490628154059;-0,002337453790680878;0,0005335891054056713;-0,00016537082761037408;0,002710109870995861
0,0018356978846569027;0,0038352686264937473;-0,0025028246182912522;0,0032436989764015323;5,495645708557262e-05;0,005065300053046187
0,002164360596337543;0,0033773901890496627;-0,0024478681612056796;0,00830899902944772;-0,000354194805127786;-0,0023965033919485512
0,002392910323286533;0,0030492597106616393;-0,0028020629663334656;0,005912495637499168;0,0006985032446026468;-0,003075956525128057
0,002523545323787296;0,0030534891934515247;-0,002103559721730819;0,0028365391123711114;0,000819803390624374;-0,0005487584880018853
0,00254209780563472;0,0032942185017413765;-0,0012837563311064448;0,002287780624369226;0,0011550321637270392;-1,4330894747990874e-05
0,0024765078986129113;0,0036484093745260734;-0,00012872416737940567;0,0022734497296212353;0,000741265533667157;-0,005075353699405427
0,002359567738346845;0,004094111472285539;0,0006125413662877513;-0,002801903969784192;-0,0016992803861401035;-0,003689354047074836
0,0022374786113856025;0,004630751559229854;-0,0010867390198523522;-0,006491258016859028;-0,0008501843911553272;-0,002645566832032084
0,00213989113907587;0,005055315487382801;-0,0019369234110076794;-0,009136824848891112;-3,113359339623062e-05;-0,00045936993305904783
0,0019988341059720433;0,005220229094861387;-0,00196805700440391;-0,00959619478195016;-0,002132419070968925;0,008405912280577826
0,0017803001364279094;0,0050196697083843295;-0,004100476075372835;-0,0011902825013723334;-0,0019102341293741505;-0,0008770156535080065
0,0014830438867076193;0,004435262530629264;-0,006010710204746986;-0,00206729815488034;0,0016930055177519047;0,002252351705214789
0,0010217685939724157;0,0038032440528193065;-0,004317704686995081;0,00018505355033444915;0,001941098661750306;0,0029855278831341092
0,00032006489304733265;0,0030885336488141344;-0,002376606025244775;0,0031705814334685584;0,0019988277535696528;0,0015512506804326032
-0,0005543469953575536;0,002381225386822341;-0,0003777782716751221;0,0047218321139011615;0,0017171628627667482;0,0034108473427364658
-0,0015238231247722308;0,0018007403821692898;0,001339384591091626;0,008132679456637627;-0,0001472992856683744;-0,006146345217127591
-0,002508410385053913;0,001409128662072285;0,0011920853054232516;0,001986334239510036;0,005674714418908169;-0,0033563234773582515
-0,00343942226169193;0,001342824120240785;0,006866799724331421;-0,0013699892378482154;-0,0016654401305764982;0,0015102477289960503
-0,004322750726113017;0,0013559729479896867;0,005201359593754923;0,00014025849114783495;0,0007317639678820625;-0,004402528088709973
-0,0049314072015608475;0,0013143222062246599;0,005933123561636985;-0,004262269597562138;-0,0008030854743523025;-0,003094543980462664
-0,005332009293258481;0,0012782818041055463;0,005130038087284683;-0,007356813578024802;-0,005756095149876267;0,0022791871995221542
-0,005495286442490635;0,0010717506180839473;-0,000626057062591584;-0,005077626378502648;0,004632542460907441;0,004189676267338852
-0,005453362068231401;0,0005709468889413562;0,004006485398315857;-0,0008879501111637954;-0,0032289535986615714;0,0033088097478418226
-0,005436479976475831;-0,0001329618953413408;0,0007775317996542852;0,002420859636678027;0,00303895316871515;0,002108504603693398
-0,0052593384687876265;-0,0008723886840705897;0,003816484968369435;0,004529364240371425;-0,0012698694553342493;-0,00036657340796903554
-0,005051095689113251;-0,0015149810873327173;0,002546615513035186;0,00416279083240239;0,000380128552007003;0,0018036467327994798
-0,0046901935107040976;-0,0019763989209799883;0,002926744065042189;0,0059664375652018695;0,0020759084927142735;-0,0015013373025683716
-0,004227426711773537;-0,0022713051213311634;0,005002652557756462;0,004465100262633498;-0,00356928102250436;-0,006374014138013674
-0,003647590150241289;-0,0023275538190742637;0,0014333715352521023;-0,0019089138753801763;-0,0012117911818459656;0,0012588036129511163
-0,0028676474863987824;-0,0022051985063120242;0,0002215803534061367;-0,00065011026242906;0,0020368005554316573;-0,003701627134002239
-0,0020303699611461915;-0,0021591997485649918;0,002258380908837794;-0,004351737396431299;-0,005258629129541982;-0,0008913755261833398
-0,0011842292217573553;-0,0021392054013151217;-0,003000248220704188;-0,005243112922614639;5,521911559697862e-05;0,004945211147770974
-0,0002477532460150073;-0,0022932805499225033;-0,0029450291051072094;-0,00029790177484366465;0,0006529672327820271;-0,0031975911839748905
0,0005687128008991732;-0,0026570802154344706;-0,0022920618723251823;-0,003495492958818555;0,0019881335892463006;0,007915645998570739
0,0012673776836090653;-0,003032795951940185;-0,0003039282830788817;0,004420153039752184;0,000582573160054882;-0,0042345658911537715
0,0018743600914259502;-0,003548331406798641;0,00027864487697600027;0,0001855871485984123;-0,0017981165928447757;-0,00037068691792370434
0,0024691853679196796;-0,0038870607400670098;-0,0015194717158687754;-0,00018509976932529204;0,005781536333958032;0,0022095567361650748
0,0030751564394924493;-0,004218366587391442;0,004262064618089256;0,0020244569668397827;-0,004864052399946778;0,0002494120216968293
0,0036203486424304676;-0,0045570764254888865;-0,0006019877818575214;0,002273868988536612;0,0031925103505087427;0,0008338637299522139
0,004336023430092056;-0,004814807984912739;0,002590522568651221;0,003107732718488826;-0,000929471239834001;-0,0031382336740267552
0,005027618706479345;-0,004981584784795127;0,0016610513288172202;-3,050095553792931e-05;0,0033819711028389154;0,00862993489558031
0,005822834885612681;-0,005024052275937963;0,005043022431656136;0,00859943394004238;-0,006026193199804991;0,0008789523407728289
0,006684493117898707;-0,005067739805302315;-0,0009831707681488555;0,00947838628081521;0,0043289063604463884;0,0021134084770216693
0,0077478722474509775;-0,004767449977064972;0,003345735592297533;0,011591794757836879;-0,0010133163312520954;-0,0015354556910336242
0,008771924546277295;-0,004088024697595021;0,0023324192610454375;0,010056339066803255;0,00017878993292494427;-0,002406282970984233
0,009929806268795513;-0,0029449276278115943;0,0025112091939703818;0,007650056095819022;-0,004495409099071673;-0,0006964417117532318
0,011180984761755549;-0,0013995769953560376;-0,0019841999051012915;0,00695361438406579;-0,004376226966601948;-0,006608225271386159
0,0125326116224744;0,0004517758809322798;-0,00636042687170324;0,000345389112679631;0,003145194815256991;-0,0005042691544406841
0,0138048704869892;0,0025812733325832286;-0,003215232056446249;-0,00015888004176105308;-0,0019050239651028367;-0,0009188014532059557
0,014822712276635867;0,004724586348741363;-0,0051202560215490855;-0,0010776814949670088;-0,0008559627955259108;-0,003448260011576304
0,015711944784024687;0,006861544163229056;-0,005976218817074996;-0,004525941506543313;0,001219016956250707;0,0009911392982042133
0,016396367050551544;0,008955394717918067;-0,004757201860824289;-0,0035348022083390995;0,00043739245369717183;-0,0012907396125153292
0,0168417405643954;0,010868207612345346;-0,004319809407127118;-0,004825541820854429;0,003922551011358133;0,0015863461032556425
0,017096826003806284;0,012639628418439061;-0,0003972583957689846;-0,0032391957175987862;-0,00016631602682226632;-0,0026950218317858265
0,017179119066932085;0,014218027551698601;-0,0005635744225912509;-0,005934217549384613;-0,003785764977008499;0,00014978913946522843
0,017245521794227125;0,015666858856254188;-0,00434933939959975;-0,005784428409919384;0,004364823318128819;0,0015641380614316303
0,017289381544618516;0,01687832145883439;1,548391852906894e-05;-0,004220290348487754;-0,0009900006071407175;-0,00403126453891034
0,017159267719025918;0,017858406925017816;-0,0009745166886116485;-0,008251554887398094;0,0007228310894273338;-0,0009608990581044807
0,01702977325017448;0,01866968077726173;-0,00025168559918431477;-0,009212453945502574;-0,001090741660276895;-0,0001553848111137679
0,016861298113778577;0,019150892434009727;-0,0013424272594612097;-0,009367838756616342;-0,0027522056571364084;-0,0001458201823785199
0,016682755553415304;0,019263605932937616;-0,004094632916597618;-0,009513658938994862;0,0037377124614492163;0,0072744397551373075
0,01645051590267358;0,019001605881600853;-0,00035692045514840176;-0,002239219183857555;-0,005536083900689048;-0,0012088380025557233
0,01605449093526795;0,018359059472704293;-0,00589300435583745;-0,003448057186413278;0,0016559866655567745;0,0038704040599860656
0,015644189149656387;0,017626944296453433;-0,0042370176902806755;0,00042234687357278755;0,004204171574862969;0,0015103274409387635
0,014998167189811324;0,01675690683274604;-3,284611541770621e-05;0,001932674314511551;0,0003747013337020988;0,006191721267996941
0,014182664522355035;0,015903763243981562;0,0003418552182843926;0,008124395582508492;-0,0011279569574235149;1,1395610696796066e-05
0,013365848010282037;0,015127926627797543;-0,0007861017391391223;0,008135791193205288;-0,0018089950846631453;-0,008098183349904642
0,012562705706940416;0,014677065834913865;-0,0025950968238022676;3,760784330064659e-05;0,00218477344743942;-0,004235862989593664
0,01172811933403323;0,014551636689758398;-0,00041032337636284777;-0,004198255146293017;0,005115973541971158;0,005230738932090251
0,010789729088173952;0,014427711858334958;0,0047056501656083105;0,0010324837857972335;-0,008113785306087251;7,616356698697535e-05
0,00983492590726016;0,014135856821059797;-0,0034081351404789406;0,001108647352784209;-0,002308224109364876;-0,0038392522223633097
0,009068348732970702;0,013885301135216525;-0,0057163592498438165;-0,0027306048695791008;0,005956017541883074;-0,0040778299248618866
0,008165446153062085;0,01367909134348462;0,0002396582920392576;-0,006808434794440987;0,001291185190383029;0,0025050873626167314
0,007033889203159716;0,013363657356969552;0,0015308434824222866;-0,004303347431824256;-0,003924718458036214;0,006223783597500421
0,005911918584938916;0,012775885978676843;-0,002393874975613927;0,0019204361656761648;0,0028630002441962232;-0,003699137023464194
0,004851181706015009;0,012015980703111167;0,0004691252685822961;-0,0017787008577880292;1,2568565998856418e-05;0,0010635128128814453
0,0036946898280665447;0,011332892874172535;0,0004816938345811525;-0,0007151880449065839;0,004549369011408802;0,0029880267098910673
0,002556962960861372;0,010578657010922385;0,0050310628459899545;0,0022728386649844834;-0,003809185145329297;0,003421807099824231
0,0014385038470394454;0,009795813625875968;0,0012218777006606577;0,0056946457648087145;-0,0012447687871524338;0,004769393147629031
0,0005212872470571169;0,009103883787428931;-2,2891086491776125e-05;0,010464038912437745;0,004930771846959756;-0,003961873818307038
-0,00034705424489878524;0,008639739779574244;0,00490788076046798;0,006502165094130707;-0,007520089073701233;-0,0027814841938087476
-0,0012163113803143584;0,008594157328217066;-0,002612208313233253;0,00372068090032196;0,00374767923434385;0,004123222071302307
-0,0018892532853112124;0,008808661480625117;0,001135470921110597;0,007843902971624267;-0,002211964927412498;-0,004891465913192561
-0,0026666835228373966;0,009171992869046046;-0,0010764940063019007;0,002952437058431706;0,003292081288468973;-0,00583555192584459
-0,003398694923519157;0,009849080376331944;0,0022155872821670725;-0,0028831148674128837;-0,0009156211042335716;0,0012938664584088988
-0,004173766084452993;0,010644265365955113;0,0012999661779335009;-0,001589248409003985;-0,001208587994582594;0,00026690144129709603
-0,004860213754100146;0,011324125760881765;9,137818335090697e-05;-0,0013223469677068889;0,004239217950098642;0,0028852797122697615
-0,00549466277662996;0,011940416219448257;0,004330596133449549;0,0015629327445628727;-0,0028931772124614064;-0,005786285219713305
-0,006125456671825737;0,012503812799306475;0,0014374189209881427;-0,0042233524751504326;0,0028207473003802608;0,0034850206678465057
-0,006583026721683532;0,013129726688947208;0,0042581662213684035;-0,0007383318073039269;-0,004078290919653504;0,0044674598275279975
-0,006983100014701801;0,013586706479581923;0,00017987530171489907;0,0037291280202240706;0,001531983554284383;-0,004496579295338754
-0,007212846658865334;0,014014152997924481;0,001711858855999282;-0,0007674512751146834;-0,00016082212603840684;0,004870099198067801
-0,007435398290960271;0,014590764637076002;0,0015510367299608752;0,004102647922953118;0,00474068321298049;-0,0017143651627633538
-0,007589475568815237;0,015136678225222935;0,006291719942941365;0,002388282760189764;-5,689039374023874e-05;-3,0513697773515425e-06
-0,0076815113774717685;0,015846697730287993;0,006234829549201126;0,0023852313904124123;-0,002101560888181142;-0,0016997063279109437
-0,007521878388410644;0,016652248545760643;0,004133268661019984;0,0006855250625014686;0,00018867023951152362;-0,006403643060038322
-0,007112852217381476;0,017553208616849787;0,004321938900531508;-0,0057181179975368535;0,0030013028596362346;0,0020297459691357433
-0,006538495299911508;0,01848158969043899;0,007323241760167742;-0,00368837202840111;-0,0033287839772916383;-0,00342407690590385
-0,005791260826420279;0,019181246044126722;0,003994457782876104;-0,00711244893430496;-0,0054768985685035715;-0,0010764589004801928
-0,004751096682522341;0,019733367516678407;-0,0014824407856274674;-0,008188907834785153;-0,0011719002362131498;0,0023394667537579017
-0,0035511542273093588;0,020000991031857894;-0,002654341021840617;-0,005849441081027251;-0,00249378656157305;-0,0005095923384835221
-0,0024105094035214753;0,019941058233645975;-0,005148127583413667;-0,006359033419510773;0,007732051439309454;0,002183461822881372
-0,0013760382206072165;0,019647147792192964;0,0025839238558957867;-0,004175571596629402;-0,003877649491966541;0,00041832891404786077
-0,0005474921410295042;0,019098876013959525;-0,0012937256360707541;-0,003757242682581541;0,0008173399078865301;0,0026606534301458207
0,0003844108927840396;0,01838358137186091;-0,00047638572818422403;-0,0010965892524357201;0,002545868424033204;-0,0042121734218591445
0,001264564901154753;0,01751799702245903;0,00206948269584898;-0,005308762674294865;-0,0005998650500742969;0,0045609370678919015
0,0021256634803980975;0,016608549102959724;0,0014696176457746832;-0,0007478256064029631;0,002215901453497128;0,0006613715052191105
0,003069541367475401;0,015486750676488624;0,003685519099271811;-8,645410118385266e-05;0,0011841478916592985;-0,0031080292460253234
0,004072203960383693;0,014335039225761403;0,00486966699093111;-0,003194483347209176;;
0,005222287317262856;0,013179869610986831;;;;
0,006567157353779263;0,011896920662323889;;;;
