x;y;acc_x;acc_y;jerk_x;jerk_y
-0,0015432777905324373;0,019153754875981838;-0,001957443915671604;0,0001255014690078049;-0,003566541908188496;-0,009757412498045348
-0,0022511224003963926;0,019347905242862905;-0,0055239858238601;-0,009631911029037543;0,006204971085872535;0,0023772170279734994
-0,003037264766887212;0,019547075668504287;0,0006809852620124346;-0,007254694001064044;0,0035614933642422186;-0,005082363824499725
-0,004044366566332436;0,01936096965298417;0,004242478626254653;-0,012337057825563769;-0,003341361381234781;0,0024992650398969474
-0,005024228955297162;0,018884675877421486;0,0009011172450198723;-0,009837792785666821;-0,002922886457068785;0,004188160258601137
-0,0058343921992117026;0,017914899788836255;-0,002021769212048913;-0,005649632527065684;0,0025940508663933326;0,0034427950218312575
-0,006608510753325447;0,01655161198882435;0,0005722816543444198;-0,002206837505234427;-0,0008448325435999604;0,005647628616816669
-0,007463500075921149;0,014962338887729815;-0,0002725508892555406;0,003440791111582242;-0,0010892732669092742;0,002100463098927252
-0,008295598132343074;0,013284792286425906;-0,0013618241561648148;0,005541254210509494;-0,003411408371572139;0,0036820406879044254
-0,00913859822433522;0,011744877329585285;-0,004773232527736954;0,00922329489841392;0,009109152649035474;0,004466384074740731
-0,01003607128257396;0,010426612541165045;0,00433592012129852;0,013689678973154651;0,001957196239200376;0,00012710940960095063
-0,011124473641922176;0,009477279548681362;0,006293116360498896;0,013816788382755602;0,0023417889266415526;-0,005095303917453525
-0,012039439196418453;0,009075533715123865;0,008634905287140449;0,008721484465302076;-0,00028699019895422895;-0,004464209996314417
-0,012702680096494775;0,009226459416876592;0,00834791508818622;0,00425727446898766;-0,00172725831181475;-0,003023533301374115
-0,013020524785085478;0,009726244497241401;0,00662065677637147;0,0012337411676135446;0,003144935086407896;0,004576159071246533
-0,01300445287014873;0,010396320556365716;0,009765591862779366;0,005809900238860077;-0,009036618051432577;-0,006891161666810863
-0,012723554684157125;0,011115746262194574;0,0007289738113467892;-0,001081261427950786;-0,004787670621422657;-0,0014309754367780592
-0,012052032823654347;0,012067567977577836;-0,004058696810075868;-0,002512236864728845;-0,001907823886008353;-0,008364927113367837
-0,011351352010697695;0,012976139235843065;-0,005966520696084221;-0,010877163978096682;-0,005769587832091694;0,004025237307271612
-0,010813019070144078;0,01378422101951914;-0,011736108528175915;-0,00685192667082507;0,0007519173195913997;-0,0018741006722661768
-0,010513346957433832;0,01415721624407135;-0,010984191208584515;-0,008726027343091247;0,00441048470792943;-0,002422838964969254
-0,010683119185850621;0,014256134401790556;-0,0065737065006550854;-0,011148866308060501;0,006128206606717479;3,951722565675997e-06
-0,01129225906261079;0,01400601146578611;-0,00044549989393760647;-0,011144914585494825;0,0037649280383778017;-0,0008182487881571165
-0,012164347199397163;0,013309933877459245;0,003319428144440195;-0,011963163373651942;-0,004560080486580409;0,0007220606951726938
-0,013054255331941041;0,012168059705712587;-0,0012406523421402138;-0,011241102678479248;0,003995685498302648;0,00866056572778437
-0,01381138633870731;0,010547658999019854;0,002755033156162434;-0,0025805369506948783;0,004727569127926434;0,001615814395124135
-0,014618143439159188;0,008477614185187948;0,007482602284088868;-0,0009647225555707434;-0,000839484171919036;0,0027406936790175043
-0,01531469921336457;0,006304347893328248;0,006643118112169832;0,001775971123446761;-0,003525458903127776;0,0034038967020728825
-0,015711950896206396;0,004092492699245718;0,0031176592090420563;0,005179867825519643;0,0029403642991585044;0,004344128127028654
-0,015843477854561427;0,001951676350101059;0,006058023508200561;0,009523995952548298;0,0027329289165712867;0,0011604871599384253
-0,015850298444554777;1,805471397718541e-05;0,008790952424771847;0,010684483112486723;0,0005457103082809889;0,0001807780393372413
-0,015614798094220107;-0,0015346070840447565;0,009336662733052836;0,010865261151823964;-0,004586417115768293;0,00017003073669385332
-0,015027659646894561;-0,0026598895575672293;0,004750245617284543;0,011035291888517818;-0,006240740567582059;-0,00014901277462993356
-0,0140670546902469;-0,0033505615850167435;-0,0014904949502975162;0,010886279113887884;-0,0028665868036401587;0,005561159092618728
-0,01291643990890786;-0,0035998219369255454;-0,004357081753937675;0,016447438206506612;-6,819449749917439e-05;0,0028235974270132275
-0,011825444925580719;-0,0034136311242788315;-0,004425276251436849;0,01927103563351984;-0,00011226017944038214;-0,007116744074987039
-0,010908733212411086;-0,0025695427833718532;-0,0045375364308772315;0,012154291558532801;-0,0015354713897072492;-0,004807435694526484
-0,010169032549298927;-0,0009546130171240812;-0,006073007820584481;0,007346855864006317;0,005333181872382575;-0,00515365736594095
-0,009610833343421856;0,0011464884114650029;-0,0007398259482019054;0,002193198498065367;0,004090088918565743;-0,0008642065207673591
-0,009295554450368166;0,0035414640746143393;0,0033502629703638376;0,001328991977298008;0,004893472340556204;-0,009462414042905723
-0,00900986859524255;0,006024167677686291;0,008243735310920042;-0,008133422065607715;-0,004055829898774899;-0,005796461103105693
-0,008590172221302383;0,008560030959850163;0,004187905412145143;-0,013929883168713408;-0,0019942366877966633;0,00554560949440186
-0,007840726434925413;0,010770557359389726;0,00219366872434848;-0,008384273674311549;0,0005847714237327828;-0,0023595885811112383
-0,006923764432062637;0,012423888432180752;0,0027784401480812626;-0,010743862255422787;-0,001922858138409464;0,0008312278396668815
-0,005919055680225922;0,013741848557999316;0,0008555820096717986;-0,009912634415755905;-0,0012310066403513897;0,0005346388004916491
-0,004803209322465957;0,01463005419360097;-0,0003754246306795911;-0,009377995615264256;-0,003650380055159004;0,004467887367871348
-0,0036531396843191193;0,015121754452572387;-0,004025804685838595;-0,004910108247392908;0,004506514336681238;-0,0024144677654854285
-0,002518087031399466;0,015238334886933234;0,00048070965084264297;-0,007324576012878337;-0,004120065502288585;-0,002920028096100147
-0,0015440665659133559;0,015158510991398364;-0,003639355851445942;-0,010244604108978483;-0,0010291143665239616;-0,0016490701421953413
-0,0005508177143935404;0,014785704055348362;-0,0046684702179699035;-0,011893674251173825;-0,0017193427801000041;0,012376968387240894
0,0002968569030684375;0,014003112954939218;-0,006387812998069908;0,0004832941360670695;0,000937268644095015;0,004370905355932708
0,0009577927118116191;0,012744774884483124;-0,005450544353974893;0,004854199491999778;-0,0034263772701940975;0,0042622293380205345
0,0013632160006320046;0,011505768579469711;-0,00887692162416899;0,009116428830020312;-0,0017784908550828073;-0,0018174876869125334
0,0015506175152933943;0,010460930254136289;-0,010655412479251797;0,007298941143107779;0,0029926426652655755;-0,008698819275087921
0,0013829421649880244;0,00978074908200368;-0,007662769813986222;-0,0013998781319801423;0,0019555695051888568;0,006221393140417086
0,0007890503155125827;0,009392525555595383;-0,005707200308797365;0,004821515008436944;0,006146007876307234;-0,006921778789520244
-0,00011135232652230811;0,008948306903907879;0,00043880756750986835;-0,0021002637810833003;-0,002664746210333767;0,00293883604356035
-0,0012400429809090933;0,008696948852557854;-0,0022259386428238985;0,0008385722624770497;0,002933189970957383;0,00269569579750778
-0,002351181332595484;0,008361580249964496;0,0007072513281334847;0,0035342680599848297;0,0003039538397123509;-0,003008519309689761
-0,0035513572299948303;0,00805975453787022;0,0010112051678458356;0,0005257487502950686;0,002153420994319352;0,0031303665667622993
-0,004723243074268838;0,007899299548175337;0,0031646261621651878;0,003656115317057368;-0,0009879201636138063;-0,0012063967281839283
-0,005854680711829012;0,007759874508492258;0,0021767059985513815;0,0024497185888734396;0,00027419845189405323;0,009125725643856553
-0,006859533302902577;0,007766694081491473;0,0024509044504454347;0,011575444232729992;0,003947396264341735;-0,0018402933935133814
-0,007777317654034089;0,007871502398045625;0,0063983007147871696;0,00973515083921661;-0,004903760049061068;-0,0033454934723143315
-0,008597065827147782;0,008439328483908977;0,0014945406657261018;0,006389657366902279;0,007507576681107381;-0,005209955900811969
-0,009160881971669988;0,009396560603340993;0,009002117346833483;0,0011797014660903105;-0,004318060963069498;0,0039617647497273145
-0,009664916489563151;0,010609379017449102;0,004684056383763985;0,005141466215817625;0,001306857931325095;-0,002318830327417254
-0,009808866313582975;0,011869385490200822;0,00599091431508908;0,002822635888400371;-0,0029766614931037716;-0,00878613065514705
-0,009765453882252239;0,013335050611585247;0,003014252821985308;-0,00596349476674668;-0,0014969829624413844;-0,006201770955708064
-0,009482404878317939;0,014913621168505687;0,0015172698595439238;-0,012165265722454743;-0,0032861727441123034;-0,0005942043412374143
-0,009078785761504228;0,01625365193475626;-0,0017689028845683796;-0,012759470063692158;-0,0028547210521371325;0,00444726552755248
-0,008614475850308759;0,017107072072108643;-0,004623623936705512;-0,008312204536139678;0,002901355336264011;0,001821250750863479
-0,008220922054496026;0,01745011340691334;-0,001722268600441501;-0,006490953785276199;-0,0023360543905630027;0,003513627652832141
-0,008012313216151513;0,01746066656027245;-0,004058322991004504;-0,002977326132444058;0,0041047631280895225;0,0037804789766934244
-0,007872595121824661;0,01721158156222051;4,644013708501871e-05;0,0008031528442493663;4,995093320608879e-05;-0,0024241868130884803
-0,007895209947137988;0,01684340351887081;9,63910702911075e-05;-0,001621033968839114;0,0016791591884522117;-0,002432972058272642
-0,007915967166967915;0,016507351589291085;0,0017755502587433192;-0,004054006027111756;0,002202697769235512;-0,00041263015616499477
-0,007932868743986196;0,016106458300957794;0,003978248027978831;-0,004466636183276751;-2,5383392833033813e-05;-0,003886955021426719
-0,007878748310654746;0,015543404771540033;0,0039528646351457974;-0,00835359120470347;0,0006377155947390467;0,003443411491492465
-0,007665497956204142;0,014801685794791202;0,004590580229884844;-0,004910179713211005;-0,004407349656926712;0,001597481093812414
-0,0072941330163477066;0,013725823169854233;0,00018323057295813183;-0,0033126986193985908;-0,0020905153400823107;0,0032470654337877214
-0,006739144867295878;0,012453553356388822;-0,0019072847671241788;-6,56331856108694e-05;-0,0012717494429633491;-0,0012913880566536862
-0,006176827495325723;0,01104877559814747;-0,003179034210087528;-0,0013570212422645556;0,0019331141415791786;0,004897842544491299
-0,0056908015140405355;0,00964137251248168;-0,0012459200685083494;0,003540821302226743;-0,0018533843693289975;0,0033944377839940088
-0,00533193690115885;0,00817968857712531;-0,003099304437837347;0,006935259086220752;-0,0006481562932422053;-0,0007316248677818882
-0,005022909091017496;0,00685963749385801;-0,003747460731079552;0,006203634218438864;-0,0006937445335734593;-0,0032513741210659086
-0,004837853458389638;0,0058169967740395396;-0,0044412052646530115;0,002952260097372955;0,003786609453129919;0,0010112185081592728
-0,004802696255004962;0,0050225014229586225;-0,0006545958115230927;0,003963478605532228;0,00825651285934513;-0,0053739242694575
-0,004945187262206406;0,004346096475772625;0,007601917047822038;-0,0014104456639252722;-0,004521172930382511;0,0030341970644792854
-0,005113862101868774;0,0038282306728079163;0,0030807441174395267;0,0016237514005540132;-0,004916271083687959;0,0001520877200368656
-0,00497846025961826;0,0032539470432861968;-0,0018355269662484325;0,0017758391205908788;-0,0016480548275165513;-0,0006715679976771818
-0,004719828652670165;0,0027446134697866375;-0,0034835817937649838;0,001104271122913697;0,0003240011442545987;0,0030648949426161434
-0,004534618124372007;0,002306313461110714;-0,003159580649510385;0,00416916606552984;0,0006205712097268196;0,001816026309898855
-0,004488750867824449;0,0019121842973513377;-0,0025390094397835655;0,005985192375428695;-0,007826255761794423;0,004158550055964917
-0,004569266837257307;0,0016848217762131551;-0,010365265201577989;0,010143742431393613;0,0026234278266634853;-0,0002832265652091062
-0,004751343184281507;0,0016968669500921204;-0,007741837374914504;0,009860515866184506;0,004976724660352219;-0,006942983707205634
-0,005348030139368826;0,0021146618212268303;-0,0027651127145622845;0,002917532158978872;0,01103020097303764;-0,004622185651708077
-0,006254390589452725;0,0029268773270089204;0,008265088258475356;-0,001704653492729205;-0,0011443239270141348;-0,00864093117037569
-0,007271355548119116;0,0038557941191501655;0,007120764331461221;-0,010345584663104895;-0,0006077282407294382;-0,007500258185744485
-0,007957716976446493;0,004716524771582242;0,006513036090731783;-0,01784584284884938;0,0010603498978128956;0,0087766919116182
-0,008359247831515421;0,005163432037490124;0,007573385988544679;-0,00906915093723118;-0,003802173500073891;0,0023788160516737267
-0,008500257242955077;0,004896505589444029;0,0037712124884707876;-0,006690334885557453;-0,0012772780514883342;-0,0027572459538326988
-0,008338331214852947;0,004266813103908688;0,0024939344369824534;-0,009447580839390152;0,0011289313285739733;0,0020759859887927584
-0,008025556687211985;0,003369507222951048;0,0036228657655564267;-0,007371594850597393;-0,00525436910245794;0,010795490320199358
-0,007613024782091724;0,0020942981084178026;-0,001631503336901513;0,0034238954696019647;0,0012728937888485115;0,004106940840677201
-0,0070555782463492065;0,0005242251998606611;-0,0003586095480530016;0,007530836310279166;-0,0011066003284828374;-0,0037366251888978977
-0,00656339184408275;-0,0009088918899124017;-0,001465209876535839;0,0037942111213812683;0,004815928302756539;-0,0021378334603026593
-0,006085549823738413;-0,002040775527274298;0,0033507184262207;0,001656377661078609;0,002234284580371365;0,01060216659656614
-0,00566631619845551;-0,003020890719780943;0,005585003006592065;0,012258544257644749;-0,008543837584564312;0,0007966635995229343
-0,005113053836123779;-0,003934750805844444;-0,002958834577972247;0,013055207857167683;-0,0009312441236520724;-0,00036503892671915783
-0,004336391353528365;-0,004358269121602155;-0,0038900787016243193;0,012690168930448525;0,0007667566182727875;-0,004102122473205738
-0,0036780822540518412;-0,004259579123073159;-0,003123322083351532;0,008588046457242787;0,0025396308711259294;0,0024260454001812162
-0,0031753763026402897;-0,0036532823673262214;-0,0005836912122256024;0,011014091857424003;-0,0023993475846269957;-0,0053777039763545295
-0,0027976032345628002;-0,0027034637532895728;-0,002983038796852598;0,005636387881069474;0,0022998091359581266;-0,010971241626943393
-0,002443177814974334;-0,001313081464955964;-0,0006832296608944716;-0,005334853745873919;0,0006234718024788755;-0,0032551612738285635
-0,0022080739472599724;0,0003027563386204242;-5,975785841559611e-05;-0,008590015019702482;0,001595168861829678;0,0034741930284741193
-0,0020002992659813893;0,0017051999923618554;0,001535411003414082;-0,005115821991228363;0,0012994468234097944;0,006064159857717098
-0,00179491489903943;0,0027640430453151872;0,0028348578268238764;0,0009483378664887354;0,0008003568871426635;0,0015609631730594403
-0,0015281140919609078;0,0036182532186193844;0,00363521471396654;0,0025093010395481757;-0,0033322405457382014;-0,0062530028848893915
-0,0011479189718094302;0,004510396906583131;0,0003029741682283385;-0,0037437018453412158;-0,005686251498753066;-0,006926185384657432
-0,0006223152630992911;0,005502912636128805;-0,005383277330524728;-0,010669887229998648;0,004017078533799578;0,008930780538615402
-8,459258766001839e-05;0,00634568029186083;-0,0013661987967251502;-0,0017391066913832465;-0,000759227585903988;-0,005204152164009185
0,00023779899455826517;0,0067616524583929095;-0,002125426382629138;-0,006943258855392431;0,0017530722480704128;-0,005512179581960902
0,0005055426249075427;0,007108060357269659;-0,00037235413455872536;-0,012455438437353333;-0,0034567449338188446;-0,0029917248945003916
0,0006882691999516547;0,0071767379019307105;-0,00382909906837757;-0,015447163331853725;0,00022879309078707374;0,004163246460363493
0,0008561016096134176;0,0067471979090976296;-0,0036003059775904962;-0,011283916871490232;0,005742182817089075;0,00907096158487529
0,0008707700565400778;0,005699771382990399;0,002141876839498579;-0,0022129552866149427;-0,0019146990401949365;0,0020743549841004544
0,0007414262643631181;0,00420098818202356;0,00022717779930364265;-0,0001386003025144883;-0,00336171240849944;0,0002967289063878914
0,0006977575457661016;0,0026136867695921227;-0,0031345346091957976;0,0001581286038734031;0,00216473276054036;0,007479714913568525
0,0006631759391412307;0,0010208413450601063;-0,0009698018486554378;0,007637843517441928;-0,0026145863217140637;-0,0011258922192869183
0,0005032129481485281;-0,0005656789353169742;-0,0035843881703695015;0,0065119512981550096;0,003355154292790306;-0,0011851769584220045
0,00030445788320960783;-0,0018466854749963776;-0,00022923387757919564;0,005326774339733005;-0,0009505154105428001;-0,0013452684995841277
-3,767270854409242e-05;-0,0028672139627495805;-0,0011797492881219958;0,003981505840148877;-0,00154150026226621;0,0026223084205652114
-0,0003889726554009605;-0,0036746714769134636;-0,0027212495503882057;0,006603814260714089;0,003550851341411223;0,003892500471710733
-0,0007874625737827085;-0,004322868757471392;0,0008296017910230172;0,010496314732424822;-0,003755072589918286;0,000633897090182925
-0,0012948024741799846;-0,004706913467600756;-0,002925470798895269;0,011130211822607747;0,0025607769697081686;-0,0031388965874027813
-0,0017689583029363402;-0,004671105588433127;-0,0003646938291871002;0,007991315235204965;0,00038297374590926664;0,0004769661148419993
-0,0023601329636485065;-0,004190089236361189;1,8279916722166445e-05;0,008468281350046965;-0,00157603333227814;-0,0019801704885358956
-0,0029658953775281564;-0,0033894202748810513;-0,0015577534155559736;0,006488110861511069;0,001337332334857666;-0,0034299372770221215
-0,0035709265947389203;-0,0022500200593990357;-0,00022042108069830757;0,0030581735844889477;8,343586203064801e-05;-0,00537685165995945
-0,004238267948571923;-0,0008510954094565774;-0,00013698521866765956;-0,0023186780754705025;0,0028728715663487586;-0,0026406345384814636
-0,004914426145632858;0,0006701561838654389;0,002735886347681099;-0,004959312613951966;0,0015509964782846886;0,000339898604768768
-0,005596063751440499;0,0020986606541686355;0,004286882825965788;-0,004619414009183198;0,0014889316492042448;-0,00104394603222549
-0,006168265903340896;0,003328792619913753;0,0057758144751700324;-0,005663360041408688;-0,000582112549875613;-0,00045631365083588504
-0,006568992742202662;0,004374148025291543;0,005193701925294419;-0,006119673692244573;-0,0010222973924230994;-0,0008164363119599477
-0,006738687002057626;0,005192969029012985;0,00417140453287132;-0,006936110004204521;0,00014476594909551554;0,002211742067164929
-0,0067006331849008135;0,005767003085044645;0,004316170481966836;-0,004724367937039592;-0,0003241189042127446;-0,0045776147992926675
-0,006495723186429148;0,006063592740908123;0,003992051577754091;-0,00930198273633226;-0,0009381890377614804;-0,0035044867208330333
-0,00611816636867881;0,006171207679290017;0,0030538625399926106;-0,012806469457165293;-0,005685413271090886;0,0006286232231299538
-0,005580927487818309;0,0059067433082186215;-0,0026315507310982755;-0,012177846234035339;0,0009399779456557428;0,0056953848076449
-0,0049215341053581016;0,005130020158860615;-0,0016915727854425328;-0,006482461426390439;-0,001294408664321886;0,010256016046230568
-0,004367402752141826;0,0038661831601411933;-0,002985981449764419;0,003773554619840129;0,0017989657008271182;0,0005227058983028748
-0,0038809343103432515;0,002343047704366155;-0,0011870157489373007;0,004296260518143004;-0,00181764791317382;0,001536545176273895
-0,003513905126535254;0,0009708544333847215;-0,0030046636621111206;0,005832805694416899;0,0003919674894450609;0,003235647969647211
-0,0031943565726847483;-0,00022948841687099163;-0,0026126961726660597;0,00906845366406411;-0,0014377685925063;0,00451515413347053
-0,0029949945653186877;-0,001196519039350029;-0,00405046476517236;0,01358360779753464;0,0013897081172680181;0,0011415508326892976
-0,0029001404048592696;-0,0018008115152665016;-0,0026607566479043415;0,014725158630223938;0,0032278874893350434;-0,0020433521772542824
-0,0029673048350067456;-0,0018617596792815888;0,0005671308414307019;0,012681806452969655;-0,00012086486412898889;-0,009305663604057785
-0,003140899531070395;-0,0013337014980877185;0,000446265977301713;0,00337614284891187;-0,001050275043837326;-0,0009555096294652891
-0,0032918089934768167;-0,00029837105877506193;-0,0006040090665356129;0,002420633219446581;0,0031159252124264847;-0,0015818994293211215
-0,00342486781679117;0,0008720050944940694;0,0025119161458908718;0,0008387337901254593;-0,0026665575315559242;-0,0024159192820781272
-0,0035820870027669476;0,002139206576541064;-0,00015464138566505248;-0,0015771854919526679;-0,00012778266592829157;-0,005218209374317551
-0,0036388295429070905;0,003439957410193077;-0,00028242405159334405;-0,0067953948662702185;-0,002203393409237281;-0,00579862469489717
-0,0037017577384738354;0,004677620824166983;-0,002485817460830625;-0,012594019561167388;-0,00015796281474256268;0,001982943566343806
-0,0037759828961043142;0,00564346844349008;-0,0026437802755731876;-0,010611075994823582;0,0033362355317593656;-0,004557642591309613
-0,003949640752168018;0,006105555280366482;0,000692455256186178;-0,015168718586133195;-0,004140967207031956;0,006069903878929445
-0,004229049819254649;0,006143199077449941;-0,0034485119508457784;-0,00909881470720375;0,0034570720437935992;0,0019306239728619362
-0,004480760676093833;0,005574094131088073;8,560092947820785e-06;-0,007168190734341814;-0,0006578147090827574;0,004193641107993411
-0,004870412010966848;0,004641036596438053;-0,0006492546161349366;-0,0029745496263484036;8,444625377496129e-05;0,0032601359310174965
-0,005259720942121951;0,0034212514324143614;-0,0005648083623599753;0,0002855863046690929;0,0028841239403741836;0,0021940624695011637
-0,00567500005792245;0,0020824842833367333;0,0023193155780142083;0,0024796487741702566;-0,002170453862423538;0,002408280162974563
-0,006112871508217349;0,0007551405864458689;0,00014886171559067018;0,00488792893714482;0,0021311914117727315;0,001563830301112859
-0,00645797033539168;-0,00047301715947818505;0,0022800531273634017;0,006451759238257679;-0,000839997694467437;-0,0024218914455669815
-0,0067971146939423835;-0,0015056577479164463;0,0014400554328959647;0,004029867792690697;0,004204789742614984;-0,0038482196758740234
-0,007045056927398551;-0,0022802279668244;0,0056448451755109486;0,00018164811681667392;0,0019257902129696247;0,004243478851833599
-0,00723539694353888;-0,0028936034740247264;0,007570635388480573;0,0044251269686502726;-0,004350291347715779;0,0005883849306219519
-0,007199943152658771;-0,0034997130565523854;0,0032203440407647943;0,005013511899272224;-0,004386307205217099;0,005981293913660007
-0,006861663946239439;-0,003928817560334034;-0,001165963164452305;0,010994805812932232;0,003698129365079378;-0,006158109093911873
-0,006394570978189515;-0,004157381588144793;0,002532166200627073;0,004836696719020359;-0,004020869135586483;-0,0008631233566446794
-0,005974116536717684;-0,003946153383438263;-0,00148870293495941;0,003973573362375679;-0,0013267962467981842;-0,001741049001246324
-0,00545237544722077;-0,0035414573099709183;-0,002815499181757594;0,002232524361129355;0,0010617384268208074;-0,004937950260897349
-0,004990182475122232;-0,0029778183020085468;-0,0017537607549367867;-0,0027054258997679936;-0,0001426325756677116;-0,006511343789378267
-0,004640609470293998;-0,0023248783196010013;-0,0018963933306044983;-0,00921676968914626;0,0009975318881542544;0,002845116140763139
-0,004361186895663235;-0,0017801553731841752;-0,0008988614424502439;-0,006371653548383122;-0,003651983254845434;0,0037793319357194988
-0,004157620054256652;-0,0016041032143331996;-0,004550844697295678;-0,002592321612663623;0,0030277414356425225;0,0030637849612121515
-0,003990007670548079;-0,0016829171974175488;-0,0015231032616531553;0,00047146334854852867;0,001267463083270165;0,003380780525190627
-0,004004429074731333;-0,0018654240450084432;-0,00025564017838299036;0,0038522438737391557;-0,0012165922152693603;-0,0014448722084405008
-0,004079774609380714;-0,002029072358657396;-0,0014722323936523507;0,002407371665298655;-0,0012134869195693093;0,0020321909522795292
-0,004165345751165414;-0,002038630917356783;-0,00268571931322166;0,004439562617578184;0,00360660142499164;0,0027757020146772365
-0,004309806188696207;-0,0019518946094442236;0,00092088211176998;0,007215264632255421;0,0030479133897365895;-0,00724005720505313
-0,004561695398755868;-0,001687575796828537;0,00396879550150657;-2,479257279770948e-05;-0,0025624097465738183;-0,0035840753059502017
-0,004776749324344729;-0,0011346463989226332;0,0014063857549327513;-0,0036088678787479112;0,003464804135914823;-0,0031287588253006123
-0,004833051429873328;-0,0005827087039286381;0,004871189890847574;-0,0067376267040485235;-0,0007620639554876546;-0,00020845893061431468
-0,004833098105204616;-0,00017512572408455928;0,00410912593535992;-0,006946085634662838;0,0004908451009580789;0,003903559706563686
-0,004638297184902001;-3,70478124024215e-05;0,0045999710363179985;-0,003042525928099152;0,0029571388376558733;0,0018705077090212605
-0,00427913122718499;-0,00017681332610679722;0,007557109873973872;-0,0011720182190778916;-0,0006834938891201806;0,001558546586327229
-0,003735966428015258;-0,00043827987693513906;0,006873615984853691;0,0003865283672493374;0,002274804897380474;-0,002388068001967664
-0,002890517233886572;-0,0007466271565265965;0,009148420882234165;-0,0020015396347183266;-0,005058131568646894;0,00013060211915612643
-0,0017701234003637382;-0,0010395133014280806;0,004090289313587271;-0,0018709375155622002;0,0005777796893940493;0,0026795376821476813
-0,0002837927315515376;-0,0014124610317182975;0,0046680690029813204;0,0008086001665854811;-0,006923125488415588;0,004251857586672979
0,0013661495098041538;-0,0018602462626310027;-0,0022550564854342675;0,00506045775325846;-0,0008296473633550849;-0,003879281881554314
0,003202814511279098;-0,0022756874868802885;-0,0030847038487893524;0,001181175871704146;-0,0024974839642357277;-0,004410859164738858
0,004949277253336671;-0,002488710400999236;-0,00558218781302508;-0,0032296832930347116;-0,0052730789746538165;0,007141308405951931
0,006572351841442671;-0,0026544862802500174;-0,010855266787678897;0,003911625112917219;-0,0028802366162650472;0,0028540239490066205
0,007972138917027667;-0,0029494494912221873;-0,013735503403943944;0,00676564906192384;0,005266754326191503;-0,0026602166760018447
0,008937715321105507;-0,003087947697677669;-0,008468749077752441;0,004105432385921995;0,0027032063396682515;-0,0043530406711383696
0,00935387158902559;-0,0029558199416561967;-0,0057655427380841895;-0,0002476082852163747;0,0027031405463149583;-0,002077680485901706
0,009431277893835575;-0,0026594748901978445;-0,0030624021917692312;-0,002325288771118081;-0,002857140883206072;0,0034948055844561954
0,009278062489122193;-0,0023730341701481473;-0,005919543074975303;0,0011695168133381145;0,0021266634021009367;0,0016832999737831436
0,00900235099673804;-0,0021796050009431733;-0,0037928796728743663;0,002852816787121258;0,003004927056551976;-0,004436514367955023
0,008489857781354877;-0,0019393951592046748;-0,0007879526163223904;-0,001583697580833765;-0,00048758513894547884;-0,00324280748577083
0,007825649379056738;-0,001585072645981326;-0,0012755377552678693;-0,004826505066604595;-0,0003944791132229897;0,0011601263958954874
0,007129922872105703;-0,001294098035991328;-0,001670016868490859;-0,0036663786707091077;-0,0010424698057941162;0,003454671301061668
0,0063831748549439534;-0,0011961836286655135;-0,002712486674284975;-0,0002117073696474396;-0,001642834993718506;0,00021697726003742923
0,00556962616304257;-0,0012449243681680634;-0,004355321668003481;5,269890389989623e-06;0,0014407770929733832;3,0943529251644536e-05
0,004647578004169788;-0,0013021334024565108;-0,002914544575030098;3,621341964163416e-05;0,005614466576497924;-0,00012891274680641024
0,0035513169785768663;-0,001359131641129359;0,0026999220014678263;-9,269932716477608e-05;-0,001961729965829516;-0,002716831156184034
0,0023384741699827407;-0,0014146813430165415;0,0007381920356383104;-0,00280953048334881;-0,0010172170792290408;0,006577102707889103
0,001233628241447328;-0,001473939017990315;-0,00027902504359073044;0,003767572224540293;0,0036109312516883554;0,0017195694630457448
0,0001583099943374478;-0,001645577912298041;0,003331906208097625;0,005487141687586038;-0,0029741226746949068;6,538499845133022e-05
-0,0009281692545160616;-0,0016665139176241554;0,00035778353340271823;0,005552526686037368;0,007370844421027145;-0,005369083297136985
-0,001881372255045666;-0,0014679642554468282;0,007728627954429863;0,00018344338890038253;-0,0038678182103234274;-0,0005081245977923733
-0,0028202639142391617;-0,0010473135258280062;0,003860809744106436;-0,0003246812088919908;0,001102506414416865;0,00757862515159663
-0,003450010455255463;-0,0006193250606531689;0,004963316158523301;0,007253943942704639;-0,003242146826924183;0,000977364784286127
-0,0039253246065075065;-0,0002043238438340113;0,0017211693315991178;0,008231308726990766;0,0015833248249544768;-0,0063347534002246575
-0,004202106111418618;0,0005008351306933318;0,0033044941565535946;0,0018965553267661084;0,0038128725037319677;-0,008112850389207608
-0,004410040843065765;0,0015352464543003056;0,007117366660285562;-0,0062162950624415;-0,0032595131483183493;0,0031920740685468033
-0,004485795808450768;0,0026455199909779237;0,003857853511967213;-0,003024220993894697;0,0020178261790689406;0,0036391556966603317
-0,004276856107424349;0,0035071417251578817;0,005875679691036154;0,0006149347027656349;-0,005570944325388544;0,001699702346689272
-0,003913602265919241;0,004247794619582052;0,00030473536564760983;0,0023146370494549068;0,0026135321702618133;-0,003690737166505989
-0,003315321236772687;0,005013044902116848;0,002918267535909423;-0,0013761001170510823;0,0019399456015762005;-0,0010558489518223968
-0,002704850793000229;0,00587088066662984;0,004858213137485624;-0,002431949068873479;-0,0010092894994116128;0,0026246759274780873
-0,001977649647791393;0,006673672426460789;0,003848923638074011;0,00019272685860460825;-0,001005351716844717;-0,008749019328477964
-0,001056119977083133;0,007379186223536798;0,002843571921229294;-0,008556292469873356;-0,0005846929197976317;-0,006052345493501005
1,93666391480878e-05;0,008092409094956992;0,002258879001431662;-0,01460863796337436;-0,002383368163862396;0,004799605042270116
0,0012085961322284803;0,008463380267582251;-0,000124489162430734;-0,009809032921104244;-0,0029718723985884474;0,001921205267486653
0,0024881807853661393;0,008250005921672536;-0,0030963615610191814;-0,00788782765361759;-0,003017993853460091;0,005883493228473341
0,0037627858720065688;0,007644270258918652;-0,006114355414479272;-0,0020043344251442496;-0,002841383813507653;-0,001503419494942454
0,004913536496206231;0,006723021490020064;-0,008955739227986925;-0,0035077539200867036;-0,0002453231204350703;0,006249639898728648
0,005819712903826723;0,0057215993441157055;-0,009201062348421996;0,0027418859786419447;-0,005577130357657389;0,004222062151827438
0,006367659742327737;0,004579867041407879;-0,014778192706079385;0,006963948130469383;0,008273736231684925;0,001079415750314984
0,006547564086891872;0,0035478101778457305;-0,00650445647439446;0,008043363880784367;0,001576705988865515;-0,002920674676672494
0,0061363407232128304;0,0027943112395023575;-0,004927750485528945;0,005122689204111873;0,0028662157792218035;-0,0008280298505267819
0,005464939100558012;0,002362546856390359;-0,0020615347063071415;0,004294659353585091;0,0006211301654818757;-0,005623477884355521
0,004596427458482035;0,0021356900414428353;-0,0014404045408252658;-0,00132881853077043;0,0009361735495198725;-0,0049159550772654576
0,003645454428153772;0,002080619600638715;-0,0005042309913053933;-0,006244773608035888;0,0064438265174079565;-0,00535230927877722
0,0026368652161924988;0,001972396418603778;0,005939595526102563;-0,011597082886813107;-0,00458596021155689;0,00252589943250784
0,00160810676457901;0,0016143822922474052;0,001353635314545673;-0,009071183454305267;0,0005383108590199248;0,0017331503988193449
0,0008169321340096234;0,0007924848504185082;0,001891946173565598;-0,007338033055485922;-1,7690184901053563e-05;0,004125245985992905
7,990291602206373e-05;-0,0003922599295825994;0,0018742559886645443;-0,003212787069493017;-0,0018942897122598973;0,007455289311728355
-0,0005814484550228718;-0,0018705260318031443;-2,0033723595352937e-05;0,004242502242235338;-0,0023592700324204935;0,007515521456752938
-0,0011678295865212257;-0,0034773036168034097;-0,0023793037560158464;0,011758023698988276;-0,002870191396547865;0,0023756836991286195
-0,0017550120669633936;-0,004914381112114261;-0,0052494951525637115;0,014133707398116896;0,002898106778276309;-0,0012381779710359253
-0,0024373666976461954;-0,005881137659465582;-0,0023513883742874025;0,01289552942708097;-0,0007793831774953464;-0,006657204448166559
-0,0033297011344315458;-0,006282545910892227;-0,003130771551782749;0,006238324978914411;0,0011237519179011918;-0,007717024738890854
-0,0043160911061883925;-0,0061681329852356324;-0,002007019633881557;-0,0014786997599764429;0,0019436510491568082;-0,00043106399331516165
-0,005427711940016549;-0,005804187060422463;-6,336858472474893e-05;-0,0019097637532916045;0,006371355485419339;-0,010637963645435067
-0,0066196135591999675;-0,005499389126008349;0,00630798690069459;-0,012547727398726671;-0,002470203727886172;0,006221179738263333
-0,007814049921772375;-0,0052709817417259;0,0038377831728084177;-0,006326547660463339;0,00032582392674518346;0,0043444376418420305
-0,008756166808317001;-0,005544483453392519;0,004163607099553601;-0,001982110018621308;-0,002118752847219768;0,0010639252801913635
-0,009544772367949289;-0,0060710470714776706;0,002044854252333833;-0,0009181847384299446;-0,0013124625281397961;0,005052611649471961
-0,010166833643599433;-0,006676895090307675;0,000732391724194037;0,004134426911042016;-0,0005436735360656586;-0,005019385058049108
-0,010707100749156226;-0,007319470498674877;0,00018871818812837837;-0,0008849581470070922;0,0011382577401257699;0,001001017954084804
-0,011218072185745253;-0,007796668830600399;0,0013269759282541482;0,00011605980707771191;0,002671930807639167;0,0031021649049875755
-0,011721494894809148;-0,008309265488406204;0,003998906735893315;0,0032182247120652874;0,002075665077514721;-0,004247546477350428
-0,012171838566742877;-0,0088172197539289;0,006074571813408036;-0,0010293217652851405;0,0028532691128621557;-0,0017601541594017278
-0,012462225969240872;-0,009196445030968985;0,008927840926270192;-0,0027894759246868683;0,0012383151743348142;0,004038294512668017
-0,012509630499202546;-0,009616843178620476;0,010166156100605006;0,0012488185879811486;-0,0009496675945574462;-0,0013394573118781228
-0,012199921392113414;-0,010148820363259441;0,00921648850604756;-9,063872389697414e-05;-0,002731088146861904;0,002614566652685668
-0,011483566041000079;-0,010630844804379161;0,006485400359185656;0,002523927928788694;-0,0015790467755393556;0,0005016299615906994
-0,010398551149644844;-0,01111649479445476;0,0049063535836463;0,0030255578903793934;-0,006254901722547307;-0,0007116277098042079
-0,009054120243922182;-0,01150118766737881;-0,0013485481389010068;0,0023139301805751855;-0,0013863154525202703;-0,002942958839521226
-0,007513435194853667;-0,011764858224687685;-0,002734863591421277;-0,0006290286589460403;-0,0003576914263386799;-3,855776354011464e-05
-0,0060266920713411935;-0,011935971574773552;-0,003092555017759957;-0,000667586422486155;-0,004596736865840188;0,0030008705600672037
-0,00464934349148557;-0,01213224607121726;-0,007689291883600145;0,0023332841375810487;0,00497516492600724;0,004048258151389039
-0,003395697112340346;-0,012355224024560416;-0,002714126957592905;0,006381542288970088;0,004916599132985516;-0,0023491143375689583
-0,002449622408539127;-0,01248487061240033;0,0022024721753926106;0,00403242795140113;-0,0032940177529202815;-0,00376030632420421
-0,0016121127830416243;-0,01235925550868144;-0,0010915455775276708;0,00027212162719691957;0,0036463158603653005;0,005529460807888076
-0,0006865042705284173;-0,012072343286906505;0,0025547702828376297;0,005801582435084995;-0,0048205722723112625;0,0023503798456785407
0,00019544241888368283;-0,011774546200043692;-0,002265801989473633;0,008151962280763536;0,002727867916827907;-0,007303919595832042
0,0011795799196092883;-0,01124468581577748;0,0004620659273542743;0,0008480426849314937;-0,005822448898009196;-0,005645247720136359
0,0020730853407559483;-0,010388746940280726;-0,005360382970654921;-0,004797205035204866;-0,003509969238818182;-0,002142253957069712
0,002985073398996779;-0,009498886357386714;-0,008870352209473104;-0,0069394589922745775;0,0027657431767973556;0,0065567288159364134
0,0036826461384114138;-0,008800913975900895;-0,006104609032675748;-0,0003827301763381641;0,0013712743528073446;0,0018744370355965045
0,004025404789447124;-0,00838051995410606;-0,004733334679868403;0,0014917068592583405;0,003961382938833802;-0,005615792828531446
0,004123979079175804;-0,00797543513936475;-0,0007719517410346016;-0,004124085969273106;0,0033387238019357696;-0,0026463871456674504
0,0040332199817097476;-0,007510682050253108;0,002566772060901168;-0,006770473114940556;0,0013929480475048384;-0,0014496020368143792
0,003911582814602308;-0,00721089239991239;0,003959720108406006;-0,008220075151754935;0,006323443169814466;0,00012509246211642178
0,003892616529930914;-0,007181921674169294;0,010283163278220472;-0,008094982689638514;-0,002847677603979387;0,0042043132174135744
0,004032039049595761;-0,007481753954496396;0,007435485674241085;-0,003890669472224939;-0,00015256328961389676;-0,0039371721133994175
0,004582788100389427;-0,008105385542409037;0,0072829223846271884;-0,007827841585624357;-0,006249385593062207;0,0023675735263905817
0,005430956578152736;-0,008884643909210677;0,0010335367915649818;-0,005460268059233775;-0,00568279813979361;0,0038662221337164016
0,006570441951301133;-0,00997701593943729;-0,004649261348228628;-0,0015940459255173733;-0,0066187063142804925;0,007554746120438549
0,007751268796112129;-0,011287798692033255;-0,01126796766250912;0,005960700194921176;-0,0047821642184062985;0,0023832605448068644
0,00874612518699398;-0,012662343281649915;-0,01605013188091542;0,00834396073972804;-0,0008884994450394645;-0,0022273163268891616
0,009290262871375465;-0,013798459863469727;-0,016938631325954884;0,006116644412838879;0,0011358305812533276;-0,0028083414986828092
0,009192395280520335;-0,014600818015700418;-0,015802800744701556;0,0033083029141560694;0,010001044234317857;-0,00096400489876447
0,008416982436627009;-0,015158510391417555;-0,005801756510383699;0,0023442980153915993;0,004402195003835846;-0,0004465516594940322
0,007009457562945621;-0,015583870650568448;-0,0013995615065478528;0,0018977463558975671;0,006547634662185338;0,0017413707113225207
0,005369862428848884;-0,015915458989103678;0,005148073155637485;0,003639117067220088;0,0027043377284186633;0,005870073895220818
0,0036742848344902337;-0,016171137473403003;0,007852410884056148;0,009509190962440905;0,003552068038742962;0,007155764474426396
0,0021846301663570825;-0,016281251275013526;0,01140447892279911;0,0166649554368673;-0,00508254662766295;-0,009044252093950267
0,0010090719335861774;-0,016010997438126413;0,006321932295136161;0,0076207033429170346;0,0002043923210957952;-0,001375262743579242
0,0002896928577272367;-0,015074145383764607;0,006526324616231956;0,006245440599337793;-0,005022445145442634;-0,009765983224189145
-0,00017680892632625754;-0,013832465195686122;0,001503879470789322;-0,0035205426248513527;0,0021199429268277357;-0,0015059824686410872
-0,00038225772573047354;-0,012340967383634122;0,003623822397617058;-0,00502652509349244;-0,0025216604870108433;-0,0003519070045940875
-0,0005275513463031166;-0,010990291276576178;0,0011021619106062145;-0,0053784320980865274;-0,0003677767779011673;0,00020522651119472823
-0,0005278920709710774;-0,009840676173257932;0,0007343851327050472;-0,005173205586891799;0,0005929466271977595;0,007921192019757994
-0,00048414631921478955;-0,008906198353863146;0,0013273317599028066;0,002747986432866195;-0,008065512642128791;0,0020967976781820774
-0,0004110251621502999;-0,008178648757944032;-0,006738180882225985;0,0048447841110482726;0,0019152039836029377;0,005725153378541695
-0,0002848107346896979;-0,007341179704710271;-0,004822976898623047;0,010569937489589967;0,005588353239731352;-0,001350150659320759
-0,0004281235425181353;-0,006309919287034579;0,0007653763411083047;0,009219786830269208;-0,0019293921226287303;-0,007317783006298317
-0,0007643554262914947;-0,004855861369775288;-0,0011640157815204256;0,0019020038239708909;0,003336877809287174;-0,009431727859305059
-0,0010699722564205217;-0,0030330119793052284;0,0021728620277667483;-0,007529724035334168;0,004292457820061168;-0,004646077437972962
-0,001422149717810366;-0,0011340824358763335;0,006465319847827916;-0,01217580147330713;0,006073147026583979;0,0012092576983943962
-0,0016874126980895403;0,00046365814613919475;0,012538466874411895;-0,010966543774912733;0,0012775495055945135;-0,003686240443946262
-0,0016940628844555978;0,0015743666692224379;0,013816016380006409;-0,014652784218858995;-0,00739439903496153;-0,0024584829158672897
-0,0011991743958451795;0,0022464134413091716;0,006421617345044879;-0,017111267134726285;0,001594419943083153;-0,0027927768353605067
-0,00015164525203450498;0,0023323488446415457;0,008016037288128032;-0,019904043970086792;-0,004640541025695444;0,00633285992409361
0,001152748585577965;0,001733833562584868;0,003375496262432588;-0,013571184045993182;-0,00017709480296838193;0,012369697602175198
0,0027777839147155557;0,00033915652172471895;0,0031984014594642063;-0,001201486443817984;-0,007187785193065552;0,0033076100724321947
0,00453783909435045;-0,0015983678809751577;-0,0039893837336013455;0,0021061236286142107;-0,006464529488205653;0,004286655306663577
0,006425830332363913;-0,003583951741427753;-0,010453913221806999;0,0063927789352777875;0,0035508583198623767;0,002341864216500844
0,008154246221033322;-0,005485290656735781;-0,006903054901944622;0,008734643151778632;0,0014087270824383047;0,0025334850328358194
0,009464505580830451;-0,007130918414632697;-0,005494327819506317;0,011268128184614451;-0,00028728161275537456;-0,0014579761326248553
0,010498642744549796;-0,008427160446458467;-0,005781609432261692;0,009810152051989596;-0,007786799163530034;-0,009931572872487887
0,011313006795488887;-0,00927267735089966;-0,013568408595791726;-0,00012142082049829139;0,003546578918602883;-0,009315790277439506
0,011896106469137512;-0,009725788173261269;-0,010021829677188843;-0,009437211097937798;0,009295332827165437;-0,0009458501754926185
0,011936469798954467;-0,010183755828442808;-0,0007264968500234059;-0,010383061273430416;0,0031145576904824113;0,001169520358645204
0,011575959941683867;-0,01101921192754186;0,0023880608404590054;-0,009213540914785212;-0,0006011457194470271;0,010974560033026437
0,01118639021041233;-0,01226999047757813;0,0017869151210119782;0,001761019118241225;-0,003869755587059709;0,007192733102033
0,010892342912759156;-0,013889310664205809;-0,0020828404660477307;0,008953752220274225;0,0037843979199761457;0,007791105992716152
0,010669772219946461;-0,015438190086103835;0,001701557453928415;0,016744858212990377;0,0016971117767640709;0,006865732840925287
0,010363887908491857;-0,016628919419190896;0,003398669230692486;0,023610591053915664;-0,006214464903025352;-0,0018050877639870788
0,010126065895194387;-0,01714985442375834;-0,002815795672332866;0,021805503289928585;0,004216484080182742;-0,008911695006844966
0,010024190651124618;-0,016726365786169158;0,001400688407849876;0,012893808283083619;-0,002933196281627276;-0,00961743488554273
0,009809683580161535;-0,015430657016982832;-0,0015325078737774;0,003276373397540888;0,005246453081052038;-0,010936448965288226
0,009651204045512446;-0,013619195916473162;0,003713945207274638;-0,0076600755677473376;-0,004415931637603565;-0,010700629477427198
0,009431424195912261;-0,011676679880061856;-0,0007019864303289269;-0,018360705045174536;0,0029243254968824572;-0,00727872913205041
0,009360202154603063;-0,010040566866360444;0,0022223390665535303;-0,025639434177224946;-0,003334466272572556;0,0016179058194193408
0,009260900656080706;-0,009138882054466013;-0,0011121272060190257;-0,024021528357805605;-0,004447883614047798;0,012795364891102112
0,009250492720220492;-0,009262774609660579;-0,005560010820066824;-0,011226163466703493;-0,0016366007142854522;0,010609078937585753
0,009195599696119515;-0,01034752829916737;-0,007196611534352276;-0,0006170845291177396;0,0018871274731082355;0,003309340836624708
0,008918306239215867;-0,0118813285273423;-0,005309484061244041;0,0026922563075069683;0,002593086346868917;0,006341830918993929
0,008353148320938126;-0,01343981213668194;-0,002716397714375124;0,009034087226500898;0,0004577254874730541;0,0011103610952569731
0,007575611040210625;-0,014890605493721303;-0,00225867222690207;0,01014444832175787;0,0057701663563995;-0,0021669910021991923
0,006689417850908118;-0,015980035361700628;0,0035114941294974306;0,007977457319558678;0,0004828283704140929;-0,0016785180973591385
0,005712877772529529;-0,01666368729680964;0,0039943224999115234;0,00629893922219954;0,004301511927435719;-0,0018526900278666991
0,004876797459330837;-0,017028240939136303;0,008295834427347243;0,004446249194332841;-0,003960010217573071;-0,0016591290138309733
0,004200490046128606;-0,017140837012574985;0,004335824209774172;0,0027871201805018675;-0,0037812478391695686;0,00020511753260393784
0,003856016010020264;-0,017075583118240353;0,0005545763706046036;0,0029922377131058053;0,0009911712161166514;0,00029224458026994027
0,0036849749423028895;-0,016898844416685647;0,001545747586721255;0,0032844822933757456;0,0028332044233747022;0,001986073791234333
0,003536116929409699;-0,01660241620660671;0,004378952010095957;0,0052705560846100785;-0,0012448440472065947;0,005105880186516698
0,0034490888199853586;-0,01617460870479274;0,0031341079628893626;0,010376436271126777;-0,00040922305818241744;0,0022308054758456985
0,003537218790964857;-0,01553597895959437;0,002724884904706945;0,012607241746972475;0,0006324557541869252;-0,0047410954291258744
0,0037507130804599292;-0,014482291763550929;0,0033573406588938703;0,0078661463178466;0,0012769589324266167;-0,006153767397023474
0,00407320276614328;-0,012924314897628587;0,004634299591320487;0,0017123789208231266;0,0048459938763268096;0,004367380021821604
0,004529986078182385;-0,011051692178992382;0,009480293467647297;0,006079758942644731;-0,006371079973563412;4,386290591078257e-05
0,00517214137387431;-0,00911057430352325;0,0031092134940838845;0,006123621848555513;-0,0014607257008691088;-0,009078761645390579
0,0061935084082721265;-0,006926266070348331;0,0016484877932147757;-0,0029551397968350657;-0,007079555849884622;-0,016392758460271148
0,0073392439824332975;-0,00449701296323119;-0,005431068056669847;-0,019347898257106214;0,0020409918754906164;0,0004418370064112019
0,008550919068323061;-0,0021859654479874525;-0,00339007618117923;-0,01890606125069501;-0,0006576097676573578;0,006946328684174333
0,00954535143194603;-0,0006488338630279631;-0,004047685948836588;-0,011959732566520678;0,0005707268570921409;0,0025250565008198434
0,010404180748321829;0,0001320552719037254;-0,003476959091744447;-0,009434676065700835;-0,0034311921314817972;-0,0003838300864998159
0,011101102626744165;0,00043455510417458686;-0,006908151223226244;-0,00981850615220065;-0,001183282686730014;0,0014770759103388872
0,011658946141496726;0,000359667893817415;-0,008091433909956258;-0,008341430241861764;0,004005848929718947;0,00916115200031984
0,011940463607320232;-0,00010795956262778293;-0,004085584980237311;0,0008197217584580765;0,005667019182442112;0,007311669046499221
0,011898323716745492;-0,0009092442287474515;0,0015814342022048011;0,008131390804957297;0,0007810190993668975;-0,0020269948110054475
0,011692760426961258;-0,001677740024528797;0,0023624533015716986;0,00610439599395185;-0,0033355941093075048;-0,005276689939009302
0,011550454505265215;-0,0021209801881118505;-0,0009731408077358061;0,000827706054942548;0,0004566414550008502;-0,0008906955207299352
0,011502646715632042;-0,00232004451193683;-0,000516499352734956;-6,298946578738723e-05;0,001001472927360636;-0,0035536719114439286
0,011415913293689435;-0,0024860005935641075;0,00048497357462568;-0,003616661377231316;0,0010700016057632045;-0,0032551184474439512
0,011308519897637431;-0,0026544762538228805;0,0015549751803888845;-0,006871779824675267;-0,00036700170689707434;0,002950412443159897
0,011220525444570452;-0,0029676183691709065;0,0011879734734918102;-0,00392136738151537;-0,003925640975493083;0,005454891447873034
0,011194729998719032;-0,003555631677505943;-0,002737667502001273;0,0015335240663576638;0,001905864313980321;-0,0021892594650189806
0,011216453491807282;-0,004300499681101594;-0,000831803188020952;-0,0006557353986613168;-0,001341723566181896;0,00650741204336984
0,01112867028481548;-0,004984026722042938;-0,002173526754202848;0,005851676644708523;0,00426044193869024;0,001749461167478386
0,011007614950302842;-0,005693783178930736;0,0020869151844873923;0,007601137812186909;-0,004559249425644563;0,005571133718253879
0,01079961854562209;-0,006169472570030192;-0,0024723342411571703;0,013172271530440788;-0,003952325266533496;-0,002478648293146063
0,010675098748320833;-0,006341116448642172;-0,0064246595076906665;0,010693623237294725;0,0023614747736026287;-0,008599628214273111
0,01045168558137329;-0,0059858694660365214;-0,004063184734088038;0,0020939950230216137;0,0026841660598913575;-0,001669424304609743
0,009971286034118119;-0,00520287755393908;-0,0013790186741966803;0,0004245707184118708;-0,00021573908417624188;-0,00330478788592338
0,009328359097499427;-0,004336125840920775;-0,0015947577583729222;-0,002880217167511509;0,001170779234860364;-0,0004629876282595327
0,008630271413912868;-0,0034523912991659953;-0,00042397852351255816;-0,0033432047957710417;0,003536258583761498;0,007130224439739839
0,007868393419991392;-0,0026838654441116764;0,0031122800602489398;0,0037870196439687975;0,0023899865415434596;-0,005477528532525148
0,0070895562851294135;-0,002049067780888198;0,005502266601792399;-0,0016905088885563503;0,0021521014539405137;-0,0010039764630620108
0,006435210352677393;-0,0012627893319059687;0,007654368055732913;-0,002694485351618361;-0,001701985090135083;-0,001066009043112215
0,006000955084297068;-0,0005441312384659928;0,00595238296559783;-0,003760494394730576;0,00048065312669237636;-0,003432536121824259
0,00587287453814606;6,674744090924838e-05;0,006433036092290206;-0,007193030516554835;-0,0001813343046296878;-0,0025188481873617274
0,005982889310618965;0,0005272063444952666;0,0062517017876605185;-0,009711878703916562;0,000322232340761508;-0,008107079887646812
0,006350225526783478;0,0006999440274190914;0,0065739341284220265;-0,017818958591563374;-0,0023011382190521734;0,005475066156861375
0,006967629814454412;0,00048420656218625376;0,004272795909369853;-0,012343892434701999;-0,005273306491932417;0,007018558891985507
0,007847991467262228;-0,0004442892467091189;-0,0010005105825625638;-0,005325333542716491;-0,0024980558783356255;0,01366554166848715
0,008899264956444837;-0,0018665407529925716;-0,0034985664608981892;0,00834020812577066;-0,00026894646862823945;0,00024229956628800398
0,009910518022324944;-0,003501805600984684;-0,0037675129295264287;0,008582507692058663;-0,003405210090188515;0,0016163474093890268
0,010781828429769123;-0,0048034621239459695;-0,007172723019714944;0,01019885510144769;-0,0005850226492893351;-0,00820614375129125
0,011502438320032244;-0,00576181833922491;-0,007757745669004279;0,0019927113501564397;0,002724146576624231;0,0015350939034015076
0,01193613928950677;-0,006312220350445941;-0,005033599092380048;0,0035278052535579474;0,00033591836651547524;0,004090673592825056
0,012059530432221122;-0,0067829139076607155;-0,0046976807258645725;0,007618478846383003;0,0028851410889620954;-0,007542785174954658
0,011981577611240274;-0,007112495254733171;-0,001812539636902477;7,569367142834516e-05;0,002617210002987702;-0,0008409565779774475
0,011715717561224841;-0,007137337447950307;0,000804670366085225;-0,0007652629065491023;0,001122030404454688;-0,00032200922780709074
0,01137735592573331;-0,00715915189431031;0,001926700770539913;-0,001087272134356193;-0,002681030265411777;0,006236627831413322
0,011071181104885188;-0,007211576856932276;-0,0007543294948718637;0,005149355697057129;0,003079663530004717;-0,0023596001424405766
0,010842074314858664;-0,00730749270492849;0,0023253340351328533;0,002789755554616552;-0,0006566591925429299;-0,004981639452459746
0,010582794345037264;-0,007197434325042419;0,0016686748425899234;-0,0021918838978431943;-0,004129538984580461;0,0027296033664718222
0,010416527736621177;-0,006975785722971686;-0,0024608641419905375;0,000537719468628628;-0,0028193727989566097;0,013008608848541076
0,010317008121908689;-0,006841812476814681;-0,005280236940947147;0,013546328317169704;0,0008546400833323864;2,135283192536419e-05
0,01011905394151658;-0,00668633045191253;-0,004425596857614761;0,013567681149095068;0,007300216681950328;-0,004837416479708409
0,009709890283486582;-0,005988995294323592;0,002874619824335567;0,008730264669386659;-0,00518137491432713;-0,006798266335773032
0,009123702751151996;-0,00474895289077085;-0,0023067550899915634;0,001931998333613627;0,005214329916237492;-0,0037911839877386444
0,008652500011790831;-0,0031596999004426425;0,002907574826245929;-0,0018591856541250174;0,006955634401120514;-0,00437843962382977
0,008089027068830005;-0,0014931669767698898;0,009863209227366443;-0,006237625277954788;-0,0019631648525079703;-0,012369297058014386
0,007641857118919015;9,899852073786243e-05;0,007900044374858473;-0,018606922335969174;-0,006232009456246301;-0,005842780060540773
0,007589215538102684;0,001441659007127423;0,0016680349186121712;-0,024449702396509947;-0,0018443478553122616;0,0073059704229380545
0,007852575732280691;0,0020400426000782164;-0,0001763129367000904;-0,017143731973571892;-0,003221577804121689;0,008056923814044471
0,008182657323203186;0,0016604380971686123;-0,0033978907408217796;-0,00908680815952742;-0,0009248760329941264;0,011040500643361359
0,008505686396657676;0,0005950843153161323;-0,004322766773815906;0,001953692483833938;-0,004470774092682539;0,003893731122046079
0,008692799840479295;-0,0008337417929174444;-0,008793540866498445;0,005847423605880017;0,006535797520249936;-0,00038566574497578276
0,008707002613348279;-0,002184420201797664;-0,0022577433462485086;0,005461757860904234;0,002435496246431579;-0,004043346383920107
0,008369463751557324;-0,0033012016664426824;0,00017775290018307022;0,0014184114769841272;0,006987652253521215;0,007223854880389763
0,007941615155916428;-0,004199512816651532;0,007165405153704285;0,00864226635737389;-0,0023916002276156145;-0,005269417263744469
0,007520876676282856;-0,005041087507781016;0,004773804926088671;0,003372849093629421;-0,003498173884805944;-0,006923393732657768
0,007386754402797456;-0,005536971544615544;0,0012756310412827265;-0,003550544639028347;0,0048012086920804775;-0,00019620638534204038
0,007443584326355601;-0,005897941617704896;0,006076839733363204;-0,003746751024370387;-0,00845011372988183;0,007567055764375663
0,007551439491565056;-0,0064009334763553815;-0,0023732739965186267;0,003820304740005276;0,0006433040423482472;-0,0006260483889657387
0,00790236824610904;-0,007053795375980683;-0,0017299699541703795;0,003194256351039537;-0,006530336048918395;-0,0019487923218683145
0,008158366040792278;-0,007553845086005773;-0,008260306003088774;0,0012454640291712227;0,0043321176451155685;-0,0021137639554835164
0,008345165037308701;-0,007926124541989281;-0,003928188357973206;-0,0008682999263122937;0,0010723676807602167;0,006701667522410165
0,008201551793701573;-0,008248585436805941;-0,002855820677212989;0,0058333675960978715;-0,0025689599711391786;0,003063162984589002
0,007900811015775517;-0,008605778328675092;-0,005424780648352168;0,008896530580686873;0,004608757063181146;-0,012723366889138193
0,00748583741076094;-0,008729636516700329;-0,0008160235851710218;-0,00382683630845132;0,0006770992403764831;0,003687245522010635
0,0068538725798122785;-0,00849763348149809;-0,00013892434479453875;-0,00013959078644068534;0,005195467165239109;0,0007307911790834509
0,006189266805456775;-0,008418703898633905;0,005056542820444571;0,0005912003926427656;0,0011992649557346913;0,000535548674619607
0,00551910405730949;-0,008345357947227346;0,006255807776179262;0,0011267490672623726;-0,00207747109185924;0,0017951036472249882
0,005051203021979988;-0,008248363980115078;0,004178336684320022;0,0029218527144873607;0,0022451771345944616;-0,004500334356721591
0,004833534297697656;-0,008106300050312314;0,006423513818914484;-0,0015784816422342307;-0,0010954678510534666;0,0030116229219940005
0,004782999040788125;-0,007847362011930056;0,005328045967861017;0,0014331412797597698;0,0009592711576658364;-0,002142168261828087
0,004989404336635174;-0,0076515632392371675;0,006287317125526853;-0,000709026982068317;-0,003176645734729616;-0,0010350693758673646
0,005408931471196663;-0,007398438815353887;0,003110671390797237;-0,0017440963579356816;-0,004494336432322804;0,008352698927576119
0,006079951290779226;-0,00717367547075334;-0,001383665041525567;0,006608602569640437;0,002581847709416274;-0,004678205524330292
0,006875397965993679;-0,007018675980470221;0,001198182667890707;0,0019303970453101449;-0,0024608598710327;-0,0012893475120916709
0,00761549803954711;-0,006599332387401484;-0,001262677203141993;0,000641049533218474;-0,0035482423964754983;-0,001532551835861068
0,008403525419816168;-0,00610277291252034;-0,004810919599617491;-0,0008915023026425939;0,0012958150089751597;-0,00027314151575197343
0,009141045711959547;-0,005580571456310458;-0,0035151045906423317;-0,0011646438183945673;0,0002828020017208721;0,0024204694640246466
0,009686129220118226;-0,00509403009220628;-0,0032323025889214596;0,0012558256456300793;0,00047470814471248235;-0,0030746315122179013
0,010090608544651212;-0,0046540744808378845;-0,0027575944442089773;-0,001818805866587822;0,002920624034426611;0,0008068415897759112
0,01036579576562734;-0,0041638858436442855;0,00016302959021763375;-0,0010119642768119108;-0,005544923964844739;0,002805776695645773
0,010530679208835108;-0,0037464494411141996;-0,005381894374627105;0,0017938124188338622;0,003198235862921839;-0,003681742413933556
0,010702083835651582;-0,0033694916096565905;-0,0021836585117052665;-0,0018879299950996936;-0,003495350052277968;-0,0014953045497318601
0,01065821268748297;-0,0029207812814456263;-0,005679008563983234;-0,0033832345448315537;0,00024935028663666814;0,001615794569295885
0,01052699519884615;-0,0025475881530386503;-0,005429658277346566;-0,0017674399755356687;0,001268971414282588;0,003228369258678837
0,01016861736765;-0,0023097244064249362;-0,004160686863063978;0,0014609292831431683;-0,0027562545744550804;0,0006347514630619597
0,009593053205359987;-0,002142558258832649;-0,0069169414375190585;0,002095680746205128;0,0018159332558288221;-0,0004978614368902033
0,008851061568547414;-0,001916954939914635;-0,005101008181690236;0,0015978193093149247;0,006161381352633888;0,0010601089775429534
0,007832392274234079;-0,0016075243911484157;0,0010603731709436515;0,002657928286857878;0,003327744503256083;-0,0006161543076076657
0,006609682652653135;-0,0012341810700095997;0,004388117674199735;0,0020417739792502124;0,0005111361610650456;0,003710551784506376
0,005429387957909937;-0,0007545206173964684;0,00489925383526478;0,005752325763756588;-0,0004295790732900401;-0,0024554958114047024
0,004424617970134728;-0,00019318920561332874;0,00446967476197474;0,003296829952351886;-0,0005863477623495039;0,0016216785684114235
0,003615818135770111;0,0005982352367200744;0,003883326999625236;0,0049185085207633095;0,0024359782192284254;-0,005681214167832703
0,002985805291884483;0,001521532877147553;0,006319305218853662;-0,0007627056470693935;-0,004469915536519528;0,0003874376338659849
0,002511125527983865;0,0026415708584055643;0,0018493896823341335;-0,00037526801320340863;-0,0048841900679404415;0,006337947073259603
0,0022892179728373927;0,0037311006137808;-0,003034800385606308;0,005962679060056195;-0,0027918115194048784;-0,0018073034032538848
0,002141286004984286;0,0048056196486278985;-0,005826611905011186;0,00415537565680231;0,0018136886648099787;-0,0005780386606868276
0,0018719620217069273;0,006118645845877246;-0,004012923240201208;0,003577336996115482;0,00035901328800874363;-0,005264270384996661
0,001369573562229121;0,007597887069398684;-0,003653909952192464;-0,0016869333888811788;0,001565213156524442;-0,00283818401680061
0,0007066681731432661;0,009220221772764743;-0,002088696795668022;-0,004525117405681789;0,002925909514319272;-0,0009641363381664991
-0,00010239361403028711;0,010775079140575555;0,00083721271865125;-0,005489253743848288;0,002285571549961389;-0,003631065651236498
-0,0009950032730305612;0,012148931812159095;0,003122784268612639;-0,009120319395084786;0,0004776334048844748;0,0005580195426803658
-0,0018541244232847854;0,013303214333988702;0,003600417673497114;-0,00856229985240442;0,002858241884010293;-0,0029551201724528076
-0,0025883342027945037;0,01409268408001492;0,006458659557507407;-0,011517420024857228;-0,003191179842227637;-0,0012341425533082817
-0,0031785272753643377;0,01453966183194496;0,0032674797152797697;-0,01275156257816551;0,001998838853367782;0,0012422628321774876
-0,0035103739656338756;0,01452594278288071;0,005266318568647552;-0,011509299745988022;-0,002168664314580168;0,0014476797050343992
-0,003711521467292223;0,014002161230689841;0,0030976542540673835;-0,010061620040953623;-0,0031785844054794676;0,007114211548625626
-0,0037020162262046677;0,01301800768865945;-8,093015141208415e-05;-0,0029474084923279964;0,0007534995454183818;0,0015985806625416765
-0,0035686048149544173;0,011631389344990915;0,0006725693940062977;-0,0013488278297863199;-0,002001374324624508;0,0050789235949963984
-0,00343843060976065;0,01012687466162926;-0,0013288049306182104;0,0037300957652100786;-0,003682678074189344;0,00509545187900845
-0,0032813536288066308;0,008568406865076152;-0,005011483004807554;0,008825547644218529;0,0027241852837732172;0,005697946072221405
-0,00317742884507734;0,007159142899131447;-0,002287297721034337;0,014523493716439934;-0,00035861646492117705;0,002236386752601127
-0,003273963381540352;0,006102900838955483;-0,002645914185955514;0,01675988046904106;0,003154596680375793;-0,006170308509073075
-0,003461989826844737;0,005627598527437117;0,0005086824944202789;0,010589571959967986;0,0014506671493259987;-0,004927789488447354
-0,003755852839587343;0,005822691434680393;0,0019593496437462776;0,005661782471520632;0,0013062960622477887;-0,0007939786810962357
-0,004029368552553137;0,006441367220322389;0,0032656457059940663;0,0048678037904243965;0,010015461447298035;-0,005679500471363258
-0,00422451027976908;0,007286514304825209;0,013281107153292102;-0,0008116966809388615;-0,011895013465376622;0,0010390844893902185
-0,004289026178745261;0,008326373540945006;0,0013860936879154795;0,00022738780845135698;0,003958517581463011;-0,005744378071990963
-0,003822297791589758;0,009333764909827248;0,005344611269378491;-0,005516990263539606;-0,00412220823977516;0,0029483938568365675
-0,003300125656917635;0,010350251791047545;0,0012224030296033306;-0,0025685964067030387;-0,003741557517161844;0,003490517412531924
-0,0025641690714703733;0,011146059061726258;-0,0025191544875585135;0,0009219210058288851;-0,001512075873196102;-0,0023066647047584876
-0,0017793163648389776;0,011839122476136847;-0,004031230360754616;-0,0013847436989296025;-0,007089513146449506;-0,00305429917288208
-0,0010952298377099228;0,012569062730780593;-0,011120743507204121;-0,0044390428718116826;0,002132175601201833;-0,00320217189864086
-0,0005723925250110526;0,013243613237467157;-0,008988567906002288;-0,007641214770452542;0,0024652918157191863;-0,001738057770103163
-0,0004943849526003472;0,01374060202928125;-0,006523276090283102;-0,009379272540555705;0,005602559661716501;0,002899776646586305
-0,0007759200964297334;0,013931942230277244;-0,0009207164285666009;-0,0064794958939694;0,002767762986539919;-0,004972299320818607
-0,0013183862838704436;0,013748111529651007;0,0018470465579733183;-0,011451795214788008;0,0032108609175197644;-0,0002518221533423515
-0,001897681128453818;0,013305100993265997;0,005057907475493083;-0,011703617368130359;0,0017477394527770779;0,0013676009109517273
-0,0024030941107182594;0,012404018648289467;0,006805646928270161;-0,010336016457178632;0,00290341505692384;0,00837195220571807
-0,0027061907939629776;0,01103479160858772;0,009709061985194;-0,001964064251460562;-0,0005553457070575918;0,007453444698624884
-0,0027370616000768895;0,009252123910598828;0,009153716278136409;0,0054893804471643215;-0,0040683239105912435;0,0005793768241649094
-0,002379569926783041;0,007390893642551515;0,0050853923675451655;0,006068757271329231;;
-0,0016559296023637366;0,005749238592390774;;;;
-0,0007288735832426253;0,004350333833083203;;;;
