y;x;acc_x;acc_y;jerk_x;jerk_y
0,00012359862001981754;-0,00025894166748600126;0,0014158467878299724;-0,0023754081328137234;-0,0026048283260562367;-3,573750765669022e-05
0,00018976408964006136;-0,0003378030934810956;-0,0011889815382262643;-0,0024111456404704136;0,001510804929941897;-0,00032048286859481454
0,00016091323394775624;-0,000360030647962991;0,00032182339171563275;-0,002731628509065228;-0,0008860988708134006;0,0036202068171568074
3,561655263663457e-05;-0,000429817463973937;-0,0005642754790977679;0,0008885783080915793;-0,0003252498786892235;-0,00041319689598674075
-0,00019894526903709624;-0,00048673134431625765;-0,0008895253577869914;0,0004753814121048385;0,0007737353959046782;-0,0003825887303318138
-0,0003979639583871639;-0,000566216243822489;-0,0001157899618823132;9,279268177302472e-05;0,0010439197869473258;0,0014989704194366335
-0,000577967391253038;-0,0006812821576402;0,0009281298250650126;0,0015917631012096582;0,0014790931852555651;-3,300906662797448e-05
-0,0007542591168479911;-0,0008009796699332036;0,0024072230103205777;0,0015587540345816837;-0,0018042196717127125;0,0017018768805193499
-0,0008668803183945579;-0,0008835519892236067;0,0006030033386078652;0,0032606309151010336;0,002381847596653122;-0,002973296392504196
-0,0009171513585578573;-0,0008698353881011866;0,0029848509352609874;0,00028733452259683753;-0,000538365111230947;-0,0014160645336996694
-0,0008369971621171153;-0,000831998653434452;0,0024464858240300404;-0,0011287300111028319;-0,000351657694679269;0,0002471051538719751
-0,0007453495847724999;-0,0006747678813572779;0,0020948281293507714;-0,0008816248572308567;-0,0013439064005285294;-0,00022648962948427012
-0,0006988512078719977;-0,0004196776763189021;0,000750921728822242;-0,0011081144867151269;-0,001951277491128908;-3,643764247279746e-05
-0,0006876178252607298;-8,079434610649549e-05;-0,0012003557623066659;-0,0011445521291879243;0,0021264185769905557;-0,00021134905189755526
-0,0007207090221180671;0,0002881258532588008;0,0009260628146838899;-0,0013559011810854796;-0,0027508145533868024;0,0016834774221685424
-0,0007995823041429212;0,0006090318221318305;-0,0018247517387029125;0,0003275762410830628;-0,0007232294205550219;0,0011277725452562733
-0,0009326916334111945;0,0009669803035922157;-0,0025479811592579345;0,001455348786339336;0,0005033557389956846;-0,0003895832769365108
-0,0010526979130361454;0,0012519387155044844;-0,00204462542026225;0,0010657655094028252;0,0006728970022602393;0,00022398140466313096
-0,0011144902412075228;0,001434977881046436;-0,0013717284180020106;0,0012897469140659562;0,0006027048828201598;0,000379149391953687
-0,0011336519490027872;0,0015362320297778974;-0,0007690235351818508;0,0016688963060196432;-0,0014254679652435445;-0,0016532330859734441
-0,0011012237802354133;0,0015826170417892783;-0,0021944915004253954;1,5663220046199106e-05;0,0017084884757423355;-0,0006506190919700304
-0,0010020397592272537;0,0015982411123933852;-0,0004860030246830599;-0,0006349558719238313;0,0006607125731196914;0,002940260374275229
-0,0009022292094172462;0,0015260855229804764;0,0001747095484366315;0,0023053045023513977;-0,0017023760565254877;-0,0009436275937931629
-0,0008278168944841919;0,001434489812580245;-0,0015276665080888562;0,0013616769085582348;0,0021506823480831674;0,0007454216300105052
-0,0006611923994570817;0,001349882484117479;0,0006230158399943113;0,00210709853856874;-0,0009933897291724593;-0,0015983243436139306
-0,000440100828087642;0,0012041684953311587;-0,000370373889178148;0,0005087741949548093;0,0016986180041639216;-0,0007141267219622702
-0,00013472531517545283;0,001083375140144611;0,0013282441149857736;-0,0002053525270074609;-0,0004083024128876227;-0,0012345310660250887
0,00019100116553492875;0,0009477668293909371;0,000919941702098151;-0,0014398835930325496;-0,0022915011709333556;-0,0004988765268880251
0,0005085135451650119;0,0008652882832366943;-0,0013715594688352047;-0,0019387601199205746;0,0030581202767459605;-0,00023147992939743373
0,0007684305810737931;0,0008196074051663775;0,0016865608079107558;-0,0021702400493180084;-0,002245480138835347;-0,0019128229039683288
0,0009507972121857513;0,0007190641483426526;-0,0005589193309245913;-0,004083062953286337;0,0004957756849042847;0,0014381316928426605
0,001046354241324989;0,0006859833238353579;-6,314364602030657e-05;-0,0026449312604436767;-0,0013757839306698782;0,0008162574713274796
0,0009785887523327734;0,0006305457260910796;-0,0014389275766901848;-0,0018286737891161971;0,000957732248502572;0,0001805611267177848
0,0008050260129228107;0,0005725823825059889;-0,00048119532818761274;-0,0016481126623984124;0,0009432159238938484;-3,742513039850341e-05
0,0005583163219482001;0,00045706193585329084;0,0004620205957062357;-0,0016855377927969158;-0,0010901224783774642;-0,0003486230473623009
0,00024568212447765295;0,0003222936760730883;-0,0006281018826712285;-0,0020341608401592166;-0,00021610593460118146;0,00319929498482166
-0,00013437358470477073;0,0002060062401211352;-0,0008442078172724099;0,0011651341446624434;0,0008473423814225386;0,00117032421631387
-0,0005957957274935631;6,459472886233297e-05;3,134564150128645e-06;0,0023354583609763134;0,0014699426025624731;-0,0001772908510746414
-0,0010106125044958578;-0,00011058509508736567;0,0014730771667126018;0,002158167509901672;0,0001131592459791492;0,0019549691616677356
-0,0013320109470591;-0,00028563953647105917;0,001586236412691751;0,004113136671569408;-0,0016885122518067773;-0,0007218497053888828
-0,001567082689226275;-0,0004017708911862486;-0,00010227583911502636;0,0033912869661805248;0,00046596869321090945;0,0005412147320687996
-0,0016376289645306742;-0,00045445278939376796;0,0003636928540958831;0,003932501698249324;0,0002500616911323538;-0,0019244048083350146
-0,001572523761187852;-0,0005112257211658884;0,0006137545452282369;0,00200809688991431;0,0006744525044295527;-0,002602994511507844
-0,001350118489915057;-0,0005534509387741736;0,0012882070496577896;-0,0005948976215935341;-0,0017713718514364915;-0,0011961718186343662
-0,0010473893430456896;-0,0005711259745733292;-0,00048316480177870193;-0,0017910694402279003;-0,0002866867151059566;2,3031023956029614e-05
-0,0007684561010400635;-0,0005372727283861732;-0,0007698515168846586;-0,0017680384162718707;0,0007343476467172195;-0,0012193790063299119
-0,0005611656366435535;-0,0005227460742701654;-3,550387016743907e-05;-0,0029874174226017826;-0,0001492405854862551;-0,0005438390269180693
-0,0004245967088979183;-0,0005390134808295438;-0,00018474445565369417;-0,003531256449519852;0,0009450197837630424;0,0017907977378555113
-0,00040752447805635436;-0,0005567010421956199;0,0007602753281093482;-0,0017404587116643406;-0,0012996704906522976;-9,818223535208205e-05
-0,0005317025051955846;-0,0005817783817878437;-0,0005393951625429494;-0,0018386409470164226;0,0007938396804028931;0,0015203422452896714
-0,0007254988808013884;-0,0005764447082556935;0,00025444451785994367;-0,0003182987017267512;-0,0005613532423304479;-0,00011411204459548657
-0,0009928408942878491;-0,0005926868412252614;-0,00030690872447050425;-0,0004324107463222378;0,0002463449949612201;0,001695039757755968
-0,0012729148558433797;-0,0005987511934804315;-6,056372950928417e-05;0,0012626290114337302;3,208771933631456e-05;0,001326613115379273
-0,0015702852472518;-0,0006170918947144218;-2,8476010172969607e-05;0,002589242126813003;0,000800178399495928;-0,0017134239504085838
-0,0018171504782028712;-0,0006378551451287834;0,0007717023893229584;0,0008758181764044193;-0,0010547818930540728;0,0007584561513234028
-0,001960446024081422;-0,0006597574359500638;-0,00028307950373111443;0,001634274327727822;0,00047935743370819753;-0,0006288286409664376
-0,002068708842903796;-0,000650791631198426;0,0001962779299770831;0,0010054456867613845;0,0002445556477545484;0,002177662064478128
-0,0021116006886170574;-0,0006531490065960326;0,0004408335777316315;0,0031831077512395126;-0,00023815544987603084;-0,0011910933595322276
-0,0021142747068598634;-0,0006476552647945559;0,00020267812785560065;0,001992014391707285;0,0012629359787013072;5,621924204493589e-05
-0,001989624415053089;-0,000624528179883814;0,001465614106556908;0,002048233633752221;-0,0021233841636702274;0,0007074192513775272
-0,0017852935475780227;-0,000593293969858848;-0,0006577700571133195;0,002755652885129748;0,0012754118277417438;-0,0007813523619635311
-0,0014990333347528679;-0,0005034351955716058;0,0006176417706284243;0,001974300523166217;-0,0012268838029031023;-0,002394092475759231
-0,0011025470065225231;-0,00043988722356889633;-0,000609242032274678;-0,0004197919525930141;-0,0006315893962392316;-0,0014078825064528545
-0,0006270886573655297;-0,0003516335807410498;-0,0012408314285139097;-0,0018276744590458686;0,0010475792804920062;-0,001419343074734244
-0,00016842198631225673;-0,00028774961920419054;-0,00019325214802190342;-0,0032470175337801126;-0,00022792955667804652;-0,000203736815390064
0,0002171377063791814;-0,0002734989148078876;-0,00042118170469994994;-0,0034507543491701766;8,092432721825728e-05;-0,0017318318983182623
0,00047281669771941505;-0,00026697829633246076;-0,00034025737748169266;-0,005182586247488439;-0,0013104714130029727;0,00014844752166018414
0,0005904655150928416;-0,00027730494604503195;-0,0016507287904846653;-0,005034138725828255;0,0031179674964536335;0,003448814930855925
0,0005008108825667306;-0,00030124189085687085;0,0014672387059689682;-0,0015853237949723297;9,413114316295795e-05;0,0019422921971734468
0,00020979070100748942;-0,00039120798728809635;0,0015613698491319262;0,00035696840220111707;-0,0007660589627964155;0,0008444872472458537
-0,00014464243235064493;-0,00042248453548056315;0,0007953108863355107;0,0012014556494469707;0,0008226399765106874;-0,001280405469984319
-0,0004847968296207346;-0,00039130628970775286;0,001617950862846198;-7,894982053734817e-05;-0,0021073884792441;0,00027781583022695733
-0,0007768930009129455;-0,0003283156084815222;-0,000489437616397902;0,00019886600968960916;0,0020602243936739843;0,0006019681607520901
-0,0010721471650266502;-0,00020060689274144358;0,0015707867772760823;0,0008008341704416992;-0,0013822682880238763;-0,0026784465193340316
-0,0013594466887527706;-9,247568165728103e-05;0,00018851848925220595;-0,0018776123488923324;0,0004860237269052716;-0,0018364585711878947
-0,001614712845661223;7,848700051792481e-05;0,0006745422161574775;-0,003714070920080227;-0,0013155101234328661;0,0033216941060388375
-0,0019450834965253688;0,0002569904222632189;-0,0006409679072753886;-0,0003923768140413897;-0,0007717047365446298;0,0033462832334021572
-0,0024240169841927236;0,00046247553265481203;-0,0014126726438200184;0,0029539064193607675;0,0028368860675431797;9,839758851303698e-05
-0,002918645544421734;0,0006423219267553896;0,0014242134237231613;0,0030523040078738045;-0,0009663777988847579;-0,0009562396286066227
-0,0032951178478763136;0,0007656614151031665;0,0004578356248384034;0,002096064379267182;-0,001820107672720013;0,0028916495502284006
-0,003549497991015941;0,0009459694403998698;-0,0013622720478816096;0,0049877139294955825;0,00015576224216973938;0,001775491426063619
-0,0037200355589848814;0,0011445908906901094;-0,0012065098057118702;0,0067632053555592014;0,0009698141316400836;-0,006254544230337097
-0,003691064569773999;0,0012887214590650844;-0,00023669567407178654;0,000508661125222104;0,0013075455386786436;-0,0032802311023134023
-0,0033915653663407477;0,0013845916352115848;0,001070849864606857;-0,0027715699770912983;-0,0013410481128461396;0,0018627184095528632
-0,003071719717898612;0,0014709939843952136;-0,00027019824823928257;-0,0009088515675384351;-0,002670438384790058;0,00036896782414320983
-0,002862736868540129;0,0016002303281631167;-0,0029406366330293407;-0,0005398837433952253;0,0029188675658262525;-0,00037729837153825663
-0,002690108081883183;0,0017186587420014486;-2,1769067203088188e-05;-0,0009171821149334819;0,0012331754958048238;0,0003420234743267206
-0,002539074644962046;0,0017194616905186067;0,0012114064286017356;-0,0005751586406067613;-0,0036910718592646635;0,0010292159785114594
-0,0024247284926382485;0,0017193938763476412;-0,002479665430662928;0,00045405733790469804;0,0014867135188174688;0,0010104216605417438
-0,0023333886859387212;0,0017677823193207453;-0,0009929519118454591;0,0014644789984464418;-0,00014155767970099736;-0,0022319614094240894
-0,002223886585723006;0,0017169841450673322;-0,0011345095915464565;-0,0007674824109776476;0,0013121550602311419;0,0011946041661952886
-0,0020558053255694334;0,001626467894340101;0,0001776454686846854;0,00042712175521764095;-0,00039009537111715786;-0,0015225755342493721
-0,0019184233618549664;0,0014905712599510112;-0,00021244990243247247;-0,0010954537790317312;-0,0006809526391571147;-0,0017552372035550406
-0,001763956527931794;0,001361780444309309;-0,0008934025415895872;-0,002850690982586772;0,0010485229268186978;7,486636928482476e-05
-0,0016533078451698908;0,0012244916325703078;0,00015512038522911067;-0,002775824613301947;3,554721912438913e-05;0,0013837202315456695
-0,0016566868017114584;0,0010514667191677232;0,0001906676043534998;-0,0013921043817562775;-0,00017754648157745911;0,0008792676647707207
-0,0017710987427851039;0,000884646621174303;1,3121122776040689e-05;-0,0005128367169855569;-3,524193489827174e-05;3,232177991475266e-05
-0,0019411948591290004;0,0007254532273550229;-2,212081212223105e-05;-0,0004805149370708042;0,0002587085009601673;0,0013881198219567667
-0,0021318044441523193;0,0005667846784467842;0,00023658768883793625;0,0009076048848859625;0,0007683057994919561;-0,0004825839603705001
-0,0023416346266584703;0,0004072312970536564;0,0010048934883298923;0,00042502092451546236;-0,0008809516447197165;0,001292084402082616
-0,002515160613769183;0,000257141423214046;0,00012394184361017588;0,0017171053265980785;-0,000186594370848774;0,0017377749691442207
-0,002671685763899277;0,0001472472889076313;-6,265252723859811e-05;0,003454880295742299;0,0005466173986794984;-0,0008176997471337766
-0,002759526700965448;4,231082834562367e-05;0,00048396487144090027;0,0026371805486085226;0,0005422549375878353;0,0013692477702629754
-0,0027091724262019268;-6,51317333059279e-05;0,0010262198090287356;0,004006428318871498;-0,00037707187058711854;-0,003014097413985735
-0,002553330929494065;-0,00015321570009984347;0,000649147938441617;0,0009923309048857631;0,0004240655803293284;0,0021375264427128393
-0,002237232300031343;-0,0002002508745326096;0,0010732135187709454;0,0031298573475986025;-0,0011748416834477917;-0,0016325095483226346
-0,0018814404343731907;-0,00022132013142771108;-0,00010162816467684625;0,001497347799275968;0,001196245679921559;-0,00275568979625883
-0,001400454274811094;-0,00019946084757197473;0,0010946175152447128;-0,0012583419969828622;0,0003212425420624967;0,0005676877348112473
-0,0008595742032779588;-0,0001816666903033122;0,0014158600573072094;-0,0006906542621716149;-0,003086206282317234;-0,0020874829124733364
-0,0003690278116241381;-0,00012008783242486118;-0,0016703462250100248;-0,0027781371746449512;0,0023150644818644038;0,0012236859948705856
9,38924095428181e-05;-1,8745722541217908e-06;0,0006447182568543792;-0,0015544511797743656;-0,0011236209788642695;-0,0010805943054549814
0,00044568714372397614;4,9524838916216614e-05;-0,00047890272200989026;-0,002635045485229347;0,002142494776190491;0,000777314126755026
0,0007353038307141597;0,0001267129803607302;0,0016635920541806007;-0,001857731358474321;-0,0009448449265165916;0,0009441924306119384
0,0009195186982951692;0,00018474501292484814;0,0007187471276640092;-0,0009135389278623826;0,00038771264564061575;-0,0009050833193319785
0,001029424311537206;0,00030932072765619016;0,001106459773304625;-0,001818622247194361;-0,0013173517638213105;0,0017184107031613279
0,0011027883676647473;0,00046264632749409254;-0,00021089199051668554;-0,00010021154403303326;0,0014821014454258017;0,0015854082088838164
0,0011034075339045144;0,0006602303182641799;0,0012712094549091162;0,0014851966648507832;-0,0032444969431469906;0,0006162514923135146
0,00110001823838296;0,0008493786294135998;-0,0019732874882378744;0,0021014481571642978;0,003041683319440023;-0,0038890110815202605
0,001156036809455437;0,0010893753187593844;0,0010683958312021485;-0,0017875629243559628;-0,0038471218601510565;0,002436477621188562
0,001296113306814486;0,001250440508575654;-0,002778726028948908;0,000648914696832599;0,0016892660501768575;0,0016175128871146818
0,0013646872871992963;0,0014542415316400096;-0,0010894599787720505;0,002266427583947281;0,0026707420219193936;-0,0011602874673780142
0,0014592178554574107;0,0015468935135464089;0,0015812820431473432;0,0011061401165692666;-0,0034089029966953496;-0,0022939511924810266
0,0016444055270734162;0,001595967096301926;-0,0018276209535480065;-0,00118781107591176;0,0029844055260507887;0,0003114923836209302
0,0018738388033521923;0,0017082919607833368;0,0011567845725027823;-0,0008763186922908298;-0,0013909677604790338;0,0009317150038637284
0,0020557596365944984;0,0017475119871228277;-0,00023418318797625154;5,539631157289865e-05;0,0014740804649647707;0,0007306182389358457
0,002202627722145171;0,0018330033963624296;0,0012398972769885191;0,0007860145505087443;-0,0017418843288059607;-0,0017559189615954582
0,0023517116601587595;0,0019091274780829815;-0,0005019870518174416;-0,0009699044110867139;-0,0010041492399027532;-0,0005608144123223219
0,002532236180192698;0,002034847450883074;-0,0015061362917201948;-0,0015307188234090358;0,001976345164970701;0,00017023788171161014
0,002673964523783168;0,0021404879416104692;0,00047020887325050637;-0,0013604809416974256;-0,00040621668801812255;-0,001244672199211233
0,0027544641144372764;0,0021858829806690565;6,399218523238381e-05;-0,0026051531409086587;-0,0003666449721311249;0,00038364274465822745
0,0027805444674234877;0,002250086374657664;-0,0003026527868987411;-0,0022215103962504312;-0,0008952816657670781;-0,00105094140863244
0,0027024186947733524;0,0023168494560555667;-0,0011979344526658192;-0,0032724518048828713;0,0006719438381629916;0,0006020499492483608
0,0025354325062732002;0,00237150642597752;-0,0005259906145028276;-0,0026704018556345105;0,000268041353374604;0,0013045303977371261
0,0022375482455777333;0,00237824601779284;-0,0002579492611282236;-0,0013658714578973843;-0,0012086583849737764;9,373455785098225e-05
0,0018328479106568857;0,0023639459850280475;-0,001466607646102;-0,001272136900046402;0,0006801986675032609;0,0026962226035163444
0,0013735127174201427;0,002339327981818126;-0,0007864089785987391;0,0014240857034699423;-0,0009500940719283368;0,0009973401670519706
0,0008632920481815439;0,0022560456727641243;-0,001736503050527076;0,002421425870521913;0,0003479333501658355;0,0020875015356020855
0,00041003480708174257;0,0021413070045661732;-0,0013885697003612404;0,004508927406123998;0,0010636178480010125;-0,0007909003060389244
5,363460080281784e-05;0,001957108214347139;-0,00032495185236022794;0,003718027100085074;-0,0003012771794862479;-0,00140084977881395
-0,000122408509231147;0,001717366636113655;-0,0006262290318464758;0,002317177321271124;0,0011325357450599899;-0,0017028843971133613
-0,00014973053526170886;0,001464626983785762;0,0005063067132135141;0,0006142929241577627;-0,00046658192880821153;0,0016286486684754364
-8,436546844142577e-05;0,00118683817018401;3,972478440530253e-05;0,002242941592633199;0,0009499968839236546;-0,0015504763667064229
5,571315345167843e-06;0,0009293016251107986;0,0009897216683289571;0,0006924652259267762;-0,0006356815733344606;-0,00119118206294469
0,0001852257628370894;0,0006733540714137992;0,00035404009499449655;-0,0004987168370179139;0,0011302629396486357;-0,00045273432516361716
0,000392578819366082;0,00045699538444995817;0,0014843030346431323;-0,0009514511621815311;0,0003112294251060566;0,0009882062316617264
0,0005799832024143581;0,000254798301285897;0,0017955324597491889;3,675506948019533e-05;-0,001026399488257724;0,0005946533958130287
0,0007293295389753729;0,00011197333950756106;0,0007691329714914648;0,0006314084652932241;0,0013029116674464537;-0,0008378330774481274
0,0008801460783155956;4,096967611919272e-05;0,0020720446389379185;-0,00020642461215490335;-0,003968667416080667;0,00020483536687097154
0,0010562189562675472;7,313315904829533e-07;-0,0018966227771427485;-1,5892452839318116e-06;0,0026014799353778002;-0,000918048840386456
0,0012240348497333025;4,337477261928994e-05;0,0007048571582350518;-0,0009196380856703879;-0,0009519861872773075;-6,631104788835246e-05
0,0013917871733877007;1,0153302562386978e-05;-0,00024712902904225565;-0,0009859491335587403;-0,0004900732727499604;0,00046512142040280174
0,0015227539736152834;5,126118834886096e-06;-0,000737202301792216;-0,0005208277131559386;0,001402399389557814;7,522494225458559e-05
0,0016142828085005166;-9,786226054305013e-06;0,0006651970877655981;-0,000445602770901353;-0,0028689802928772486;0,0005319982277910973
0,001684978534859512;-5,418666301518476e-05;-0,0022037832051116507;8,639545688974432e-05;0,004938071083151174;-0,000404334069037518
0,0017378501503824534;-7,197921646544058e-05;0,002734287878039523;-0,0003179386121477737;-0,0027779649738079266;-0,000392857511533444
0,0017941775841809845;-0,0001779230981201624;-4,36770957684034e-05;-0,0007107961236812177;0,0006071344774271118;0,0019674871690961576
0,0018377874734936048;-0,00017449546465330334;0,0005634573816587084;0,00125669104541494;0,0009683124584784529;0,0008948815276700953
0,0018529655178589764;-0,00017281491501718038;0,0015317698401371613;0,002151572573085035;-0,0013407850870034706;-0,001563697361222409
0,0019184112040409455;-0,0001485960701147091;0,00019098475313369077;0,0005878752118626263;-0,0002841463216756235;-0,0015395404817954636
0,002069919793146316;-6,310643160675137e-05;-9,316156854193274e-05;-0,0009516652699328373;-3,1501944542955754e-05;-0,0005212384306562748
0,0022449433907261915;3,0022597026554e-05;-0,0001246635130848885;-0,0014729037005891121;-0,000669348188953884;0,001770677012458803
0,0023819003775087536;0,00011942516291818205;-0,0007940117020387725;0,00029777331186969097;0,0004695404046505614;-0,00024020931741722262
0,0024599412162677513;0,00020384118828641458;-0,00032447129738821107;5,756399445246835e-05;0,0004928772412208689;-0,002635733805596084
0,0025498929875015365;0,0002564967455730962;0,0001684059438326578;-0,0025781698111436158;-0,000747433139967218;0,003991046659425665
0,0026421473185134206;0,0002961734509642494;-0,0005790271961345602;0,0014128768482820492;0,001179827371520322;0,0008205374413620542
0,00263127485707956;0,00034258639410870886;0,0006008001753857618;0,0022334142896441034;-0,0015407810897652904;-5,107236143886418e-06
0,002676917469576981;0,00036583824940778593;-0,0009399809143795287;0,002228307053500217;0,0012404877184568428;0,0006295457600502263
0,0028118966536601667;0,0004131221117222935;0,00030050680407731414;0,0028578528135504433;-0,001897849616527168;-0,00012493363214947928
0,0030360081198833604;0,00042280673746161995;-0,0015973428124498538;0,002732919181400964;-0,0006659135487519733;-0,002141728014957281
0,0033744336986485726;0,0004445116353640389;-0,002263256361201827;0,0005911911664436831;0,0010480292325280418;-0,0014768663172899793
0,003822176044669823;0,0004023228207684637;-0,0012152271286737853;-0,0008856751508462962;0,0007252230451675994;-0,002178080175142136
0,004293566037348821;0,00026960375172481547;-0,000490004083506186;-0,003063755325988432;0,001688299547776617;0,0016741102884810372
0,004729529023993966;8,827559753421578e-05;0,001198295464270431;-0,0013896450375073949;-0,002114223064376408;-0,002810624563155603
0,005042941797599575;-0,00011265271999663136;-0,000915927600105977;-0,004200269600662998;0,002207858083603018;9,949228783587283e-05
0,0053007687697048875;-0,00026564921895666125;0,0012919304834970412;-0,004100777312827125;-0,0018361296340246632;0,0033497182988880547
0,005390584957783681;-0,0004552828219209302;-0,000544199150527622;-0,0007510590139390705;0,000633256275863147;-0,0007860054664390603
0,005316370053349389;-0,0005932392055453175;8,905712533552497e-05;-0,0015370644803781308;-0,0009477059685549256;0,0009099137251567524
0,005212112788357533;-0,0007529635551908097;-0,0008586488432194006;-0,0006271507552213784;-0,001117742649814478;-0,000726195478159164
0,005046372944150553;-0,000909125619822881;-0,0019763914930338786;-0,0013533462333805424;0,0012957706947700452;0,0031001956106866263
0,004855547069734718;-0,0010996336381837281;-0,0006806207982638333;0,001746849377306084;0,0012643865360482433;-0,0012207469401193244
0,004610587345983661;-0,0013691973162659305;0,0005837657377844099;0,0005261024371867595;-0,0001314150406312095;-0,002273602378782491
0,004435501597324847;-0,0016659858262786861;0,0004523506971532004;-0,0017474999415957315;0,0010111800155006637;6,0301364802672897e-05
0,004281459946153504;-0,0019394237067800655;0,001463530712653864;-0,0016871985767930586;-9,693922616535455e-05;0,0004061818508466486
0,004057518297318332;-0,0021947675593953168;0,0013665914864885095;-0,00128101672594641;-0,0009106333468949027;0,0012297496166770727
0,0037660887054114366;-0,0023915701835044135;0,00045595813959360687;-5,126710926933731e-05;0,0018061311340522024;-0,0019212936390097662
0,0034234184444666854;-0,00253370914815397;0,0022620892736458093;-0,0019725607482791035;-0,002040905386581901;0,00011056642253000348
0,0030786974991511605;-0,002657609787219782;0,00022118388706390824;-0,0018619943257491;0,0022881791529375806;0,002418237540991637
0,0026550741239044716;-0,0026910268553397617;0,002509363040001489;0,000556243215242537;-0,0021781802194699856;0,0021919521063644906
0,002156970975627819;-0,002715596567977185;0,00033118282053150316;0,0027481953216070276;-0,00011662176326825147;0,0023550580584725082
0,0016811175559608674;-0,002639791759014549;0,0002145610572632517;0,005103253380079536;0,002875459488715544;-0,0005257277499454739
0,0013151919491581972;-0,0025507396372306526;0,0030900205459787958;0,004577525630134062;-0,002743914080029712;-0,0008622794657508863
0,0011533964775587082;-0,002453105073156226;0,0003461064659490837;0,0037152461643831756;0,0010192239470679168;-0,00038699534944776
0,0011747020311645817;-0,002231869687242648;0,0013653304130170005;0,0033282508149354156;-0,0030868027457655947;-0,002344509770226405
0,0013446174313457822;-0,0019967900426911063;-0,0017214723327485942;0,0009837410447090106;0,0017254179792420485;-0,003655889981918098
0,0016476628641243995;-0,0017070971816188847;3,945646493454247e-06;-0,0026721489372090873;-0,0016721730115923442;-0,0026667514334989817
0,001990057938691377;-0,0014862632138566067;-0,00166822736509889;-0,005338900370708069;0,0013556197664440217;-0,0010147742116889888
0,0022255670557699914;-0,0012652714202345907;-0,0003126075986548682;-0,006353674582397058;-0,0011056042143574654;0,0031247776105534503
0,002247520158020283;-0,0011110087212165304;-0,0014182118130123336;-0,0032288969718436075;0,0020125820069564447;-0,0003708282401409871
0,002015326276974692;-0,0009692503261446647;0,0005943701939441111;-0,0035997252119845946;-0,0022175365349341655;0,0017990566987570351
0,0016539765170553566;-0,0008842204035932925;-0,0016231663409900544;-0,0018006685132275595;0,0006713964066889476;0,00025315496860666906
0,0011486377486566376;-0,0007754156732841556;-0,0009517699343011068;-0,0015475135446208904;0,0017706765213545035;0,0038496775954502405
0,0005712722397288163;-0,0007315375966146211;0,0008189065870533967;0,00230216405082935;-0,001984084286616488;0,0011063873776225048
-6,799381098384076e-05;-0,0007257303173171307;-0,0011651776995630914;0,003408551428451855;0,0010112787525786357;-0,002333508873069351
-0,0006151732996633238;-0,0006871667745375046;-0,00015389894698445566;0,0010750425553825039;-0,0015270803036138633;-5,926216826982779e-05
-0,0010260107312047326;-0,0006952103397404021;-0,001680979250598319;0,001015780387112676;0,0022229980009884943;-0,00021005884590950819
-0,0013938464605308413;-0,0007094098628226777;0,0005420187503901754;0,0008057215412031679;-0,0004969769363047591;0,0006940409725381819
-0,001721050974372443;-0,0007908485559288862;4,504181408541627e-05;0,0014997625137413498;0,000822311310927977;-0,0009611854550983651
-0,002016026626565918;-0,0008506064990194877;0,0008673531250133933;0,0005385770586429847;-0,001324466057696476;0,002539630187758213
-0,0022510117782097386;-0,0009085627695466725;-0,00045711293268308265;0,0030782072464011975;0,0012106480215596516;-0,0006656567396704921
-0,00246445384750784;-0,0009318249150733215;0,0007535350888765689;0,0024125505067307054;-0,0009710947520122533;-0,0011773737205093698
-0,002554767626949894;-0,000973371577907294;-0,00021755966313568437;0,0012351767862213356;0,0004517935714425658;-0,00043718662644025297
-0,0025485793861227193;-0,0009847768371862035;0,00023423390830688146;0,0007979901597810826;1,0278307537647108e-05;0,0011052319750255654
-0,002492984073846691;-0,0010048844829905405;0,00024451221584452856;0,001903222134806648;-0,00016581973777829093;0,00030283956614204216
-0,0024054691551794196;-0,0010156227724626022;7,869247806623764e-05;0,00220606170094869;-0,001733978377651723;-0,0025942959876646757
-0,0022418253511198825;-0,001016580573300883;-0,0016552858995854854;-0,0003882342867159855;0,0028704565978009064;-0,001275841961404317
-0,0019899390790223976;-0,001014390675016514;0,001215170698215421;-0,0016640762481203025;-0,001886042390547231;-4,384382156349259e-05
-0,0017535821783935522;-0,0010784122127155645;-0,0006708716923318099;-0,0017079200696837951;0,0013839575915137459;0,001613837048184845
-0,0015837883276895188;-0,0010938269224859982;0,000713085899181936;-9,40830214989502e-05;-0,0021395284995636386;0,0021827550952939236
-0,001482311279772837;-0,0011360764999497042;-0,0014264426003817027;0,0020886720737949734;0,0024939536810866074;-0,0029554610146099343
-0,0013845975527161138;-0,0011498026414461329;0,0010675110807049047;-0,0008667889408149609;1,353462587390386e-05;-0,0011907203174567928
-0,0012033369427075912;-0,0012205864869578296;0,0010810457065788086;-0,0020575092582717537;-0,002255360285875623;0,001105628630442751
-0,0010567478903316671;-0,00124866988924133;-0,0011743145792968146;-0,0009518806278290028;0,00012865600613687703;0,001343238685968872
-0,0009924592082866132;-0,0012335114632616782;-0,0010456585731599376;0,0003913580581398693;0,002574968844804012;-0,0021009127932466246
-0,0009662457513547195;-0,001265325620453899;0,0015293102716440743;-0,0017095547351067553;-0,0013607240082000108;-0,003509294813783332
-0,0009243779720972309;-0,0013389661205725173;0,00016858626344406352;-0,005218849548890087;-0,0007374225821406705;0,0015902606101877714
-0,0009508923822440125;-0,0013514342098253727;-0,000568836318696607;-0,003628588938702316;0,00025811733705003587;0,004616369600687016
-0,0011861607743463977;-0,0013571588485404653;-0,0003107189816465711;0,0009877806619847003;0,0016348362036081934;-0,0016689469769247643
-0,0015665727239968755;-0,0013856369400034223;0,0013241172219616223;-0,000681166314940064;-0,0016126664505089275;-0,0007099304246828003
-0,0019074734471679652;-0,0014265437907322424;-0,00028854922854730514;-0,0013910967396228643;0,0007550055259027549;0,003171093182496705
-0,0022756208229366575;-0,0014144859525825973;0,0004664562973554498;0,0017799964428738407;7,850019389174512e-07;0,0011703299703046816
-0,0026994120682902645;-0,0014139700835748446;0,00046724129929436725;0,0029503264131785223;-0,0009624439498353843;0,00043540526190710693
-0,003052003455928918;-0,0013947959626728736;-0,000495202650541017;0,0033857316750856292;0,0009272866036757546;-0,001989722104799238
-0,00328658178704043;-0,0013569321897991282;0,0004320839531347376;0,0013960095702863912;-0,0007723324619044389;-0,0014147394706622296
-0,0033857308511485175;-0,0013388765229470235;-0,0003402485087697013;-1,8729900375838437e-05;0,000811241589289774;0,0013064094096631867
-0,0034290395324451488;-0,0013035374979695291;0,00047099308052007266;0,0012876795092873483;-0,0008171238928700551;-0,0025199170541742727
-0,003473097409756814;-0,001281808413342823;-0,00034613081234998247;-0,0012322375448869244;0,0005286444347349824;0,002679263059847517
-0,0034656481066969854;-0,0012412396054953137;0,0001825136223849999;0,0014470255149605926;-0,0004525661149848495;-0,0016211400043176644
-0,0035074883054326336;-0,0012145160301418039;-0,0002700524925998496;-0,00017411448935707174;-0,000701583728092748;-0,001055162098407031
-0,0034914474835698577;-0,001180491909892894;-0,0009716362206925976;-0,0012292765877641026;0,0009031691082057695;0,0021871054764044523
-0,0034823712412813653;-0,0011572698893479781;-6,846711248682802e-05;0,0009578288886403497;8,773271068450439e-05;-0,0016311391934545338
-0,0035224660625034366;-0,0011729133176307661;1,926559819767637e-05;-0,0006733103048141842;-0,0019600518545899413;0,002558622595881327
-0,0035242477281798943;-0,0011912954304130273;-0,001940786256392265;0,0018853122910671427;0,0017873434352477305;-0,0011009234535347412
-0,003552961806048919;-0,0012089069192673814;-0,00015344282114453447;0,0007843888375324015;0,0012433390575487084;0,0010898815101950815
-0,003506263392275258;-0,001304149858377426;0,001089896236404174;0,001874270347727483;-0,0001007324586873165;0,0010678444938465453
-0,003428189425000301;-0,001405530510333252;0,0009891637777168574;0,0029421148415740284;-5,8439327646563066e-05;-0,002019153219888589
-0,0032751446438162445;-0,0014633153128329112;0,0009307244500702944;0,0009229616216854392;8,995188988739078e-06;-0,0004581555832866499
-0,0030044152689692274;-0,001481533564223896;0,0009397196390590334;0,00046480603839878926;0,0003161876217443668;0,0017110799296756532
-0,0026967674292547924;-0,001462522837612069;0,0012559072608034003;0,0021758859680744425;-0,0007166553942609503;-0,001823985106293273
-0,0023705273480044056;-0,0014059233254378807;0,0005392518665424499;0,00035190086178116947;-0,001149832559789045;-0,0025699112947717463
-0,0019572518280310414;-0,0012990875228315567;-0,000610580693246595;-0,002218010432990577;0,0007825226791386246;-0,003300176929024859
-0,0015299002735864305;-0,0011706816455635343;0,00017194198589202958;-0,005518187362015436;-0,0005369007062989532;0,001662621040314765
-0,0011912691364614424;-0,0010666989960253757;-0,00036495872040692365;-0,003855566321700671;-0,0003250423918533564;0,0022755606111079
-0,0010733654938170718;-0,0009558386670515361;-0,00069000111226028;-0,001580005710592771;0,0005000638077416845;-0,00011436175469392573
-0,001109684504040728;-0,0008595766868939734;-0,0001899373045185955;-0,0016943674652866968;-0,0006502980786810796;-0,002401861864601177
-0,0012092037426880953;-0,0007909147512268218;-0,0008402353831996751;-0,004096229329887874;0,0011596908580459656;0,0035873998078533934
-0,0013764976799469303;-0,0007298503077404141;0,0003194554748462905;-0,0005088295220344805;-0,0006140347590922329;0,0023983804936212536
-0,0017076407904012803;-0,0007023952795819934;-0,00029457928424594243;0,001889550971586773;-0,0004166347529814679;0,0017341916073192673
-0,0020591370817370095;-0,000662162032429721;-0,0007112140372274103;0,0036237425789060404;0,0017278268819025545;-0,0019371068347792744
-0,0023350513342092678;-0,0006337119566472864;0,0010166128446751441;0,001686635744126766;-0,001471717516035807;-0,00022269233324039017
-0,0024660158835252844;-0,0006337104423539482;-0,0004551046713606628;0,0014639434108863758;0,0024291321338650584;-3,324647977349243e-05
-0,0025295150030762302;-0,0005930444142736042;0,0019740274625043956;0,0014306969311128834;-0,003180162127427697;-0,0018297596660242707
-0,0025344563861917214;-0,0005705825730476867;-0,0012061346649233015;-0,00039906273491138733;0,0011978734587907644;0,0012356042858071847
-0,002482169892062697;-0,0004691596333215934;-8,261206132537113e-06;0,0008365415508957974;-0,0006875575787873896;-0,0016966618786074875
-0,002445845907330128;-0,0004159820801924322;-0,0006958187849199268;-0,0008601203277116901;0,0015009536707800142;-0,0008322439030650428
-0,0023760602605617273;-0,00036313497530857244;0,0008051348858600874;-0,0016923642307767328;-0,002142538469747589;-0,0006431386781722004
-0,0023406794269017943;-0,0003381206218215097;-0,0013374035838875017;-0,002335502908948933;0,0007255586142489948;0,0021431607961053603
-0,0023729931624729304;-0,00028090087290004353;-0,0006118449696385069;-0,0001923421128435729;0,0006759321336685942;0,0026387108676689114
-0,002498727014402024;-0,00027717726733407743;6,408716403008725e-05;0,0024463687548253385;0,0008487744627717099;-0,00037726456105659917
-0,0026321545508448604;-0,0002979274605536516;0,0009128616268017972;0,0020691041937687393;-0,00032319797042560695;0,00038128981110384375
-0,0026677273370946833;-0,00031611416721202227;0,0005896636563761902;0,002450394004872583;-0,0017017330902734627;-0,001412923697109554
-0,0026205359555937563;-0,00029778640879832107;-0,0011120694338972725;0,001037470307763029;0,0014940901493563676;-0,001878420270452777
-0,002475328813897926;-0,00025587210412957224;0,000382020715459095;-0,0008409499626897479;-0,001514386956535393;0,002276379934443913
-0,002288622859891575;-0,0002584405768167143;-0,001132366241076298;0,0014354299717541652;0,0020068104935481567;-0,0016053415357242251
-0,0021355549043928137;-0,0002457282208854926;0,0008744442524718588;-0,0001699115639700599;-0,0012343329012918765;-0,0008210865766321226
-0,0019250697500238858;-0,0002783105145973228;-0,0003598886488200177;-0,0009909981406021826;-0,0006059896037741664;-0,0013438037191681393
-0,0017213810582137603;-0,00027591503821027864;-0,0009658782525941842;-0,002334801859770322;0,0013481570050986654;0,0002067308617594854
-0,0015573322920277221;-0,0002879151077760352;0,00038227875250448125;-0,0021280709980108364;0,0008727135446355396;0,003484022783729286
-0,0014866756002324968;-0,0003385503074455591;0,0012549922971400208;0,0013559517857184497;-0,0003839331920695594;-0,0003535250016009628
-0,001501141748357705;-0,0003738943570149038;0,0008710591050704614;0,001002426784117487;-0,000496039687279225;-0,0010668192920293487
-0,0014613698250541753;-0,00035903871469864765;0,0003750194177912364;-6,43925079118618e-05;-0,0006194025326364877;-0,0007666411336803292
-0,001381500830385946;-0,000309340708179573;-0,0002443831148452513;-0,000831033641592191;0,0009623989845469489;0,001494786174939075
-0,001304207536034191;-0,00024464192494884894;0,0007180158697016976;0,0006637525333468841;-0,0004895421848087711;0,0013251166560810101
-0,0012601555873461238;-0,0001897184663119349;0,00022847368489292653;0,0019888691894278943;-0,0007555836859167594;0,0006731274996662415
-0,0011895535373241811;-0,00010607437288695298;-0,0005271100010238328;0,0026619966890941357;-2,9969885996827036e-05;-0,0022020451451666007
-0,0010393967197251228;-1,3291332066253989e-05;-0,0005570798870206599;0,00045995154392753507;0,00012260874977407417;-0,00049309624406967
-0,000782760034562299;5,8407308713491685e-05;-0,0004344711372465857;-3,314470014213495e-05;0,0003579931734651524;-0,0012755824032411331
-0,0005077252876423738;0,00010782275401241098;-7,647796378143328e-05;-0,001308727103383268;7,25488367240676e-05;-0,0025496892022246944
-0,000234016328728134;0,00013985935382146683;-3,929127057365669e-06;-0,0038584163056079625;0,0005792281133714882;0,002505266364202175
-1,265645394922494e-05;0,00016883683507926535;0,0005752989863141225;-0,0013531499414057876;-0,0013411770661681515;0,0010636265660010106
5,436676860536563e-05;0,00019765715125476924;-0,000765878079854029;-0,000289523375404777;0,0005210584024652196;-0,0019611144789702015
6,72639935037247e-05;0,00024948942688283803;-0,0002448196773888094;-0,0022506378543749785;0,001767364066471989;0,0017007099762493508
6,85802833858927e-05;0,0002706865793167457;0,0015225443890831795;-0,0005499278781256277;-0,001710146302322203;0,003497864383450743
-2,0128940906938457e-05;0,0002820909446551009;-0,00018760191323902338;0,0029479365053251155;0,0009039968320143539;0,0008303132901978072
-0,00013083528032479473;0,0003543970855567834;0,0007163949187753305;0,0037782497955229227;-0,0012669392832764977;-0,004459212754905572
-0,00012362415952964638;0,0004191991499289049;-0,0005505443645011671;-0,0006809629593826491;-0,0008181501584280087;8,409272512345696e-05
3,4716953086418893e-05;0,0005126570110520396;-0,0013686945229291758;-0,0005968702342591921;0,0007100643240206764;-0,0008812970505221807
0,0001658195473271782;0,0005840930975951277;-0,0006586301989084994;-0,0014781672847813728;0,0005136053360363865;-7,667461398846911e-05
0,0002730473321975698;0,0006007814032210487;-0,00014502486287211284;-0,001554841898769842;0,0003816558446236729;-0,0015857052376421236
0,0003211484256767065;0,0005911245008906297;0,00023663098175156008;-0,0031405471364119655;-0,0004822141775002991;0,0006085237058606648
0,00030705584320504955;0,0005756666040453262;-0,000245583195748739;-0,0025320234305513008;-0,00011229121409601223;0,003001839092637455
0,00016734137527691392;0,0005696739464700852;-0,00035787440984475123;0,0004698156620861543;0,0006177920826885754;-0,0013754672867902825
-7,36540298732737e-05;0,0005538579610648945;0,0002599176728438242;-0,0009056516247041282;0,0010231096937115512;-0,00018542277062115996
-0,00029585680854001515;0,0005237269992659138;0,0012830273665553754;-0,0010910743953252882;-0,0009060615290826992;0,0006377163060121609
-0,0005542856521949217;0,0005039927443806861;0,0003769658374726762;-0,00045335808931312727;-0,002513306544699459;0,0014913580716397652
-0,0008563574716628398;0,0005355795841576734;-0,002136340707226783;0,001037999982326638;0,0019980378246090853;-0,00065243199483149
-0,0011765636147032831;0,0005822450574335678;-0,00013830288261769755;0,000385567987495148;0,00019894569976972205;0,0019270037958765245
-0,0014552497584506608;0,0005434569024203908;6,0642817152024506e-05;0,0023125717833716725;0,0014976740702654385;-0,002453467688986008
-0,0017185131826982325;0,0004991366321025059;0,001558316887417463;-0,00014089590561433551;-0,002457457447097553;0,004046462576203801
-0,0018892737356109375;0,000457242074470702;-0,0008991405596800901;0,003905566670589465;0,0001086112529334847;-0,0006727795631053454
-0,0020656701247482156;0,0004776801923355967;-0,0007905293067466054;0,0032327871074841197;0,0016183174364305594;-0,0003790684605299785
-0,0020858438470619154;0,00046215268781328773;0,000827788129683954;0,002853718646954141;0,0006400854795594636;-0,0026058588196875634
-0,0019767060850762502;0,0004150040110211145;0,0014678736092434176;0,00024785982726657774;-0,0017164155558609673;-0,00032066295831140873
-0,0017534195772124196;0,0004009668594162995;-0,00024854194661754966;-7,280313104483099e-05;0,00020681369009288054;0,0009399030760775078
-0,0015202186762579256;0,00044564465218122117;-4,172825652466912e-05;0,0008670999450326768;-0,0015768456758384706;-0,002221824044005633
-0,001289929900545225;0,0004803807670814409;-0,0016185739323631397;-0,0013547240989729564;0,002031780415138176;0,002063271111384067
-0,0010249571270312173;0,0005134477517206738;0,00041320648277503626;0,0007085470124111107;-0,001715889718380121;-0,0008707839037884416
-0,0008141733174761279;0,00048177177906538114;-0,0013026832356050847;-0,00016223689137733095;0,0006197015248545993;-0,0016485735107502602
-0,000575047627424594;0,00046662406572108993;-0,0006829817107504854;-0,0018108104021275911;-0,0005490863987478193;0,0008030199560965894
-0,0003424114130281534;0,0003993690229525953;-0,0012320681094983047;-0,0010077904460310018;0,0009086428157559683;0,001405484413609841
-0,0001822076147168164;0,0003047947117540813;-0,00032342529374233646;0,0003976939675788393;0,0009728139140611825;3,190566466140365e-05
-6,231543424671949e-05;0,00016093767617563506;0,0006493886203188461;0,0004295996322402429;0,0005726090378250057;-0,002533570785268291
7,3484504926531e-05;4,143628847495389e-06;0,0012219976581438518;-0,002103971153028048;0,0004721044251587039;-0,0010660224964872938
0,0002264684293893912;-0,00012667487366789043;0,0016941020833025557;-0,003169993649515342;-0,000866311114243921;0,0025157235324579797
0,00029529350773112946;-0,00020861346985752218;0,0008277909690586347;-0,0006542701170573623;-0,0003075031374077464;0,0023426429219313605
0,00023731884009225404;-0,00022278798271505173;0,0005202878316508883;0,0016883728048739982;-0,0005127929608013042;-0,0027445851551163884
0,00015317336777108414;-0,00020385085681023585;7,494870849584102e-06;-0,0010562123502423902;-0,0005664085770659272;-0,0004940007894876012
0,00013656280764487417;-0,00016410221763938447;-0,0005589137062163431;-0,0015502131397299914;0,0031649062844662;1,9932043010776647e-05
7,770375350896858e-05;-0,00012405378363454972;0,002605992578249857;-0,0015302810967192148;-0,004406971905026666;0,002732137508293724
-4,3163826216136665e-05;-0,00010636189787836868;-0,001800979326776809;0,0012018564115745091;0,002135658500788454;-0,0004558994750194362
-0,0002252426498100105;1,5569691007806638e-05;0,000334679174011645;0,000745956936555073;-0,00140507591955977;-0,0008925514721304815
-0,000359247216940904;6,546210682290959e-05;-0,001070396745548125;-0,00014659453557540857;0,0015467422902853004;0,000994338475860064
-0,00046341350660959453;0,00012874168959847834;0,0004763455447371755;0,0008477439402846555;-0,0005353879373221344;0,00027405005444192977
-0,0005734435777013014;0,00014920540255212208;-5,9042392584958935e-05;0,0011217939947265852;-0,0034352909098425755;0,0009840712078001343
-0,0006495638911816221;0,00018872293729525286;-0,0034943333024275345;0,0021058652025267195;0,0033481497715473776;-0,0012569720495940167
-0,0006808124448728794;0,00022587877633498528;-0,00014618353088015693;0,0008488931529327028;0,0010785514602218906;0,0002014721811629764
-0,0006278263904630678;0,00012326128327761631;0,0009323679293417337;0,0010503653340956792;-0,0017931389919490252;-0,0006329473160343454
-0,0005408846099359482;1,4796448985041066e-05;-0,0008607710626072915;0,0004174180180613338;0,0011400262524599377;-0,0013574364691006074
-0,0004119282160450013;-5,637366813386483e-05;0,00027925518985264615;-0,0009400184510392736;0,0006531198999926179;-0,0011482581221887397
-0,0002662751014316012;-0,00016197462775706237;0,0009323750898452641;-0,0020882765732280133;0,000499829950851953;0,0026488042140436455
-0,000158222724859772;-0,0002564053797861541;0,001432205040697217;0,0005605276408156322;-0,0022629122923085512;-0,00104040628849177
-0,0001337014112170633;-0,00031354112822143523;-0,0008307072516113342;-0,00047987864767613775;0,0007995541970886328;0,00046533088596760843
-8,675899194172932e-05;-0,0003133886750288277;-3,115305452270137e-05;-1,4547761708529321e-05;0,0026001336083107344;-0,000439225705342765
-5,901171857344086e-05;-0,00034646451190067354;0,002568980553788033;-0,0004537734670512943;-0,0024178087339602047;8,525600047875215e-05
-3,1846355673493566e-05;-0,0003807864709534274;0,0001511718198278283;-0,00036851746657254217;-0,0004976321674579377;-0,001000322955886369
-2,283193145559805e-05;-0,00031234920785466;-0,0003464603476301094;-0,0013688404224589112;0,0026792614833521175;8,619254776386477e-06
-2,8558205900604218e-05;-0,0002378650719627794;0,002332801135722008;-0,0013602211676825248;-0,0001961172790803014;-0,001054943076984845
-8,903809724396684e-05;-0,0001772393499761032;0,0021366838566417067;-0,0024151642446673697;-0,0011439195567333115;0,0017134075185281554
-0,00020392683529463045;-2,330158256054669e-05;0,0009927642999083951;-0,0007017567261392143;-0,002154422125970822;0,0015441242211881034
-0,0004154221431319888;0,0002161035391206781;-0,0011616578260624268;0,0008423674950488892;0,001818195946890113;0,0024598512682323364
-0,0006549877200149158;0,0004952192327982387;0,0006565381208276863;0,0033022187632812255;-0,0011231347317619059;0,0019639540061227277
-0,0008608585970958872;0,0007278686134333022;-0,00046659661093421956;0,005266172769403953;-0,00139142134296864;-0,0030347396142361704
-0,0009346407236456096;0,0009867795189014731;-0,0018580179539028595;0,002231433155167783;0,00037270977430456376;0,0037551993902929168
-0,0007977759394191739;0,0012270265599322754;-0,0014853081795982957;0,0059866325454607;-0,0006963697691513872;0,0010531739155755747
-0,0005716538289860268;0,0013929528828069632;-0,002181677948749683;0,007039806461036274;0,001082513196362829;-0,004352879362874127
-0,00010606641673445178;0,0014994668784977193;-0,001099164752386854;0,0026869270981621472;-0,0002527753712348521;-0,002836360002844717
0,0006411132539585742;0,0015187137562384877;-0,001351940123621706;-0,00014943290468256987;0,00041346625913889906;-0,0013268420279908683
0,0014957700085780862;0,0014939940438837822;-0,000938473864482807;-0,0014762749326734381;0,0008347706574231249;0,002829653390999727
0,0023444494470102953;0,0014151967265842087;-0,00010370320705968203;0,001353378458326289;-0,0012387214536127011;-0,002391698941230598
0,003134077888135567;0,0012988604547053226;-0,0013424246606723832;-0,0010383204829043091;0,0022518516939697385;-0,003305952532516615
0,00397784146759389;0,0011783760545440493;0,0009094270332973553;-0,004344273015420924;-0,000499410117224805;-0,001128613558922631
0,004780072227736041;0,0010041946679558806;0,0004100169160725503;-0,005472886574343555;-0,0005515303613432936;0,004436425952406925
0,005408532067261354;0,0008663903626996062;-0,00014151344527074325;-0,0010364606219366301;0,001787157643250369;-0,0006826787948263913
0,005818076443812926;0,0007449867340862339;0,0016456441979796257;-0,0017191394167630214;-0,0013525475370425345;0,0019503461219826934
0,006186162395487032;0,0006179225676620318;0,00029309666093709115;0,00023120670521967202;0,0006217533820091978;-0,0019144195639338446
0,006485482770490618;0,0005566841691570147;0,0009148500429462889;-0,0016832128587141726;-0,00020262956370265157;-0,00030850141616337035
0,006794051413702991;0,0005071696370894812;0,0007122204792436373;-0,001991714274877543;-0,0002974146595474108;0,0007689154302222834
0,007035291542566796;0,0004942491067397993;0,00041480581969622655;-0,0012227988446552596;-0,00040448682508153685;0,0005392436375498411
0,007196863100435501;0,0005098173955598629;1,03189946146897e-05;-0,0006835552071054185;0,00024055223832053496;0,0011454507657694957
0,007309522704517993;0,0005419779171677756;0,00025087123293522466;0,00046189555866407717;-0,0010431205513825124;-0,002496734132318018
0,007394840100316271;0,0005745511985602758;-0,0007922493184472877;-0,002034838573653941;0,001454557211193478;-0,00024102111520335479
0,00749863331846111;0,0006171593292701851;0,0006623078927461903;-0,0022758596888572957;-0,0017327682349271498;0,001996782009704934
0,007521032993659792;0,0006280774872422027;-0,0010704603421809594;-0,0002790776791523619;0,000765608660467168;0,001059978093530256
0,007452398281304183;0,0006654879609240682;-0,0003048516817137914;0,0007809004143778941;0,003091640417300239;-0,0033039230660591445
0,007372600461782478;0,0006600800209186951;0,0027867887355864478;-0,0025230226516812504;-0,004625889189614339;-0,0012737972066092784
0,00732403865883589;0,0006424780136447704;-0,0018391004540278914;-0,003796819858290529;0,001982985035422064;0,0029905044336661912
0,007174555949822052;0,0007363475557943036;0,00014388458139417276;-0,0008063154246243376;-0,0001778760033590253;0,002246499502379762
0,006873200446476592;0,0007566530797827212;-3,3991421964852525e-05;0,0014401840777554242;0,0007942189935676199;0,0002599551074030648
0,006539592326146159;0,0007827139870269057;0,0007602275716027673;0,001700139185158489;-0,001650074096322212;-0,0017396848665063025
0,006263591568925943;0,0008074152373924961;-0,0008898465247194447;-3,9545681347813444e-05;-0,00010943791352255317;0,0010181541914353054
0,006055596379112066;0,0008625255906221971;-0,0009992844382419978;0,000978608510087492;0,0014261822567444918;0,0020645752295364583
0,0058460193620442765;0,0008820420828631204;0,00042689781850249395;0,0030431837396239503;-3,800712534202111e-05;-0,0026805304173229128
0,005675586685379988;0,0008615871975743638;0,00038889069316047284;0,00036265332230103753;0,000553218420591934;-0,0013120560429354944
0,005626881358300656;0,0008582082250257069;0,0009421091137524068;-0,0009494027206344569;-0,001257631582890134;-0,00014467357304859263
0,005592682164113366;0,0008703848802034689;-0,0003155224691377273;-0,0010940762936830495;0,0005132153479214703;-0,0007757125641638107
0,005520506861100698;0,0009202458999313272;0,000197692878783743;-0,0018697888578468602;0,0006860189215369128;0,0016056068483001062
0,005404568506340707;0,0009574860208936765;0,0008837118003206558;-0,00026418200954675397;-0,0018479969712517363;-0,0002477743434804308
0,005213838597266844;0,0010026338570073754;-0,0009642851709310805;-0,0005119563530271848;0,0008399159771016115;0,0011879650364081534
0,005012541407811109;0,0010831301651339006;-0,000124369193829469;0,0006760086833809686;-0,0017037651980556998;-0,0016040925147251944
0,004790765964234287;0,0011250550664231825;-0,0018281343918851688;-0,0009280838313442258;0,0016860517906957424;-3,021290453875114e-06
0,004596030867992703;0,0011620051999592857;-0,00014208260118942634;-0,0009311051217981009;0,0002078788764156153;0,004145277872380823
0,004364172418497351;0,001125829957819982;6,579627522618897e-05;0,0032141727505827222;-0,0008009631204077584;-0,0012641939393900625
0,004095069764130074;0,0010839714116331015;-0,0007351668451815695;0,0019499788111926597;-3,395658598078985e-05;-0,001674665338005435
0,003954534019786107;0,0010447447164552684;-0,0007691234311623593;0,00027531347318722477;0,001021722393299073;-0,0007419304647519193
0,0038919974278898454;0,0009761113474701725;0,00025259896213671376;-0,0004666169915646945;-6,53904979757286e-05;0,0015746482366928716
0,0038404733749210734;0,0008767130412385824;0,00018720846416098516;0,001108031245128177;-0,0006200612709279189;-9,788567063785669e-05
0,0037702846422897137;0,0007874186934924607;-0,0004328528067669337;0,0010101455744903204;4,488961862608026e-05;-0,0017667213931064352
0,0037444171594634805;0,0007056126843127784;-0,00038796318814085344;-0,0007565758186161148;-0,0010324918596588527;-0,0007207673390984548
0,003758955499616861;0,0006064925628624188;-0,0014204550477997062;-0,0014773431577145696;0,002920642719437123;0,00024151131636587775
0,0037432308070255963;0,0004918539138864251;0,0015001876716374167;-0,0012358318413486918;-0,0031926834021584844;-0,0012193429639131281
0,003668412388125749;0,0003203970629984431;-0,0016924957305210677;-0,00245517480526182;0,0030528172342222607;0,0008139597031497914
0,0035441606955719535;0,00020894771897595778;0,001360321503701193;-0,0016412151021120286;-0,0010404893836817603;-0,0012048406298446057
0,0033217020108076856;2,9798545732629756e-05;0,0003198321200194327;-0,0028460557319566343;-0,0007129066871646881;-0,00016128758764719087
0,0030335947219589368;-9,493776736265054e-05;-0,00039307456714525544;-0,003007343319603825;0,0009030167181606477;0,004296552240431732
0,002631645203831922;-0,00020688079565715355;0,0005099421510153922;0,001289208920827907;-0,0013212831240672213;-0,000602681629493295
0,002109401952920755;-0,0003345468066374668;-0,000811340973051829;0,000686527291334612;0,0025232537905715193;0,0003536733726038112
0,0016387270588427037;-0,0004418151315771643;0,0017119128175196903;0,0010402006639384231;-0,002538078213070439;0,0005895651682101075
0,001195513256418037;-0,000581537095438935;-0,0008261653955507486;0,0016297658321485307;0,001986150811885464;0,0024282850418322873
0,0007939074805509072;-0,0006527825465999181;0,0011599854163347155;0,004058050873980818;-0,0004006776647153265;-0,00025581386931821607
0,0004574923379697187;-0,000757074613582931;0,000759307751619389;0,003802237004662602;0,0003010739895674512;-0,00487399975779203
0,00028339923034776293;-0,0008149672639125554;0,0010603817411868402;-0,0010717627531294282;-0,00022499427928657917;0,0014030494333690906
0,0002613956029123112;-0,0008424876041774043;0,000835387461900261;0,0003312866802396624;-0,0007546353872858666;0,0007659009431076769
0,00019652146535168238;-0,0008275926747947796;8,075207461439443e-05;0,0010971876233473394;0,001537333139967562;-0,0005160958830661175
0,00014489879500064005;-0,0007792822469361443;0,0016180852145819564;0,0005810917402812219;-0,001424763614730172;-0,0038735736999402073
0,00013716362958349129;-0,0007277417360929334;0,00019332159985178433;-0,0032924819596589854;0,0007485118876983474;0,0021326664138732513
0,0001526721337775914;-0,0006114778166664441;0,0009418334875501318;-0,0011598155457857341;-8,192024943887849e-05;0,0015965729491836567
3,64813595853321e-05;-0,0004874810332458835;0,0008599132381112533;0,00043675740339792256;-0,0009728789087848442;-0,0014582899367831526
-0,00012610203643835657;-0,00032581091032331765;-0,00011296567067359091;-0,00102153253338523;0,0003016630208284802;0,0020801309931176557
-0,00027121513632612834;-0,00012974425787630158;0,00018869735015488928;0,0010585984597324257;-0,0012913426222722398;0,000666061610237371
-0,0004571895375493093;6,18037677437708e-05;-0,0011026452721173505;0,0017246600699697967;-0,0010382317200426563;0,0032339191828378994
-0,0006008200003831932;0,00026089968737003875;-0,002140876992160007;0,004958579252807696;0,00129849562610025;-0,0004917877273968056
-0,0006754640604182853;0,00041588979611161263;-0,0008423813660597568;0,0044667915254108905;-0,0008137020818836833;-0,003099522176321253
-0,0005517649503410696;0,0004852448251667863;-0,0016560834479434402;0,0013672693490896374;-0,0005441429545040549;-0,0006197889797578777
-0,00024939417924741813;0,0005209045995795697;-0,002200226402447495;0,0007474803693317596;0,0018795832251331072;-0,00207260438842098
0,00010766736580981873;0,0004903210360746155;-0,0003206431773143878;-0,0013251240190892202;-0,00043534963264999296;-0,00042678498421958207
0,000494628125640326;0,0003717284164717614;-0,0007559928099643808;-0,0017519090033088023;0,0008102343708841775;-0,001647649402770483
0,0008285839247072645;0,0002403100697763319;5,424156091979673e-05;-0,0033995584060792852;0,00034275968915200954;-0,002468935762936105
0,001092463363641851;7,865201068232714e-05;0,00039700125007180627;-0,00586849416901539;-4,55741702249865e-07;0,001800164169010146
0,0012203604663332658;-8,083638597488577e-05;0,0003965455083695564;-0,004068330000005244;0,0006831041363348292;0,0018014621177156551
0,0011135178022640651;-0,00022444473262922643;0,0010796496447043856;-0,002266867882289589;-2,5394931824802847e-06;-0,0014998377115655916
0,0008439419381946547;-0,00035219125894878485;0,0010771101515219053;-0,0037667055938551807;-0,0012364356993808494;0,0021749182737672394
0,00048369135883366077;-0,0004367517994801678;-0,00015932554785894407;-0,0015917873200879413;0,0020971303354559503;0,003110113114827069
-2,7227444281540487e-05;-0,0004782279339506745;0,0019378047875970063;0,0015183257947391279;-0,0029520405371395147;0,00047636740161374584
-0,0006018177402002593;-0,0005260770903355391;-0,0010142357495425084;0,0019946931963528737;0,0004057463391841168;0,0003448602527329585
-0,0011156750043294131;-0,0004964140552165233;-0,0006084894103583916;0,002339553449085832;0,0012198610441829221;-0,00011730886422287728
-0,0015497445406044519;-0,000507320450079208;0,0006113716338245305;0,002222244584862955;-0,0026914599667937997;0,0028550026770487943
-0,0018902319389160573;-0,0005425664213562282;-0,0020800883329692692;0,005077247261911749;0,0034067282599909623;-0,0011032446266282803
-0,0021418295538331448;-0,0005533575272802673;0,001326639927021693;0,003974002635283469;-0,0022238272640751518;-0,0024397128362537296
-0,002190337278273762;-0,000647352166523077;-0,0008971873370534587;0,0015342897990297394;0,0017704126660345113;-0,0023731237202848435
-0,0020798848973030406;-0,0006882812086850191;0,0008732253289810525;-0,0008388339212551041;0,00028642387488623383;0,0023906621748854967
-0,0019080609243711296;-0,0007650977443290996;0,0011596492038672863;0,0015518282536303926;-0,0012273757101775931;-0,001446124242956759
-0,0017697903082894229;-0,000806985266813938;-6,772650631030677e-05;0,00010570401067363372;0,001055402347139557;-0,0015058721687988726
-0,0015694465620625002;-0,0008024868211440848;0,0009876758408292503;-0,0014001681581252388;-0,0015173090662659212;0,0003663098412276765
-0,0013648746554086326;-0,0008006974357266441;-0,0005296332254366709;-0,0010338583168975624;0,0002351771021718435;0,0007192260281806695
-0,0012163094750797742;-0,0007594010166760332;-0,0002944561232648274;-0,00031463228871689286;0,00031712578406515105;0,0014338943035326866
-0,0011090986274268184;-0,0007392899266428892;2,266966080032365e-05;0,0011192620148157938;-0,0006543715860536127;-0,00204972138108098
-0,0010144730713225383;-0,0007309570815403382;-0,000631701925253289;-0,0009304593662651864;0,00130303188570359;0,0013773089114620073
-0,0008750770346256264;-0,0007217174500057744;0,0006713299604503009;0,0004468495451968209;-0,00015176765462278363;0,0013350882346472113
-0,000772899372579322;-0,0007377458954813421;0,0005195623058275173;0,0017819377798440322;-1,9738532674867804e-06;-0,0016370638997919313
-0,0006528477287251447;-0,0007269211425388977;0,0005175884525600305;0,00014487388005210086;0,0006512012065046178;-0,0027386893761548676
-0,00046151857367720617;-0,0006953138973633527;0,0011687896590646483;-0,0025938154961027667;0,0003589628216842805;0,0021845893930435324
-0,0002643944634271836;-0,0006430031140854064;0,0015277524807489288;-0,00040922610305923427;-0,0015598602980748492;-0,0038222560331353135
-0,00017102297302127169;-0,0005439407444448743;-3,2107817325920454e-05;-0,004231482136194548;-0,0007707965243658249;-0,0005144822505479089
-9,402052673772917e-05;-0,00038376827557438497;-0,0008029043416917453;-0,004745964386742457;0,00066947302934765;0,0009829012945512814
-0,00018627736590196855;-0,00022488011939693242;-0,0001334313123440953;-0,0037630630921911754;-4,1157327972106503e-05;0,003351226629899789
-0,0004683727805359062;-9,810813688714972e-05;-0,0001745886403162018;-0,0004118364622913862;-0,0009421413064478255;0,0008644523066564467
-0,0009009907188574908;2,3326593128869174e-05;-0,0011167299467640273;0,00045261584436506047;0,0003446458060644771;-0,0026419129260316365
-0,001350082115670731;0,00013777777753224;-0,0007720841406995502;-0,002189297081666576;0,00031374421999674947;0,004954751541588899
-0,0017810688787093687;0,0002075597640650497;-0,0004583399207028008;0,002765454459922323;0,0010103191285200505;0,0018794795269128153
-0,0022996275250146696;0,00024645838496987745;0,0005519792078172497;0,004644933986835138;-0,001378537619855037;-0,0018454761944270912
-0,0027075679929230772;0,0002670234090465931;-0,0008265584120377874;0,002799457792408047;0,0021502542914753394;-0,003705954872042644
-0,0029297111013580797;0,0003096676014359988;0,001323695879437552;-0,0009064970796345967;-0,0007658848147874976;0,0014955845159850684
-0,00303987589809676;0,000319249457343893;0,0005578110646500545;0,0005890874363504717;-0,0008007155727061295;0,0006205649129434887
-0,0031863005780208243;0,0003817791484292892;-0,00024290450805607502;0,0012096523492939604;0,0006248757377057303;-0,001993111093684871
-0,0033091617604908696;0,00046662128210068766;0,00038197122964965524;-0,0007834587443909108;-0,00012391895134138652;-0,0007730750335015191
-0,0033836368489891565;0,0005417472354498431;0,0002580522783082687;-0,0015565337778924299;-0,00020492899781466602;0,0019302512653015247
-0,0034894502872630804;0,0006321520379849848;5,312328049360271e-05;0,00037371748740909483;-0,001984723898942862;0,0006855944153289356
-0,0036575250766527007;0,0007328789316524572;-0,0019316006184492591;0,0010593119027380304;0,0017062432526748668;-0,0002169141107260103
-0,0038106511665459575;0,0008357307565396736;-0,00022535736577439236;0,0008423977920120201;7,351848156618782e-05;0,0009826929732223155
-0,003921404780329693;0,0008613185566889198;-0,00015183888420820454;0,0018250907652343357;-0,001046622454995972;0,0012603768405377164
-0,003998462482432948;0,0008778920622071903;-0,0011984613392041765;0,003085467605772052;-0,0004093097187873561;-0,00012188050806045958
-0,004002516553926829;0,0008883920123571325;-0,0016077710579915326;0,0029635870977115925;0,0012969156182205885;-0,00024320099349520174
-0,0038831519211898285;0,0008509535089389077;-0,0003108554397709441;0,0027203861042163907;0,0009693270677720838;-0,001373977120153913
-0,003645243804544364;0,0007492041632010215;0,0006584716280011397;0,0013464089840624777;-0,0015037893777415882;-0,0014599438615943844
-0,003298520243730244;0,0006350205998722977;-0,0008453177497404485;-0,00011353487753190672;-0,0005393261735776606;0,0015486294433545225
-0,0028979403235536248;0,0005471759016636194;-0,001384643923318109;0,0014350945658226158;0,0027253213953079706;-0,002786950248934543
-0,002501901798478282;0,0004255184934653232;0,0013406774719898614;-0,0013518556831119272;-0,001381956471219276;-0,0017365789966755849
-0,0020484594907700347;0,0002484753283343026;-4,127899922941455e-05;-0,003088434679787512;0,0010427063267191786;0,0005664586927257402
-0,0016490914103862641;0,0001250592620828765;0,001001427327489764;-0,002521975987061772;-0,0011787985951495295;0,0010250590663347242
-0,0013732607171939941;-7,964137726227836e-09;-0,0001773712676597654;-0,0014969169207270476;0,0005459789839736256;0,00047948102193531156
-0,0011983090634841952;-8,501809725873838e-05;0,0003686077163138602;-0,001017435898791736;-0,0005869297056952968;-0,0018904560404569594
-0,001083234086603478;-0,00017712308108614114;-0,00021832198938143664;-0,0029078919392486954;0,0013060467328113315;0,002744007763979893
-0,0010088565456744304;-0,0002544837562609895;0,0010877247434298949;-0,0001638841752688025;-0,0007376856209716709;0,003404192719613345
-0,0010507946823153304;-0,0003405773110110953;0,000350039122458224;0,0032403085443445424;-7,2759841759161e-05;-0,002576354095151827
-0,0010992881859669826;-0,0003831618760240053;0,000277279280699063;0,0006639544491927156;1,953877851434971e-05;-0,0019727595246417963
-0,0010181693478448532;-0,0004117448761385864;0,00029681805921341273;-0,0013088050754490807;-0,00013023063222727602;0,0016937192611358592
-0,000910492331755015;-0,000429236705025205;0,0001665874269861367;0,00038491418568677854;0,0015100672997833686;-0,0008692619649314469
-0,00085516751868314;-0,000434855811543287;0,0016766547267695053;-0,00048434777924466835;-0,003404313979096898;-0,0022581398390378905
-0,000784446138183794;-0,00043381142098192357;-0,0017276592523273928;-0,002742487618282559;0,002091939101553692;-0,0006828804113866993
-0,0007330986688542348;-0,00036570084134977994;0,000364279849226299;-0,003425368029669258;-0,0007795048786148878;0,003402620903631172
-0,0007914507042559778;-0,000366696631810732;-0,00041522502938858875;-2,2747126038086263e-05;-0,00016819415546296887;0,0010132858015044453
-0,0009868174608444911;-0,0003531212283026321;-0,0005834191848515576;0,000990538675466359;0,00047543691573011075;-0,0018638262779262713
-0,001183094102474528;-0,0003561548259700757;-0,00010798226912144687;-0,0008732876024599122;-0,0003725219513661202;0,0030145820294293114
-0,0013397491970859104;-0,0003825251910315817;-0,0004805042204875671;0,0021412944269693993;0,0010878929151504416;-0,0005836307455643688
-0,0015313357957956893;-0,0004132148468579455;0,0006073886946628745;0,0015576636814050304;0,0008041187954664838;-0,0013434539379351407
-0,0016372706174266924;-0,00046312467150381206;0,0014115074901293583;0,00021420974346988975;-0,0009966949133139672;-0,0007305525911196001
-0,0016808988918014943;-0,0004887389483631636;0,0004148125768153911;-0,0005163428476497103;-0,00017958359730110146;-0,0017491117140289586
-0,0017159587764375003;-0,0004578929256173408;0,00023522897951428964;-0,002265454561678669;0,0019666892993864364;0,00197221223442922
-0,001771672374979495;-0,00041045439979890236;0,002201918278900726;-0,0002932423272494489;;
-0,0019180041559886364;-0,0003536067147998923;;;;
-0,0020760656300877556;-0,00020868229864485328;;;;
