x;y;acc_x;acc_y;jerk_x;jerk_y
-0,027226736729960326;-0,028038531944184604;-0,01412021908884109;0,012730613805866264;0,021929761900967626;-0,015981581983300353
-0,029044062215432025;-0,026847486407000503;0,007809542812126535;-0,003250968177434088;-0,004030723470799691;-0,01235990912911411
-0,031426196464457365;-0,025147216317581753;0,0037788193413268445;-0,015610877306548199;0,0039777476357666375;0,014317541064372663
-0,033495949000997643;-0,02357698495526037;0,007756566977093482;-0,0012933362421755357;-0,002396142514791033;0,007265961488928774
-0,03541454876388485;-0,02263118868520091;0,005360424462302449;0,005972625246753238;0,008815634528369087;0,009687686200949952
-0,037022885847688314;-0,021737125864828472;0,014176058990671536;0,01566031144770319;0,006217064445711018;-0,01058622545671073
-0,038416805952999684;-0,020604158034585908;0,020393123436382554;0,005074085990992461;-0,011711482931894834;-0,008930571154524336
-0,03924368369868419;-0,018844777746435212;0,00868164050448772;-0,0038564851635318753;-0,010294970181819796;-0,0017077534703660024
-0,039254836506913394;-0,01688243401864482;-0,001613329677332076;-0,005564238633897878;-0,004784866892481809;-0,010329994809034349
-0,03891872369496309;-0,015074349697395704;-0,006398196569813885;-0,015894233442932226;0,008634726915647817;-0,0007471807939494757
-0,03864714407010607;-0,013488834921502503;0,0022365303458339314;-0,016641414236881702;-0,0016176532185986359;0,010527277326561058
-0,0386314923080416;-0,012539089483326589;0,0006188771272352955;-0,0061141369103206444;0,0006317022906078273;0,012289510360269373
-0,03852637933214378;-0,012255000614625944;0,0012505794178431229;0,006175373449948729;0,004125367680892333;-0,005198776761703994
-0,03839651127115654;-0,012215477222338126;0,005375947098735456;0,0009765966882447352;-0,00221222300524071;-0,010603164366345175
-0,038216620033455585;-0,011928938892052357;0,0031637240934947464;-0,00962656767810044;0,004972612169169333;0,006130347802951686
-0,037821690911805206;-0,011603336694236799;0,008136336262664079;-0,003496219875148754;0,0031214080741124306;0,0037794734608951885
-0,03730021282641504;-0,01166279720354526;0,01125774433677651;0,00028325358574643467;-0,007671980298119441;0,006903294013808958
-0,03645328129051831;-0,011862106507859668;0,003585764038657069;0,007186547599555393;-0,001676910411257282;-0,004446351421602379
-0,035156039981150515;-0,012050085668744222;0,001908853627399787;0,0027401961779530137;-0,004648481145962502;-0,005010286003046649
-0,03371536811023644;-0,011950602925646559;-0,002739627518562715;-0,002270089825093635;0,00904899346953425;-0,006596895422869065
-0,032198342094226375;-0,011741512335430776;0,006309365950971535;-0,0088669852479627;-0,0008567750046358791;-0,0031043735979946474
-0,03079090117895882;-0,011623225338218737;0,005452590946335656;-0,011971358845957347;-0,02707779353473272;0,017874822200466267
-0,0291310856256524;-0,011859617750925207;-0,021625202588397063;0,00590346335450892;0,008442373033566763;-0,0231455127979317
-0,027253166434492555;-0,012574864517469971;-0,0131828295548303;-0,01724204944342278;0,0013458150113964118;0,0035210739359343712
-0,026240255346868593;-0,013053972749834377;-0,011837014543433888;-0,013720975507488409;0,005622910457199537;0,028176429875292897
-0,025754657441437845;-0,014222762959935695;-0,006214104086234351;0,014455454367804488;-0,020681088281879756;0,012313127557297021
-0,025742540117744447;-0,01594039219033655;-0,026895192368114107;0,02676858192510151;0,0018555634329284754;-0,001682327418440266
-0,02597898695750043;-0,017079803246025226;-0,02503962893518563;0,025086254506661243;0,0239769825083197;-0,013219048022530044
-0,02729124149198097;-0,01714847102470984;-0,001062646426865932;0,011867206484131199;0,006411465198820077;-0,0034166369823239173
-0,02960508118386894;-0,016213688623128004;0,005348818771954145;0,008450569501807281;0,010446648644639622;-0,019251165815973637
-0,03196142673283155;-0,014804217962180921;0,015795467416593767;-0,010800596314166355;-0,01619333541696688;-0,03354618039934615
-0,034103819530915985;-0,013056724521161547;-0,00039786800037311387;-0,044346776713512503;0,014168528359157051;0,02682438561792877
-0,03561439363233668;-0,011741254932708826;0,013770660358783937;-0,017522391095583734;0,007663217322523952;0,029407385931089935
-0,03714088245377229;-0,012199656412796607;0,02143387768130789;0,011884994835506202;-0,0011098727846905465;-0,008831744006747133
-0,03811654486085655;-0,013358953536707737;0,020324004896617343;0,0030532508287590687;-0,0027989196171732678;-0,008722770999590734
-0,03823485216068849;-0,014042850867198618;0,017525085279444075;-0,005669520170831666;-0,024330346212026788;0,0011472007770156334
-0,03754019926465574;-0,014604618164539137;-0,006805260932582713;-0,004522319393816032;0,016888930822676174;0,013565992330282717
-0,03614454295744522;-0,015393166268712921;0,01008366989009346;0,009043672936466685;-0,0022943038257354775;-0,015730606831945715
-0,03502109708753801;-0,01636260714863935;0,007789366064357983;-0,00668693389547903;-0,0023399204164390452;-0,004956950883376499
-0,03349430442202707;-0,016970301111107106;0,005449445647918938;-0,011643884778855529;-0,0014271814052275733;-0,000609265733149511
-0,0316559371139418;-0,01784547242939403;0,004022264242691365;-0,01225315051200504;-0,014231876840027358;-0,007530732389586292
-0,02959959197993978;-0,01918639913883517;-0,010209612597335993;-0,019783882901591332;0,005392442134388276;0,014332408099555105
-0,027382356276230105;-0,02101745186875651;-0,0048171704629477174;-0,005451474802036227;-0,006883743296499101;5,684556275131758e-05
-0,025573505076413868;-0,023639859914741507;-0,011700913759446818;-0,005394629239284909;-0,006043436530604573;0,003906963213247128
-0,02395734069511554;-0,026480326952807953;-0,01774435029005139;-0,0014876660260377816;-0,009943264613993974;0,013362452774592026
-0,022809212864195082;-0,029536579160445796;-0,027687614904045366;0,011874786748554245;0,006901407747298194;0,008072146854095519
-0,022370859044876686;-0,03265233800912515;-0,020786207156747172;0,019946933602649763;0,011271857150978448;-0,008943446328703364
-0,0230400098217201;-0,03529310538786233;-0,009514350005768724;0,0110034872739464;0,013837341060314756;-0,014069382771578542
-0,0245406088848334;-0,037135995422493524;0,004322991054546033;-0,003065895497632143;0,010729418929043;0,010482410550107568
-0,02642178194817745;-0,03853874596616686;0,015052409983589032;0,007416515052475425;-0,00055190718584186;0,020750168652264644
-0,028130035369339657;-0,04006413232974548;0,014500502797747172;0,02816668370474007;0,013751806237273123;-0,014465247839519524
-0,029236192391158308;-0,04129285809122509;0,028252309035020295;0,013701435865220546;-0,011379442792642913;-0,008563053242110374
-0,029762329301067068;-0,04139491650451509;0,016872866242377382;0,0051383826231101715;-0,00956837833876567;-0,007368444198232349
-0,029158373849575016;-0,04094891748319627;0,007304487903611712;-0,0022300615751221775;-0,012571401039047747;0,012466426100109174
-0,02787950374838787;-0,04029738315695305;-0,0052669131354360355;0,010236364524986996;-0,002277677273431866;0,0016357600708226672
-0,026308454131056258;-0,039735051293714706;-0,007544590408867902;0,011872124595809663;-0,0014661832589765167;-0,003230188682258217
-0,024948081039142082;-0,03876326484947689;-0,009010773667844418;0,008641935913551446;-0,0007526894244793692;-0,014808590881154493
-0,023889491563582624;-0,03731659342140668;-0,009763463092323788;-0,006166654967603047;0,0028577538132158464;-0,012452170145726638
-0,023191333034736947;-0,03552424455679442;-0,006905709279107941;-0,018618825113329684;0,0012718086773846338;0,016414273015646352
-0,022883713029584217;-0,03397856189088628;-0,005633900601723307;-0,002204552097683332;-0,002143119909504776;0,006267087452331288
-0,022852321395595804;-0,033177632229511325;-0,007777020511228083;0,004062535354647956;-0,00010952836001010269;-0,01600606671089222
-0,023046285785676326;-0,0324648846520437;-0,007886548871238186;-0,011943531356244264;0,005578935725531697;-0,0016890522401769026
-0,02355133099620597;-0,031589635660390164;-0,0023076131457064886;-0,013632583596421166;0,00556492133249209;0,00011933678053088759
-0,02437183816158514;-0,031192127922986396;0,0032573081867856013;-0,013513246815890279;0,006801532822814593;0,014026109306291001
-0,025284649852792575;-0,03133992352943948;0,010058841009600195;0,0005128624904007228;-0,0019776766396567558;0,00040503946323855455
-0,02606716921652858;-0,032028249008528166;0,008081164369943439;0,0009179019536392774;-0,0005729822527839046;-0,0002072258696523832
-0,026447334939880583;-0,032696059988000827;0,007508182117159534;0,0007106760839868942;-0,008732861591578489;0,00225741838811222
-0,026504254088434844;-0,033327154889327915;-0,0012246794744189549;0,0029680944720991143;-0,001565130822655858;-0,006526609470856037
-0,026260845952302724;-0,03392982274729553;-0,002789810297074813;-0,003558514998756923;-0,007315012840236834;0,0041490278305029715
-0,02606642499514736;-0,03441376682637918;-0,010104823137311647;0,0005905128317460484;-0,00406633363595077;-0,0006219723495105578
-0,025983596449874993;-0,0350400515054131;-0,014171156773262417;-3,145951776450939e-05;0,0019861408129469016;-0,0026081045948680437
-0,02630496083009509;-0,03564271567117719;-0,012185015960315515;-0,002639564112632553;0,0113730982275142;0,00037132516756333
-0,027193171481245684;-0,03624663821765185;-0,000811917732801315;-0,002268238945069223;0,0092344188831881;-0,008609306138828265
-0,028568782770808897;-0,03695614332863182;0,008422501150386785;-0,010877545083897489;0,004538724587345611;0,012761099836835488
-0,029976870769684166;-0,037756377997414554;0,012961225737732396;0,0018835547529379992;0,00518979484319726;0,013176369977164426
-0,031048058722543962;-0,03899171446955319;0,018151020580929655;0,015059924730102425;-0,005964566788588477;0,0009478313666975158
-0,03160079764589446;-0,040151708751574304;0,012186453792341179;0,01600775609679994;-0,00869374115514665;-0,009783244143991343
-0,031427495746007776;-0,040709306044391325;0,0034927126371945283;0,006224511952808598;0,0002692435392132042;-0,004736914057204111
-0,03076673569442744;-0,04062659309333634;0,0037619561764077325;0,0014875978956044866;-0,011620363418073487;0,014237437875833536
-0,029966267137359327;-0,04029489966416902;-0,007858407241665755;0,015725035771438023;0,0016472442191984848;-0,012570091131079875
-0,029015320333234902;-0,03990370231917752;-0,00621116302246727;0,0031549446403581483;-0,017618165549117548;-0,018063427823883482
-0,028378709818777107;-0,03888350354332849;-0,023829328571584818;-0,014908483183525334;0,017243968344079263;-0,0072646761357014755
-0,027990545825218004;-0,037737106981865144;-0,0065853602275055545;-0,02217315931922681;0,011591863270959735;0,004585604531195497
-0,028555554974522297;-0,037187049747742805;0,00500650304345418;-0,017587554788031312;0,013324758818118565;-0,0014036482637812542
-0,02938397853292681;-0,03752391888638954;0,018331261861572745;-0,018991203051812566;-0,004330094064574963;0,00026256222187981404
-0,03001214196959315;-0,03856429021655753;0,014001167796997782;-0,018728640829932752;-0,0008730237729035473;0,010091230188067568
-0,029907054931796587;-0,040364309668798025;0,013128144024094235;-0,008637410641865184;6,075460743126815e-05;0,024578271921427808
-0,02924192118212011;-0,04291347475423583;0,013188898631525503;0,015940861279562624;-0,009919279795209013;0,006259502624089031
-0,028051661671479863;-0,045808136265348236;0,00326961883631649;0,022200363903651654;-0,01105788116743045;0,023808684294065907
-0,026333846215578598;-0,04806516332527813;-0,00778826233111396;0,04600904819771756;-0,00274323268426635;-0,008531085898799695
-0,024485246006224672;-0,049434175829061976;-0,01053149501538031;0,037477962298917866;-0,007620678846811169;-0,014437861505651961
-0,022948176290115304;-0,048962826404937106;-0,01815217386219148;0,023040100793265905;0,004258025386501996;0,00038905108984454984
-0,02183236637462115;-0,04699235848885553;-0,013894148475689483;0,023429151883110455;0,006376409173396325;-0,01778399819777099
-0,021442643413614654;-0,04410028654104331;-0,007517739302293158;0,005645153685339466;-0,003717096645546092;-0,021578262376541812
-0,02160868639163574;-0,04027104851790668;-0,01123483594783925;-0,015933108691202347;0,017707062181886002;-0,034239558494257305
-0,02207543894174855;-0,036216004347356466;0,006472226234046752;-0,05017266718545965;-0,00268176051245983;0,019634708091997077
-0,02299158492977493;-0,032798284524454345;0,003790465721586922;-0,030537959093462574;0,017266152277283675;0,022655693687411493
-0,02364884186843944;-0,03138747138897061;0,021056617998870597;-0,007882265406051081;-0,009500134630263446;0,009319759379868509
-0,024154480178240473;-0,031198176617225386;0,011556483368607151;0,0014374939738174275;0,0019943739372010327;0,008633823924110162
-0,02381785376808668;-0,0313241724617222;0,013550857305808184;0,01007131789792759;-0,00269217407400274;0,0007654910321762687
-0,023018968023188605;-0,031392668547266314;0,010858683231805444;0,010836808930103858;-0,01671332637096845;0,021829695920618675
-0,0216780479860582;-0,031058311916893327;-0,005854643139163007;0,03266650485072253;-0,009197084855662618;-0,01313442504596507
-0,01990278061965558;-0,030290482929316184;-0,015051727994825626;0,019532079804757463;-0,005028173429333149;-0,025576841027710295
-0,018361698978819476;-0,028215993747710142;-0,020079901424158775;-0,0060447612229528325;0,01825053162207202;-0,00540256485756152
-0,0174226864577764;-0,0253602213739138;-0,0018293698020867555;-0,011447326080514353;0,009501458266139962;-0,016042427178169005
-0,017286869993699674;-0,022746239449035574;0,007672088464053206;-0,027489753258683358;-0,006467242638196813;-0,006181944624100211
-0,01722422832170642;-0,02059015056737792;0,0012048458258563932;-0,03367169788278357;-0,0026542480603636287;-0,004025146782560107
-0,016854703111151035;-0,019533651816067598;-0,0014494022345072355;-0,037696844665343676;0,004090048639323607;0,021382819382577967
-0,016436984067561396;-0,01982402098006862;0,0026406464048163714;-0,01631402528276571;-0,011632073938081022;0,025777342013742932
-0,016077241113352046;-0,021622263930683394;-0,008991427533264651;0,009463316730977223;-0,009079703882622081;0,0065934343137669105
-0,01561187230295004;-0,024073067892608793;-0,018071131415886732;0,016056751044744133;-0,006061333371564559;-0,0044860841025311515
-0,015506160593878623;-0,026145339185295102;-0,02413246478745129;0,011570666942212982;-0,004199954976172371;0,007105732550707677
-0,016123294141442673;-0,027575340436191646;-0,028332419763623662;0,01867639949292066;0,016612935072780166;0,005944162352863769
-0,017705726280504774;-0,02854251500939967;-0,011719484690843496;0,024620561845784428;0,005510904456200283;-0,010200019556065976
-0,020421455210111822;-0,02876263360289087;-0,006208580234643213;0,014420542289718452;0,011359304463708142;-0,020305869552249445
-0,023605963527352614;-0,02799792972255069;0,005150724229064929;-0,005885327262530993;0,0035075286112805637;-0,011768508621823326
-0,027038815053979127;-0,026656404150621774;0,008658252840345493;-0,01765383588435432;0,00248746019647339;0,014193928581247794
-0,030265637611443047;-0,025550291669194095;0,011145713036818883;-0,003459907303106524;0,00878392698482855;0,011012085139406103
-0,03314613005529315;-0,025150332623140592;0,019929640021647432;0,007552177836299578;0,007044887315407977;-0,0139790252222316
-0,03558079397767049;-0,02488876986921135;0,02697452733705541;-0,006426847385932022;0,008193350453200687;-0,013311722278588789
-0,03721827229918194;-0,02432512000183012;0,0351678777902561;-0,01973856966452081;-0,017542563275151246;0,011753188219604915
-0,03777676952721117;-0,024018544029886176;0,01762531451510485;-0,007985381444915896;-0,017677460416055224;-0,0011220335100838863
-0,03692855164363016;-0,024501510844523063;-5,21459009503733e-05;-0,009107414954999782;-0,005670930858416079;-0,011242055992835231
-0,03537532117944495;-0,02530389291695659;-0,005723076759366452;-0,020349470947835013;0,0009130219255484295;-0,00635432132837388
-0,03382417655129776;-0,0264705715875901;-0,004810054833818023;-0,026703792276208893;-0,005182389171409008;0,02625350195778342
-0,03250195499352523;-0,028451229096137017;-0,00999244400522703;-0,0004502903184254725;-0,015789240729859322;0,016719682349925935
-0,031372135629105416;-0,03150003829573229;-0,025781684735086352;0,016269392031500463;-0,0007201448661956489;-0,01877050511654299
-0,030642014024894682;-0,034566859108064577;-0,026501829601282;-0,002501113085042528;0,02076974501452966;0,0030225080060719556
-0,030943159810087405;-0,036982904239136846;-0,0057320845867523396;0,0005213949210294277;-0,0023567810163064307;0,01742413118631425
-0,03230437877933141;-0,03949899389361082;-0,00808886560305877;0,01794552610734368;0,013321842382401639;0,013095486606605866
-0,0338948811320455;-0,04199422775124362;0,005232976779342868;0,031041012713949545;0,0027898627283012845;-0,014425802253390296
-0,03580893810888195;-0,043771640564582666;0,008022839507644153;0,01661521046055925;0,004619812492707598;-0,017321382655763218
-0,03751367601454468;-0,044307412869363724;0,01264265200035175;-0,000706172195203969;0,00973312856300812;0,0016254253733527513
-0,03889750033990165;-0,044178576755722426;0,02237578056335987;0,0009192531781487823;-0,0034961723853412785;0,01310524133510893
-0,039775618585244546;-0,04407798752988928;0,018879608178018592;0,014024494513257713;-0,007209620423369256;-0,004376468521058996
-0,039758705608053044;-0,04394062817693018;0,011669987754649336;0,009648025992198717;-0,011089593507997542;-0,012067130527350312
-0,0389866083037408;-0,043242289043440775;0,0005803942466517942;-0,002419104535151595;-0,0013748526025599839;0,006417151414106259
-0,03774771148924259;-0,042158028870263424;-0,0007944583559081897;0,003998046878954664;-0,01075933195949752;-0,003907205848504569
-0,0364855989048783;-0,04117053287849213;-0,01155379031540571;9,084103045009506e-05;-0,00726099689998061;0,0011570904170182805
-0,03525526465475034;-0,04002311501156266;-0,01881478721538632;0,0012479314474683756;0,01392860353939629;0,008185270943349643
-0,03448708201723861;-0,038872063503415176;-0,00488618367599003;0,009433202390818018;0,009599194700807168;-0,0036112051760640584
-0,03447149086834233;-0,03767109473736896;0,0047130110248171375;0,00582199721475396;0,004449868712250504;-0,007771807089209659
-0,03465134706648565;-0,03609279787569002;0,009162879737067642;-0,001949809874455699;0,0007691552030110183;-0,012242866253751927
-0,034642682823636285;-0,03428162112542093;0,00993203494007866;-0,014192676128207626;0,001811390851071848;0,0014633641512811213
-0,034267503391304216;-0,032548436770130064;0,011743425791150508;-0,012729311976926505;0,006894053498734731;0,014366331995128934
-0,033495042561369;-0,031382959459967504;0,01863747928988524;0,0016370200182024286;-0,002841018045028121;-0,017097334950594623
-0,032252844699787765;-0,030726654628882;0,01579646124485712;-0,015460314932392194;-0,001376580430202612;-0,012507881267660004
-0,03026514766661112;-0,030004868997068404;0,014419880814654507;-0,027968196200052198;-0,015143838395360043;0,014940247685907626
-0,027645592183640193;-0,02990149596255049;-0,0007239575807055365;-0,013027948514144572;-0,011102907926615946;0,010742201662976791
-0,024449241468083083;-0,03091685077603467;-0,011826865507321482;-0,0022857468511677803;0,0010878948358843399;0,009393428320885633
-0,02128184905575419;-0,03245332353008463;-0,010738970671437142;0,0071076814697178525;0,0069696333259511856;-0,0013694818365930228
-0,018587531263718163;-0,0340812261581813;-0,003769337345485957;0,00573819963312483;-0,012563691121120824;-0,0011675105062817215
-0,01632277229853962;-0,035424821527489256;-0,01633302846660678;0,004570689126843108;-0,009452009310891518;0,02217786358538032
-0,014208786827180513;-0,03653888891147222;-0,0257850377774983;0,026748552712223428;0,005699708572128981;-0,004386979476580732
-0,012748122494485679;-0,03747012873038146;-0,020085329205369318;0,022361573235642696;0,00525932932996781;-0,00686648065861406
-0,012318859672890776;-0,037331426440801764;-0,014825999875401508;0,015495092577028635;0,002205419132904174;-0,014451884684103522
-0,012693010019510646;-0,03629826122179636;-0,012620580742497334;0,0010432078929251132;0,004456076827792754;-0,018664666236634875
-0,013660200361146577;-0,03464529229970981;-0,00816450391470458;-0,01762145834370976;0,009376198737461872;0,0028641875186380394
-0,0151322139324824;-0,03295059506190625;0,0012116948227572921;-0,014757270825071722;-0,010705595116220823;0,013520518503520873
-0,01693080766040641;-0,031960756157851086;-0,00949390029346353;-0,0012367523215508491;0,007976142896376548;-0,003215178565256105
-0,018680933595420123;-0,03156120808679879;-0,0015177573970869829;-0,004451930886806954;-0,011082788486787953;-0,0017830776520117997
-0,020810815542172383;-0,03121113010860853;-0,012600545883874936;-0,006235008538818754;0,016230684399272777;0,012541678505442522
-0,02300140778480812;-0,031039129365890546;0,0036301385153978405;0,006306669966623768;-0,009425122245030337;0,007601773409349533
-0,02569602186279885;-0,03111652896472531;-0,005794983729632497;0,0139084433759733;0,004346678662486725;0,00245648315822089
-0,02824543040017367;-0,03094166176489513;-0,001448305067145772;0,01636492653419419;0,008011003560258745;-0,02088225681313227
-0,031026638286733788;-0,030210456830026013;0,006562698493112973;-0,004517330278938081;0,0011257229373780042;-0,002036162968668931
-0,03386577837597974;-0,02882465483378913;0,007688421430490977;-0,006553493247607012;0,00754948154644175;-0,00039468409199960863
-0,03644241052550117;-0,027619546048709767;0,015237902976932727;-0,00694817733960662;0,0005434543647845347;-0,01871294581647409
-0,038711505817802964;-0,026676576993534686;0,01578135734171726;-0,025661123156080712;0,010390052904526992;0,017680921592240106
-0,04037108499102745;-0,02601153503194387;0,026171410246244253;-0,007980201563840605;-0,007912745666577736;0,011228408052269212
-0,04139940987058324;-0,026372937996596284;0,018258664579666517;0,0032482064884286066;-0,008377574026693035;-0,009335131599876867
-0,041380878340289265;-0,02705354902380232;0,009881090552973482;-0,00608692511144826;-0,0010303362327465093;-0,014365017128610824
-0,04063200022680863;-0,027604231791471215;0,008850754320226972;-0,020451942240059084;0,006738735371274229;0,0025337996079614067
-0,03948787849120905;-0,02839839156359804;0,015589489691501202;-0,017918142632097678;-0,016142830545496256;0,022307095052710224
-0,03798972658280039;-0,030010629025327227;-0,0005533408539950546;0,004388952420612546;0,006803745096465197;0,0003825562683273942
-0,03586799508673169;-0,03233959219234032;0,006250404242470142;0,0047715086889399405;-0,012131510800836298;-0,0038248738050221665
-0,03376839722482279;-0,03449299726252891;-0,005881106558366156;0,0009466348839177741;0,008170674665479716;0,011397312123261782
-0,03141878319321508;-0,036455541985159906;0,00228956810711356;0,012343947007179557;-0,005996574535506394;0,012688683108819876
-0,02930441342394202;-0,03838022131243419;-0,003707006428392834;0,025032630115999432;0,005454154400477029;-0,0037843117014533245
-0,027098460930384417;-0,03981114275942129;0,0017471479720841954;0,021248318414546108;0,004828276084326011;-0,008129561914420047
-0,025040788693962524;-0,04024075900176841;0,006575424056410206;0,013118756500126061;-0,02395790378178575;0,0025970230412292183
-0,022913230538657268;-0,03982044250753369;-0,017382479725375544;0,01571577954135528;0,009524459994289858;-0,009212227230970704
-0,0205226554210956;-0,03887537575329393;-0,007858019731085686;0,006503552310384575;-0,0021626381681896234;-0,014312459114737663
-0,018827379492548958;-0,03730167781739996;-0,01002065789927531;-0,0078089068043530885;0,008045081714670943;-0,009875153008221171
-0,01744642435324574;-0,0354678377890906;-0,0019755761846043662;-0,01768405981257426;-0,006173445073526296;0,0008064651851671378
-0,016466295529913536;-0,033946354032955366;-0,008149021258130662;-0,016877594627407122;0,004573358507165337;0,0023163280962283928
-0,015565189753965505;-0,0331322326693231;-0,003575662750965325;-0,01456126653117873;0,007654390831278446;0,00154089335604235
-0,014990044828342701;-0,03299321509078713;0,004078728080313121;-0,01302037317513638;-0,011329237215837229;0,01032711316347168
-0,01455792641275851;-0,0334366481734983;-0,007250509135524108;-0,0026932600116647;0,0031671332042045863;0,009941585754917992
-0,013962658873961796;-0,03440089618321492;-0,004083375931319522;0,007248325743253292;0,005049336365476886;-0,0017605664406236121
-0,013657411700586044;-0,03547287459339814;0,0009659604341573647;0,00548775930262968;0,009416024519300958;0,020998280364653232
-0,013515499564463074;-0,03625491997385122;0,010381984953458323;0,026486039667282912;-0,007800199663941909;0,004478768052824544
-0,013334949010973809;-0,03681745498219911;0,002581785289516414;0,030964807720107457;0,0039136567198497785;-0,004414864238616256
-0,012739119059346212;-0,03632054840385569;0,006495442009366192;0,0265499434814912;0,0017657846323398119;-0,010237167064280128
-0,012040017696137956;-0,034585049516707975;0,008261226641706004;0,016312776417211072;-0,0076229163978684955;-0,009148671428926947
-0,011081098652555054;-0,03178755289030061;0,0006383102438375088;0,007164104988284126;0,0003865039661233305;-0,012780287071465168
-0,009791730543303913;-0,028337545207204797;0,0010248142099608393;-0,005616182083181043;-0,01806441784282678;-0,007383609663164259
-0,00847683002429927;-0,02460097332457762;-0,01703960363286594;-0,012999791746345302;-0,0014568900234789017;-0,0007030122835885999
-0,007120936936896194;-0,021089048725277688;-0,018496493656344842;-0,013702804029933902;-0,000764010124882003;0,0054746447380524255
-0,006446627994807756;-0,018097115795831564;-0,019260503781226845;-0,008228159291881476;0,022799056839825665;-0,015329543839173121
-0,00651217879897311;-0,015653295027582798;0,00353855305859882;-0,023557703131054597;0,0011374007035849787;-0,01371759302680653
-0,00734814975438754;-0,013538600631009293;0,004675953762183799;-0,037275296157861126;-0,0018819687327296941;0,0329529545333605
-0,008042578587458016;-0,01236621435967797;0,0027939850294541047;-0,004322341624500625;0,0090573202084894;0,027461370523490514
-0,00854996927004114;-0,012684839934661091;0,011851305237943505;0,02313902889898989;-0,003420471221436433;-0,006698496995700465
-0,0089456005514461;-0,013176359174624239;0,008430834016507072;0,016440531903289424;-0,0029522089098941995;-0,016451528156496975
-0,00886717962333332;-0,012742317258627792;0,005478625106612872;-1,0996253207551376e-05;-0,0125014037981733;0,011652252752227338
-0,008451525334560258;-0,011650654066499766;-0,007022778691560427;0,011641256499019786;2,3899925008313838e-05;0,025936455749887816
-0,007816726041522679;-0,010559430724500043;-0,0069988787665521135;0,0375777122489076;0,0011609080291750673;-0,01678483478162482
-0,007462837896147519;-0,009002557122539528;-0,005837970737377046;0,020792877467282783;-0,011432306343887783;-0,0188045201837361
-0,007388904901434442;-0,0059425750306227095;-0,01727027708126483;0,0019883572835466823;0,015642203535341487;-0,001627561365603547
-0,007548490736216448;-0,00205087784001458;-0,001628073545923342;0,00036079591794313526;0,01472696347455893;-0,010976116678719616
-0,008398887654249046;0,001920353641935417;0,013098889928635588;-0,010615320760776481;-0,010475556662723151;0,0016928784094125682
-0,00931440751411858;0,0059060169606031405;0,0026233332659124364;-0,008922442351363913;-0,004948080920371384;-0,025960188968569553
-0,009705971776842688;0,009467067448839803;-0,0023247476544589474;-0,034882631319933466;0,007225828308705523;0,000871611261957006
-0,0099926027089303;0,01267122024302191;0,004901080654246576;-0,03401102005797646;-0,0005068697546994072;0,0031321140836324535
-0,010372223547196269;0,014480067784406678;0,0043942108995471685;-0,030878905974344006;0,017842310696133956;-0,007163937858855107
-0,010555801159292375;0,01492847452347239;0,022236521595681125;-0,038042843833199114;-0,011629985751251487;0,004672065813160015
-0,010563610335406596;0,014141725023564339;0,010606535844429638;-0,0333707780200391;0,004064293529058571;0,016768687039036376
-0,00968195864769357;0,011833261770328323;0,014670829373488209;-0,016602090981002723;-0,010158224310710479;0,03096998674440299
-0,008376045526203359;0,008189967396290744;0,00451260506277773;0,014367895763400265;-0,006714823226049285;0,0002246435385953871
-0,006483299229773619;0,003882589383013056;-0,002202218163271555;0,014592539301995652;-0,0090501147314265;-0,0049814394173158805
-0,004410048730832771;0,00014992720027137845;-0,011252332894698056;0,009611099884679772;0,0007789652019412376;0,003424175123274739
-0,0024248869584227845;-0,002999033410390473;-0,010473367692756818;0,013035275007954511;-0,009950957966560686;0,010545558640056296
-0,0008898185018007205;-0,005763550025665133;-0,020424325659317503;0,023580833648010807;0,001023063147831238;-0,0018131113199112703
0,0002263152471110709;-0,008006655640621613;-0,019401262511486266;0,021767722328099537;0,014222379774458479;-0,024460270184515298
0,0005254759696501621;-0,00930652790965766;-0,005178882737027787;-0,0026925478564157612;0,009919164274370224;-0,006666232912616338
4,85861917298027e-05;-0,009735691285569727;0,004740281537342437;-0,009358780769032099;0,0070899851805115675;-0,0061045814325703385
-0,0006354588956716682;-0,010272556575738423;0,011830266717854004;-0,015463362201602437;-0,0007105164439730437;0,02089854611311437
-0,0011298927215794416;-0,011183773096668403;0,01111975027388096;0,005435183911511932;0,0005350625337055027;0,010886595040238367
-0,0011511158787730548;-0,01271352410566248;0,011654812807586463;0,0163217789517503;0,001163683895405207;-0,01296023207848701
-0,0007275490250114295;-0,014025867758196081;0,01281849670299167;0,003361546873263288;-0,0012935004310049916;-0,009532558164743576
0,00016221034105365416;-0,01468534025265967;0,011524996271986679;-0,006171011291480288;-0,010065518635856342;0,0024192481587756998
0,0015647095752384047;-0,015210350872192729;0,0014594776361303366;-0,0037517631327045886;-0,0022354230105653336;0,012971702384469597
0,0034282086603026223;-0,015982201943384997;-0,000775945374434997;0,009219939251765008;-0,015466499115910706;-0,0055293028603893846
0,005350086850812054;-0,01690412353988545;-0,016242444490345703;0,0036906363913756235;-0,008992318002678745;-0,00030651844932122474
0,007240927226344085;-0,017457247566315302;-0,02523476249302445;0,0033841179420543988;0,0046618795453967354;-0,0025638986176383383
0,008482069822262288;-0,01786274613709013;-0,020572882947627713;0,0008202193244160605;-0,0015379333041043441;0,008607499978882716
0,008713821918459513;-0,01813287999018278;-0,022110816251732057;0,009427719303298776;0,007416633835192296;0,001973771138977398
0,00812265869675163;-0,018370205070298788;-0,014694182416539761;0,011401490442276174;0,006288421933137764;8,552267967543159e-05
0,006647062824974464;-0,018230421378282846;-0,008405760483401997;0,011487013121951606;0,012486551144599886;-0,008289136844637168
0,004583699656535709;-0,017634578068575858;0,004080790661197889;0,0031978762773144376;0,010955876857494523;-0,01432594718343616
0,0021841060687608728;-0,016579254233990804;0,015036667518692412;-0,011128070906121723;-0,007469528083337812;0,0035646374256707025
-5,225589256604773e-05;-0,015396015348313172;0,0075671394353546;-0,007563433480451021;0,004588473607336024;0,01061602638392345
-0,0016871511531452717;-0,01465789929888041;0,012155613042690624;0,0030525929034724286;-0,013690427643641742;0,0116852681413524
-0,0030193608363103114;-0,01422232058866569;-0,0015348146009511177;0,01473786104482483;0,013647536712914382;0,004537783753096769
-0,003865345997767726;-0,013664638162312072;0,012112722111963264;0,0192756447979216;0,003151791663149897;0,003497588314241712
-0,004772723743263186;-0,012517441294165458;0,015264513775113162;0,02277323311216331;-0,01149126049630847;-0,0026820842500266256
-0,005195592604280115;-0,010599218634101983;0,003773253278804692;0,020091148862136685;0,005685647495800833;-0,0029223316271613786
-0,005007880914292518;-0,0077700666495519755;0,009458900774605525;0,017168817234975306;0,004453190940773621;-0,011996655757476299
-0,004669239093152732;-0,0041372687105165;0,013912091715379146;0,005172161477499007;0,002814965255986304;-0,014768634389954044
-0,003952241241028726;0,00018228191791798756;0,01672705697136545;-0,009596472912455037;-0,0190355430503822;0,014277458870294815
-0,0026787597202895543;0,0047087190054524355;-0,00230848607901675;0,004680985957839778;-0,006893602518933839;-0,004180118332352545
-0,000736195920695764;0,008851297176488682;-0,009202088597950589;0,0005008676254872335;-0,0031874095433272603;-0,011841835063657546
0,001114028435737356;0,01318111478583852;-0,01238949814127785;-0,011340967438170313;0,006379704341802808;-0,009734357689147821
0,0025961692482524526;0,017530967100207847;-0,006009793799475041;-0,021075325127318134;0,0006129751065896555;-0,0024604389067809374
0,003582730135116435;0,02142718071705036;-0,005396818692885386;-0,02353576403409907;-0,0018386234767493875;0,003246389221294499
0,004328899270001416;0,02448038132880015;-0,007235442169634773;-0,020289374812804573;0,014275271283665403;-0,018564307508050715
0,004859195657170981;0,026592151379185976;0,00703982911403063;-0,03885368232085529;0,0007034758439136563;-0,0039155084273541085
0,005100074357555155;0,02789234643705962;0,007743304957944286;-0,042769190748209396;0,0016225880023701678;0,021358351889892213
0,005622546222500555;0,027638394202099053;0,009365892960314454;-0,021410838858317183;0,0038373987208568106;0,018326256338991764
0,0064547502857637265;0,025673674337210108;0,013203291681171264;-0,0030845825193254184;9,034122798556865e-05;0,011962517399501493
0,007661590067439475;0,022852520917988475;0,013293632909156833;0,008877934880176075;0,0012115415686830833;0,021513016606447166
0,009396561516362076;0,019907984197993826;0,014505174477839916;0,03039095148662324;-0,017729629421514154;0,008849961246527815
0,011663278281650948;0,01731856487320622;-0,0032244549436742376;0,03924091273315106;0,0021370771966293667;-0,00015324252318327236
0,014510202026053418;0,015944783607883546;-0,0010873777470448709;0,039087670209967784;-0,00042990726740871343;-0,0006748771809533816
0,017228147572708918;0,016140638851886914;-0,0015172850144535843;0,0384127930290144;0,002523341496445619;-0,012368291129054632
0,019902598009482624;0,01790000090428899;0,0010060564819920348;0,02604450189995977;-0,019910871583074585;-0,018759248697324482
0,022516357045678184;0,021195874677851646;-0,01890481510108255;0,007285253202635289;-0,003943381297941695;-0,023144977737548977
0,02517035834115343;0,02553352852741269;-0,022848196399024245;-0,01585972453491369;0,0053011323591888315;-0,0002894993369431109
0,027068167032585373;0,030162592505079147;-0,017547064039835414;-0,0161492238718568;0,0004775100016789491;0,0005627604441482692
0,028052047868056342;0,03415726750134906;-0,017069554038156465;-0,01558646342770853;0,009036570648034425;-0,01933184702096269
0,028334046141933897;0,037505973542744694;-0,00803298339012204;-0,03491831044867122;-0,007197419113870174;0,009513305511359205
0,027933262254285194;0,04023122104703199;-0,015230402503992213;-0,025405004937312015;0,011395534131580787;0,015528525882082755
0,02721115903103161;0,04155973613337244;-0,0038348683724114263;-0,00987647905522926;-0,0037765451190506782;0,016513087914796554
0,025879839707618334;0,041872051022220406;-0,0076114134914621046;0,0066366088595672945;-0,0003583600969574441;-0,007230705614178712
0,024395125649308607;0,041789306748859195;-0,007969773588419549;-0,0005940967546114173;0,009690765416987879;-0,0001569323126251465
0,02260595505134039;0,04197202682988069;0,00172099182856833;-0,0007510290672365638;0,0008058115384512732;-0,002404388692723858
0,02049799350983539;0,04213098304071772;0,0025268033670196033;-0,0031554177599604216;-0,008378327863277968;0,009163085130444504
0,01845887164147313;0,04225989808886529;-0,005851524496258365;0,006007667370484082;0,01500604232929681;-0,013877938036541249
0,01652082190779165;0,04226259642661444;0,009154517833038445;-0,007870270666057166;0,01412709165925996;-0,004397601928533668
0,014348711194259836;0,04250560145918295;0,023281609492298405;-0,012267872594590834;0,007111157537356583;0,005334380228362079
0,01254278119404956;0,04243379566510918;0,030392767029654988;-0,006933492366228755;-0,013392723282867502;0,007975196130769024
0,01166811557353122;0,04187127496725178;0,017000043746787485;0,0010417037645402694;-0,006605954563948302;0,012106645116444326
0,012009160634199078;0,041031414574745226;0,010394089182839183;0,013148348880984595;0,015701336441114155;-0,006343176768319525
0,013030207444738437;0,04023322233282028;0,02609542562395334;0,00680517211266507;-0,025521423638096896;-0,0006119551658638755
0,014467017822591363;0,039960964046134716;0,0005740019858564427;0,006193216946801194;-0,013771320401299914;-0,0010288493196848325
0,016947645225402423;0,03996091264395576;-0,01319731841544347;0,005164367627116362;-0,0085206614659325;-0,017080026197258236
0,01945123270764774;0,04020858991964885;-0,02171797988137597;-0,011915658570141874;0,006177064826151268;-0,004995272890088276
0,021426927453275322;0,04066284190042659;-0,015540915055224702;-0,01691093146023015;0,0008305620014846804;4,148171795215205e-05
0,02253390300364786;0,040640467538398665;-0,014710353053740022;-0,016869449742277998;-0,0047710791417076015;0,011504542892024405
0,02301924195181141;0,039941655917961526;-0,019481432195447623;-0,005364906850253592;0,004870424176493526;-0,012388509241679113
0,02291616677782536;0,03856806630783327;-0,014611008018954097;-0,017753416091932706;0,0010377548914374812;0,008025239930728567
0,02203383431602141;0,03697988042369487;-0,013573253127516616;-0,009728176161204138;0,015836406715672824;0,013874451545059951
0,020567061533459288;0,034681557895879164;0,002263153588156208;0,004146275383855813;0,00023007361161991868;0,015193493352636867
0,018557358625796508;0,03199410832161529;0,002493227199776127;0,01933976873649268;-0,0005195718164252572;0,006444286111617958
0,016638181861659974;0,02947250976270565;0,0019736553833508697;0,025784054848110638;0,005317382174515051;-0,007443916577121956
0,014818734185514484;0,027724501953255713;0,00729103755786592;0,018340138270988682;-0,012474182481500867;0,013569378796901677
0,013078232724703029;0,027007856337730205;-0,005183144923634947;0,03190951706789036;0,019073946804878367;-0,0065355303316430025
0,011629372766206212;0,027024816253044245;0,01389080188124342;0,025373986736247356;-0,0019514036055531814;-0,02369016944861535
0,009973187010763997;0,028318156851073896;0,011939398275690238;0,0016838172876320057;-0,0034053237397730085;-0,01897208317021981
0,008872633330571518;0,030626456918553445;0,00853407453591723;-0,017288265882587805;0,0025306121027557915;0,009460338336249596
0,008249655581406648;0,03300210967753827;0,011064686638673021;-0,00782792754633821;-0,012147457662215727;0,003630429866979923
0,00796804081367847;0,03468623180121959;-0,0010827710235427057;-0,004197497679358286;0,019571514218005986;-0,02062197182751302
0,00812901351149721;0,03605723682304737;0,01848874319446328;-0,024819469506871306;-0,009540606276980335;-2,6343559284436324e-05
0,008246675368374243;0,03726034193770083;0,008948136917482946;-0,024845813066155742;-0,00718724390285308;0,012151521805937593
0,009103886953029806;0,037470668272079434;0,0017608930146298662;-0,012694291260218149;-0,015456051610113902;0,0015556776748933965
0,01031902401438469;0,03668716208381181;-0,013695158595484036;-0,011138613585324753;0,0029025872968101996;0,006681663183213171
0,011604596796324765;0,035395884245135456;-0,010792571298673836;-0,004456950402111581;0,0001553844180207098;-0,006510994813460291
0,012342363234445479;0,03365906186304611;-0,010637186880653127;-0,010967945215571873;-0,012278630870188045;0,00048135787517011863
0,01264842682061924;0,03174396146487231;-0,022915817750841172;-0,010486587340401754;-0,0003950633450503227;0,004922433254269887
0,012529002931566877;0,029390143258075624;-0,023310881095891495;-0,005564154086131867;0,00730021425919905;0,020580771166424316
0,011492946332480868;0,026616861557662873;-0,016010666836692444;0,01501661708029245;0,009156060753388151;0,011510240717938824
0,009524454489559197;0,02362101369380485;-0,006854606083304293;0,026526857798231274;0,0005395863643831156;-0,012838291206953512
0,006915535973169828;0,02122583051315852;-0,006315019718921178;0,013688566591277762;0,012133417710484207;-0,0029051414254492314
0,004032433213448289;0,019891721644441446;0,005818397991563029;0,01078342516582853;0,009412289144981822;0,007978015211505263
0,0008967296649699021;0,01910515543937548;0,015230687136544852;0,018761440377333793;0,0037515077390674056;-0,010477021674545395
-0,0020062379638459637;0,018749926240942655;0,018982194875612257;0,008284418702788399;-0,013766768684955438;-0,009047590521228277
-0,004299978107200036;0,01914515465760318;0,005215426190656819;-0,0007631718184398784;0,008644211243713174;0,0020176589467356676
-0,005834430455529617;0,019871759822375244;0,013859637434369992;0,0012544871282957892;-0,009690937853074039;0,011502610092150922
-0,007160265756232926;0,020567838114409712;0,004168699581295954;0,012757097220446711;-0,0037662325382618878;-0,010847882074859316
-0,007931715559561434;0,02131409589157601;0,000402467043034066;0,0019092151455873951;-0,0029657074683571705;-0,004843642211306731
-0,008536417379638105;0,02257063755756018;-0,0025632404253231045;-0,002934427065719336;0,012452948349372939;0,0005348518248151635
-0,009125020517993413;0,023903547829367842;0,009889707924049834;-0,0023995752409041726;0,009419018566642873;-0,008626132777781903
-0,009816153273361645;0,02511908101854673;0,019308726490692707;-0,011025708018686076;-0,010028367648621195;-0,021120153427663935
-0,010111697711767885;0,026238631198089456;0,009280358842071512;-0,03214586144635001;0,004650093998789129;-0,008575250899806153
-0,009634893090546414;0,026917153056884736;0,013930452840860641;-0,04072111234615616;0,0010754778987457636;0,02146748977307722
-0,008786874115642085;0,026309840457826014;0,015005930739606405;-0,019253622573078943;0,0018879050449117085;0,014087669788672208
-0,007381637027103329;0,02407368336492105;0,016893835784518113;-0,0051659527844067354;-0,011165681279780529;-0,002998779938802376
-0,0053761627089803175;0,021067381369092926;0,005728154504737584;-0,008164732723209112;-0,008124333659122823;0,011889407822826492
-0,0026949349594765815;0,01785444126188853;-0,002396179154385239;0,0037246750996173805;0,0017903922633438762;0,013516892816640896
0,0002154189702166582;0,01431491184575577;-0,0006057868910413627;0,017241567916258277;-0,00912984625815988;0,007912894421111483
0,0030299257337344883;0,010924369433607709;-0,009735633149201242;0,02515446233736976;-0,00031473158675755786;-0,022564555067461453
0,0058202010216106635;0,008223489738109976;-0,0100503647359588;0,0025899072699083064;-0,0064864010938894545;-0,0036412853657022265
0,00822105098351879;0,006528788536107034;-0,016536765829848254;-0,00105137809579392;0,0031123822113810484;0,006806463354216717
0,010219886355988562;0,004937683624900425;-0,013424383618467206;0,005755085258422797;0,010790431729457761;0,006937001895329309
0,011557251095264407;0,0033045235898620587;-0,002633951889009445;0,012692087153752106;-0,001996650491039864;0,0028492285499909717
0,012357640489801563;0,0019015669651606041;-0,004630602380049309;0,015541315703743078;0,005443533442625548;-0,0014199889746621848
0,01305267180877834;0,0010062938266092339;0,0008129310625762387;0,014121326729080893;0,012482995462210322;-0,0011841370991679707
0,013562479032553146;0,0007326733162075869;0,013295926524786561;0,012937189629912922;-0,001951764180675275;-0,003165992966243359
0,014104803498831;0,0010239058749691755;0,011344162344111286;0,009771196663669563;-0,007807900825113012;-0,011127249309969774
0,015178965026100317;0,0018326260189272811;0,003536261518998274;-0,0013560526463002112;-0,009964927074067764;-0,003242750830348494
0,016706893047134085;0,003032194029432169;-0,0064286655550694904;-0,004598803476648705;0,004964809169762885;0,0031347608675413585
0,018376271528927787;0,004177519934085049;-0,0014638563853066056;-0,0014640426091073466;0,0008424422373152773;0,003053629380291051
0,019788503388518706;0,00513889369967198;-0,0006214141479913282;0,0015895867711837042;-0,004194787166035274;-0,0007138848588747471
0,021142180992697362;0,006041705760894618;-0,0048162013140266025;0,0008757019123089571;-0,010446499359546446;0,013473597089955436
0,022471002030956366;0,007008101292964604;-0,015262700673573049;0,014349299002264393;0,008404574653226304;0,004575470399649784
0,023607175016654304;0,008009524901526947;-0,006858126020346744;0,018924769401914177;0,012306078065673964;0,0005836522777867836
0,02413283997540932;0,009584920470179868;0,00544795204532722;0,01950842167970096;-0,014281027049306227;-0,004973690999427238
0,024384179893350465;0,011917306814909354;-0,008833075003979007;0,014534730680273722;0,0002936683978925769;-0,01485197912134023
0,0248534378931047;0,015030030026826879;-0,00853940660608643;-0,00031724844106650885;0,017911906114515763;-0,011608739928389122
0,02496937289269978;0,018724142465955353;0,009372499508429333;-0,011925988369455631;0,0062312670400019865;-0,00899024794002029
0,024743731628051397;0,022405564967441168;0,01560376654843132;-0,020916236309475922;-0,0019516555955128023;6,44569235621617e-05
0,02489299034374019;0,025609947934148756;0,013652110952918517;-0,02085177938591376;-0,024074534457708796;-0,001477338770239922
0,02566639972136623;0,027977681448477308;-0,010422423504790279;-0,022329118156153682;0,021700078160863834;0,00336270263003724
0,026985893537109017;0,029511343787369308;0,011277654656073555;-0,018966415526116442;-0,007820223980638308;0,0009271250881381921
0,02788849041266019;0,030151841400015162;0,003457430675435247;-0,01803929043797825;-0,012947275861747043;0,0019259369106970903
0,029242193474454305;0,03003368239161636;-0,009489845186311796;-0,01611335352728116;-0,011135392179927428;0,01953724505508181
0,030734193763265832;0,029193951765698424;-0,020625237366239224;0,0034238915278006488;0,01637635505420676;-0,000933815158050133
0,031846600244624886;0,027709686998689243;-0,004248882312032465;0,0024900763697505157;0,012513929278058167;0,0013837349031590174
0,03213399723133437;0,02636237789279209;0,008265046966025702;0,003873811272909533;-0,007070981859725878;0,008770331192254788
0,03225143892556256;0,02511467184168496;0,0011940651062998242;0,01264414246516432;-0,009796311580728134;0,01370662004201062
0,03269948249843177;0,024021918241494206;-0,00860224647442831;0,02635076250717494;0,0045751645660772056;0,012200506963236268
0,03319528867555298;0,023434930339910023;-0,0040270819083511045;0,03855126947041121;0,007373998569106033;-0,01700488919466403
0,033347004993697055;0,023901972938612844;0,0033469166607549283;0,02154638027574718;-0,015537002020573176;-0,015849807733800958
0,033337638035507086;0,02591106631613211;-0,012190085359818248;0,005696572541946221;0,0004750535859584515;-0,003290001250655261
0,03346214774374731;0,028782014904681262;-0,011715031773859796;0,00240657129129096;-0,004133623291896926;-0,005741582994480687
0,03309905403759481;0,03188082639490827;-0,015848655065756723;-0,0033350117031897275;0,017294709797588403;-0,011176076637087418
0,032267359060487916;0,03507590073678691;0,0014460547318316808;-0,014511088340277145;0,0004521190314643597;-0,016509772574470394
0,030801717880750756;0,03813757461053796;0,0018981737632960405;-0,03102086091474754;-0,0009853942577648933;0,006215544958985353
0,02939391889028686;0,04061880495067793;0,0009127795055311472;-0,024805315955762186;0,00648897105704771;0,004629024167289719
0,028062046850354804;0,04185920085422799;0,007401750562578857;-0,020176291788472467;-0,0014664955142539293;0,002311522758140727
0,026766685990643996;0,04210738411954757;0,005935255048324928;-0,01786476903033174;0,0005025321265744731;0,02977581595269596
0,025767395153436345;0,041548515713328245;0,006437787174899401;0,011911046922364221;0,006448147005867155;-0,01231881553594083
0,025005514518161687;0,04027505654589565;0,012885934180766556;-0,000407768613576609;0,004461316953155325;0,004794017717745458
0,024501145369883005;0,03947803925535763;0,01734725113392188;0,004386249104168849;-0,02136090058430118;0,011076916369694767
0,02451221358883499;0,038664711220276544;-0,0040136494503792974;0,015463165473863616;0,009137798339313274;0,013142466480494774
0,025217171853143847;0,03802683314936221;0,005124148888933977;0,02860563195435839;-0,0054196834653534864;-6,708757409035204e-05
0,02576158413943753;0,03800748169740242;-0,0002955345764195094;0,02853854438026804;0,010064010712539928;-0,03445729261149888
0,026510962381288576;0,03913235552361697;0,009768476136120419;-0,0059187482312308415;0,0007114421362216516;0,006513018642020363
0,027248519240082838;0,04139877112504224;0,01047991827234207;0,0005942704107895214;-0,012466408688453834;-0,0018060927819469885
0,02837681514432192;0,04342843679721828;-0,0019864904161117636;-0,0012118223711574672;-0,004338505343086552;-0,002666897379547395
0,029924307779454682;0,04548187328582589;-0,006324995759198315;-0,003878719750704862;0,0029014286185377047;-0,01752606630224407
0,03139234079794297;0,04748683687958721;-0,0034235671406606105;-0,021404786052948932;-0,0004247298925009746;-0,003918929470547949
0,03260737398606334;0,04933665168332033;-0,003848297033161585;-0,02532371552349688;0,0032448778719418314;0,007283764313601004
0,03368546448855727;0,0503302750449355;-0,0006034191612197537;-0,018039951209895877;-0,012034937265229306;-0,011093537971018863
0,03460962310972474;0,05031094978561079;-0,01263835642644906;-0,02913348918091474;-0,008456225577170073;0,020771796642126805
0,03550964496444343;0,049570026477890244;-0,021094582003619133;-0,008361692538787935;0,009586969336808138;0,007654124293811071
0,035904132562104146;0,04766376360293311;-0,011507612666810996;-0,0007075682449768639;0,006400587084154696;0,0027811512443440822
0,0354548368796201;0,04542303302642446;-0,005107025582656299;0,0020735829993672183;0,005656255303407187;0,015725467000292093
0,03454523669046362;0,04315399972011673;0,0005492297207508878;0,01779904999965931;-0,0006258612016897258;-0,003940922363963262
0,03343135547800088;0,0409679097337837;-7,663148093883798e-05;0,01385812763569605;-0,005252344097382733;0,0021608865588701454
0,03233944345436818;0,03949378174743703;-0,005328975578321571;0,016019014194566195;0,008702304425139529;-0,005716217086192854
0,03124446617149792;0,038573978866518206;0,003373328846817958;0,01030279710837334;0,0027621071830277177;-0,008306702731290416
0,029936329865494802;0,03829493655338203;0,006135436029845676;0,0019960943770829243;0,0016435948428170644;-0,00031944752121326747
0,028763126713364402;0,03842800612458079;0,00777903087266274;0,0016766468558696568;-0,0009204445507654535;-0,012730907384557066
0,027835341002427832;0,038640919470862865;0,0068585863218972865;-0,01105426052868741;-0,012304933976605814;-0,0024512324236720673
0,027218716526397766;0,03892089869137973;-0,005446347654708528;-0,013505492952359477;0,009682885822270282;0,013306073975395405
0,026876435503243593;0,03875870749074909;0,004236538167561754;-0,00019941897696407196;0,0020378479292072482;-0,0010380810047263545
0,026316300573901084;0,03805629657202408;0,006274386096769002;-0,0012374999816904264;0,00593136890680257;-0,005967663363846354
0,02592562717126104;0,0373459088942205;0,012205755003571572;-0,00720516334553678;-0,001326621787176241;0,014639730802970208
0,025785929212491756;0,03658602121714931;0,010879133216395331;0,0074345674574334275;-0,007242352769534999;0,012581654995048153
0,026134461453865335;0,035537927006256645;0,0036367804468603326;0,02001622245248158;0,01123184294935986;-0,0010773906707941538
0,02691815902389473;0,034787215493661316;0,014868623396220193;0,018938831781687426;-0,0019323397992242475;-0,02329597924675353
0,027847327811798536;0,03483715287916525;0,012936283596995946;-0,004357147465066102;0,0030169789399652203;-0,016244448493893615
0,02937124153555115;0,03564464353593668;0,015953262536961166;-0,020601595958959718;-0,01334415305369352;0,00045768317910865886
0,0314126066031836;0,03627784829410547;0,0026091094832676465;-0,02014391277985106;-0,00835164313142267;0,00846598380222996
0,034092102172294504;0,03608698921391587;-0,005742533648155024;-0,0116779289776211;-0,010283602352222143;0,0021995885963168593
0,03687596212073611;0,03509037362253223;-0,016026136000377167;-0,00947834038130424;0,006216722063993485;0,0039059501658154083
0,03943012072325151;0,03362664087204374;-0,009809413936383682;-0,005572390215488832;-0,013784638588226872;0,015588931275579698
0,04134323388575183;0,031783774506303084;-0,023594052524610554;0,010016541060090867;0,004024116379729437;0,009705014061984207
0,0428639704907968;0,029718012531942874;-0,019569936144881117;0,019721555122075074;-0,006583282169349669;0,016070489217594686
0,043440944994857345;0,0280529121999863;-0,026153218314230786;0,03579204433966976;0,01685585759418662;-0,005764631018401967
0,04323512205312265;0,02717667407291273;-0,009297360720044168;0,030027413321267793;0,017132140520511485;-0,01338263497760328
0,04198317037881873;0,027732117719425946;0,007834779800467317;0,016644778343664512;1,376565706279198e-05;-0,00933974190162179
0,04035932427571303;0,029488657898789877;0,00784854545753011;0,007305036442042723;0,005371597562156549;-0,005275444263637352
0,039048869364626024;0,03191098921190039;0,013220143019686659;0,0020295921784053705;-0,010723395569367966;0,010763856705882757
0,038052356271840226;0,03462552198269261;0,0024967474503186926;0,012793448884288128;0,01180423612678605;-0,015942561176235936
0,037584648899841894;0,03742123844062104;0,014300983577104742;-0,0031491122919478087;-0,0027466647371243713;-0,02194824568739362
0,03721681142585631;0,040728692853921;0,011554318839980371;-0,025097357979341428;-0,0032611974779988007;-0,0004264502799393721
0,03742101329495492;0,04391018277554305;0,00829312136198157;-0,0255238082592808;-0,012239396333470931;0,01251299899050462
0,03808738791765274;0,04608777837799144;-0,003946274971489361;-0,01301080926877618;0,002974807530601753;-0,00012026413304333516
0,039085487394829824;0,0472444216500686;-0,0009714674408876078;-0,013131073401819515;-0,0032979478315049437;0,00383214741513771
0,03992573587314733;0,04788063255139471;-0,004269415272392552;-0,009298925986681805;0,012776008134611994;0,017153600061813545
0,040727125653829334;0,04799160051664804;0,008506592862219442;0,00785467407513174;-0,012450700580187268;0,0021183457725983956
0,04135773882361564;0,047730611442434095;-0,003944107717967826;0,009973019847730136;0,008117230657417984;-0,012107790090742254
0,04232861570789072;0,04778380933122542;0,004173122939450158;-0,0021347702430121185;0,00845081870382769;-0,006952629078778694
0,04314172828344708;0,048235928013925955;0,012623941643277847;-0,009087399321790812;-0,00473828894475159;-0,0005225497813208246
0,04412176577658146;0,04860265588690601;0,007885652698526258;-0,009609949103111637;-0,005192200422390103;-0,011480897498688636
0,045606760935446945;0,04860588778701442;0,0026934522761361546;-0,021090846601800273;-0,019026616395558138;-0,018927338181138564
0,047407182202253484;0,048224721722998375;-0,016333164119421983;-0,04001818478293884;0,004030927483199109;-0,004112007546163143
0,04931534156010547;0,04699992179491031;-0,012302236636222874;-0,04413019232910198;-0,008036029210599871;0,03084416406805357
0,05057017435318058;0,0441743944755047;-0,020338265846822745;-0,01328602826104841;-0,003429914492053099;0,017636067574437253
0,051332917680806764;0,039583659462935;-0,023768180338875844;0,004350039313388843;0,007644153985250535;0,017794462668597855
0,051282130374560045;0,034461483319923374;-0,01612402635362531;0,022144501981986697;0,009055414605492418;0,013334597905508394
0,05028061585475829;0,029513308749447298;-0,007068611748132891;0,03547909988749509;0,004680892414542948;0,007844565633847167
0,048634140280811526;0,025450914258250686;-0,002387719333589944;0,04332366552134226;0,00936602987720514;0,014128752344050977
0,04670492023693944;0,022807683762553883;0,006978310543615196;0,057452417865393235;0,0028089136880129484;-0,01825607668755891
0,044680191419723764;0,021897399887710767;0,009787224231628144;0,039196341177834326;-0,0016867108773879202;-0,019266873065244883
0,04293459502425269;0,023285212727483386;0,008100513354240224;0,019929468112589444;-0,011689750942324495;-0,025531242335966597
0,04158048759804674;0,026240879214369375;-0,003589237588084271;-0,005601774223377154;0,0008410615942924249;-0,008741029503695485
0,04055040070601041;0,02999372442575894;-0,002748175993791846;-0,01434280372707264;-0,001454483913140403;-0,0013109928115184744
0,0393767443104507;0,03352249866821342;-0,004202659906932249;-0,015653796538591114;-0,009955090097849228;-0,008775041065464007
0,038093160875139316;0,036477560761584996;-0,014157750004781477;-0,02442883760405512;0,00019068891862472626;-0,009138164804683324
0,036641471043550644;0,038806470993412924;-0,013967061086156751;-0,033567002408738444;0,0032720048834169457;0,00572753014614924
0,034623471211770715;0,040158227721078646;-0,010695056202739806;-0,027839472262589204;-0,008456460335516502;0,016035007888483443
0,032046788936544515;0,040167304352394836;-0,019151516538256308;-0,011804464374105761;0,014459533017916915;0,005400985418816617
0,029042304413208722;0,039062802093207456;-0,004691983520339393;-0,006403478955289144;0,0008072769187387752;-0,0020004795446403323
0,025271759228342672;0,03748612125905584;-0,003884706601600618;-0,008403958499929476;0,009457701887952474;0,013003693903938407
0,02131353470266305;0,035653301266692666;0,005572995286351856;0,004599735404008931;0,00072743573057929;0,0004955587426401786
0,017199921912919407;0,03348432293433231;0,006300431016931146;0,00509529414664911;-0,0006870178089717072;0,005829126225666337
0,013309228934629835;0,03149933401813231;0,005613413207959439;0,010924420372315446;0,005803320992535416;-0,015976825178650178
0,00967055319701751;0,029718156867798277;0,011416734200494855;-0,0050524048063347315;0,0017722068635434574;-0,011771887648224011
0,0062564139877235615;0,02837395653235686;0,013188941064038312;-0,016824292454558742;-0,0031498554568362425;0,010559930349440583
0,0032989441464494076;0,026827660004662055;0,01003908560720207;-0,00626436210511816;0,008744628458982051;0,006842944786863925
0,0008690319477367859;0,024608391778784898;0,01878371406618412;0,0005785826817457651;-0,002637204102587762;0,008946436497946464
-0,001159316826687753;0,022138549068703016;0,01614650996359636;0,009525019179692229;0,009509116979364685;-0,004302602611403139
-0,002436317038464927;0,019691849665890965;0,025655626942961043;0,00522241656828909;0,0023170416848046424;0,005221002202130454
-0,0030674568516982463;0,0176261510302666;0,027972668627765686;0,010443418770419544;-0,006204838677013283;0,021702177609222995
-0,0026723715872131243;0,015769349057373802;0,021767829950752403;0,03214559637964254;-0,007004532945288626;0,00969470887762891
-0,0011583795776173747;0,014330283835297785;0,014763297005463777;0,04184030525727145;-0,00864311404339993;-0,04302472741107766
0,001226325630008471;0,01417704246840747;0,006120182962063847;-0,0011844221538062083;0,0057025953116708605;-0,015106669994077115
0,004201562717852868;0,015697413311808014;0,011822778273734708;-0,016291092147883324;-0,017973846511574604;0,003367734337391237
0,007421607124179819;0,017170407269056307;-0,006151068237839896;-0,012923357810492087;-0,003785656835944229;0,010229849704107286
0,011114562661456157;0,01799175754038927;-0,009936725073784125;-0,002693508106384801;-0,002204054386846732;-0,00171073810846456
0,0145614754692189;0,018296173499302546;-0,012140779460630857;-0,004404246214849361;-0,0031341086821271014;-0,018174011764109266
0,01761091927403028;0,01849284913396043;-0,015274888142757959;-0,022578257978958627;-0,0023546896786898475;-0,0018213472471466097
0,020174731900416423;0,018513354920024344;-0,017629577821447806;-0,024399605226105237;0,006420509645586159;0,020402299265699197
0,022127549001092248;0,01763073038692991;-0,011209068175861647;-0,003997305960406039;0,010217650096318809;-0,004834170835928409
0,023375182988910163;0,015772121644791266;-0,0009914180795428384;-0,008831476796334448;-0,0059822881375239945;0,00859112804739301
0,024174454249693608;0,013753620664236382;-0,006973706217066833;-0,00024034874894143798;-0,001264580921838232;-0,013641365829106827
0,024934068787295344;0,011381860611828118;-0,008238287138905065;-0,013881714578048265;0,006029233634928355;0,007267881218364164
0,025414735076214404;0,009000486609462198;-0,00220905350397671;-0,0066138333596841015;0,0014622647553350632;0,027882442321220696
0,02556586987957726;0,006063844023974347;-0,0007467887486416469;0,021268608961536595;-0,0028399495483243387;0,0076650993494956216
0,02562864254278105;0,0028626481040991327;-0,0035867382969659856;0,028933708311032216;-0,001933921440479991;-0,011327695577735351
0,025661543656039173;0,0005121965426853814;-0,0055206597374459765;0,017606012733296865;0,010606207833386172;-0,01996389691863337
0,025550975237418658;-0,0006809066862870812;0,0050855480959401955;-0,002357884185336504;0,0011906895630977576;0,004146823458163203
0,025219580429300305;-0,001169769405927669;0,006276237659037953;0,0017889392728266985;-0,006351332104008511;0,0038920264001430817
0,025091607545019556;-0,001752947492981717;-7,509444497055817e-05;0,00568096567296978;0,005892516944840942;-0,018720422347615583
0,025214684167100328;-0,002264568009122697;0,005817422499870384;-0,013039456674645802;0,006705526065288181;-0,019454302574517662
0,025334757011382276;-0,0025489498983448863;0,012522948565158565;-0,032493759249163465;-0,004514145749906162;0,01788269546614432
0,02568752675565904;-0,0033549100545529073;0,008008802815252403;-0,014611063783019143;-0,00562184788207587;0,022900704075953696
0,02654121444254215;-0,005460620580727467;0,0023869549331765327;0,008289640292934553;-0,009058383212670162;-0,005888902119977502
0,027715254242035352;-0,008150773658222792;-0,00667142827949363;0,002400738172957051;0,006521028671052531;-0,001054170606864191
0,028984772238855615;-0,010509341124000735;-0,00015039960844109856;0,00134656756609286;-0,004126506565825583;0,02730408432236142
0,029987433104496135;-0,012771879062860397;-0,004276906174266681;0,02865065188845428;0,006437565159933212;0,006836545530588323
0,03098407798579901;-0,014980554299076344;0,0021606589856665304;0,035487197419042604;-0,003372809357431339;-0,009456175211816575
0,031809646620131214;-0,01604320345975412;-0,0012121503717648086;0,02603102220722603;0,0006121571421900951;-0,01463987604237088
0,03272164161389009;-0,01568636472367019;-0,0005999932295747135;0,011391146164855148;0,001960560072433948;0,009165457674153998
0,03358515059277836;-0,014288285099297221;0,0013605668428592343;0,020556603839009147;-0,001777881118287472;-0,01762832558741531
0,03442465984248365;-0,012434559628330044;-0,00041731427542823774;0,0029282782515938355;0,010217459081788616;-0,023376625411511018
0,03531859176590331;-0,009758570003802503;0,009800144806360378;-0,020448347159917182;-0,007460316704492653;0,0049276284918569335
0,036195831118305835;-0,0069654492492112075;0,0023398281018677247;-0,015520718668060249;-0,007001333718901659;0,010238127008037001
0,037465076262962776;-0,0049902623810166;-0,004661505617033934;-0,0052825916600232475;0,0070791445243096884;-0,0004904892645606132
0,03882791453169443;-0,003635904259544402;0,0024176389072757543;-0,005773080924583861;0,00013915106552386813;0,004772965964303735
0,040004292575744727;-0,002492849804473134;0,0025567899727996224;-0,0010001149602801261;0,010145524456363297;0,004623909428470234
0,041277376176086046;-0,0015807185863852206;0,01270231442916292;0,003623794468190108;-0,005935312130137982;0,00492623520253822
0,04265273137533936;-0,000708591966708512;0,006767002299024938;0,008550029670728328;-0,0007112503809667547;-0,013557298835316242
0,044536179151759184;0,0003084864316958006;0,006055751918058183;-0,0050072691645879144;;
0,04669030702014001;0,0016675660169292465;;;;
0,049086664965243165;0,002826354835579176;;;;
