x;y;acc_x;acc_y;jerk_x;jerk_y
-0,0014151804719763224;0,0017513056294093051;0,0014444532968486412;0,0005099316125355066;-0,002399452634211277;-0,00256996898365823
-0,0014761698977341043;0,002173881101764842;-0,0009549993373626359;-0,0020600373711227235;0,0004814571440867402;-0,0012069493233625925
-0,0014793811916179404;0,0026168538386217993;-0,0004735421932758957;-0,003266986694485316;-0,0005601996881832924;0,0006484337693665465
-0,0015207924589962817;0,002977425080633848;-0,001033741881459188;-0,0026185529251187695;-0,0017021063938196176;0,001056633685160152
-0,0015811454141056592;0,003207316854866483;-0,0027358482752788058;-0,0015619192399586174;0,0015861602865745866;0,0014966591471265722
-0,001682848044473404;0,003332466512094368;-0,0011496879887042191;-6,526009283204515e-05;-0,0009002276084269858;-2,2714648935176496e-05
-0,001893984605852301;0,003395139399723908;-0,002049915597131205;-8,797474176722164e-05;0,0015989847038486646;0,00041296062876128303
-0,002151108686779367;0,003455201883640167;-0,0004509308932825404;0,0003249858869940614;0,00047840339606983195;-0,00012023009573775001
-0,002490229391591681;0,003511745377885736;2,7472502787291575e-05;0,00020475579125631138;0,0005574056773002892;-0,0006753465759276739
-0,0028473873321352965;0,0035812883076110683;0,0005848781800875807;-0,0004705907846713625;0,0022338004861170296;-0,0013277580855743376
-0,0032034463725674205;0,0036590214689866526;0,0028186786662046104;-0,0017983488702457001;0,0010611944509316684;0,0002795387947161221
-0,0035361102857960416;0,0037179309989753824;0,003879873117136279;-0,001518810075529578;-0,001937452225797831;-0,0013332315283003382
-0,003756027052376478;0,003704906574154284;0,0019424208913384478;-0,0028520416038299162;-0,0005845126197620842;0,0007131335103157666
-0,003820748894271463;0,003631129746312003;0,0013579082715763635;-0,0021389080935141497;-0,0003937578008525455;0,001247727887127445
-0,0038077739005129103;0,0034432712543165252;0,000964150470723818;-0,0008911802063867047;1,687582996552639e-05;-0,002310805488881705
-0,0037404825758913032;0,0031698564385804814;0,0009810263006893444;-0,0032019856952684098;-0,0024168393678607875;0,0005152642833731388
-0,003634625232440743;0,002860794414588969;-0,001435813067171443;-0,002686721411895271;0,0017663947163054222;-0,00014098984623791416
-0,003489526836962609;0,0024236529627867207;0,00033058164913397914;-0,002827711258133185;-0,00045471766664420543;0,0006407316856816836
-0,0034018609641713335;0,0018790426545086613;-0,0001241360175102263;-0,0021869795724515015;-0,0005336924713250646;0,002641318256736882
-0,003300971825414698;0,0012213238959052747;-0,0006578284888352909;0,0004543386842853804;4,0357719526790126e-05;-0,001078541957624142
-0,003205048127358472;0,00047612595440382787;-0,0006174707693085008;-0,0006242032733387616;0,00011465195868652633;0,0017443586802100355
-0,0031354375688556575;-0,00025089843972620363;-0,0005028188106219744;0,001120155406871274;0,00021467900824788388;0,001503479967392557
-0,0030905258411251827;-0,0010028909647897856;-0,00028813980237409054;0,002623635374263831;-0,0016453134005366826;-0,00012159037720068863
-0,0030657268658195874;-0,0017100772735785168;-0,0019334532029107732;0,0025020449970631423;0,003175332489725083;0,0010248983795476535
-0,0030524534826089555;-0,0023123181673966944;0,0012418792868143097;0,0035269433766107958;-0,00040683156410772914;-0,0022398734179130755
-0,003116518227514755;-0,0028144772613323465;0,0008350477227065806;0,0012870699586977202;0,0014576965497242883;-0,0007387952792826807
-0,003130907800947981;-0,003175558620203567;0,002292744272430869;0,0005482746794150395;-0,0007454595293786559;-9,907764342260983e-05
-0,003111895465472945;-0,0034851571807268784;0,001547284743052213;0,00044919703599242966;-0,00025157601319997225;-0,00012768311907303265
-0,0030011733591006735;-0,0037728247540735884;0,0012957087298522407;0,000321513916919397;0,001475248361337174;-0,0011356656203770077
-0,0028285598630063136;-0,004042524445980601;0,0027709570911894146;-0,0008141517034576107;-0,0022880567380383146;-0,00024467199729667766
-0,0026041180177178644;-0,004299363581210838;0,0004829003531511;-0,0010588237007542883;0,0025437720482810178;0,0011151239900638182
-0,002268837888781838;-0,004588768784579379;0,003026672401432118;5,6300289309529905e-05;-0,0004010640935915577;0,001920677339740759
-0,001914241745719768;-0,004920526935978092;0,00262560830784056;0,001976977629050289;-0,001787668014821206;-0,0008298422802754807
-0,0014385787066004134;-0,005250033075804423;0,0008379402930193541;0,0011471353487748082;0,00041411395801038003;-0,0004400886926835823
-0,0008578913351674361;-0,005500460110468743;0,0012520542510297342;0,0007070466560912259;-0,0003401712509194764;-0,0008882033504817588
-0,00024368635201368481;-0,005705001731182071;0,0009118830001102578;-0,00018115669439053295;-0,0010731804440274224;-0,001140724830422185
0,0004206008011812559;-0,00588126148565175;-0,00016129744391716466;-0,001321881524812718;-0,0011881039265045044;-0,0004720262393476671
0,001121363274380607;-0,0060647675078970495;-0,001349401370421669;-0,0017939077641603851;-0,0016891107104341253;0,0015007083612578465
0,0018156738498232713;-0,0063011487911348585;-0,0030385120808557944;-0,00029319940290253865;-0,0012157206836521661;0,0012318378727138313
0,002456008370449069;-0,006609286384939083;-0,0042542327645079606;0,0009386384698112926;0,0025655581032594174;-0,0009404795459297399
0,002974802407840635;-0,006929151954859408;-0,0016886746612485432;-1,8410761184473046e-06;-0,001501672827108183;0,0016958291808634451
0,0033234271346518824;-0,007211471985987282;-0,003190347488356726;0,0016939881047449978;0,0010193518369560478;0,002772084150037296
0,003604504875013188;-0,007493865660159894;-0,0021709956514006784;0,004466072254782294;-0,001384804627374281;-0,0007996964249434024
0,0037579687158402248;-0,007708499810142706;-0,0035558002787749593;0,0036663758298388915;0,002535802910797552;-9,736036818183691e-05
0,0038245927306112346;-0,007744491069934227;-0,0010199973679774071;0,0035690154616570546;0,0008962981025177619;-0,003622761317047335
0,0037489847342312456;-0,0076338272965321904;-0,00012369926545964527;-5,374585539028032e-05;-0,0022679806178290546;0,00127382350936886
0,0036325768431321607;-0,007380402904663873;-0,0023916798832887;0,0012200776539785796;0,0024367699332159126;-0,000845330513540854
0,0035112209814146893;-0,0071291283470111665;4,509004992721277e-05;0,0003747471404377256;-0,00016836322956612082;-9,170379134751383e-05
0,003294197924365671;-0,006829050683199317;-0,00012327317963890805;0,0002830433490902118;0,0005660709888835602;-0,0004995427312033673
0,0030789784693137402;-0,006513983133769958;0,0004427978092446522;-0,00021649938211315556;-0,0009179102811959494;0,0007562061625358552
0,002858828087076253;-0,006187593850376991;-0,00047511247195129724;0,0005397067804226996;-0,0008719224956705782;-0,0004923063190804267
0,002656389617208553;-0,00586986454226855;-0,0013470349676218754;4,740046134227294e-05;0,0012977944640970226;0,0016253316899285386
0,0024349466484628003;-0,005530546962943202;-4,924050352485276e-05;0,0016727321512708115;0,0010330377240382882;0,001143339295843468
0,0021596222810121727;-0,005189333365164162;0,0009837972205134354;0,0028160714471142795;-0,0002734291788311846;-0,004178366745566223
0,001882328293420551;-0,004781210481334289;0,0007103680416822508;-0,0013622952984519432;-0,0016484742283469876;0,0006939471982407575
0,0016443861946494668;-0,004260444739619846;-0,0009381061866647368;-0,0006683481002111857;0,0006238304120049498;-0,0027608725492999503
0,0014348588175456724;-0,00379417080984348;-0,000314275774659787;-0,003429220649511136;9,951222355853925e-05;0,0014638477547253975
0,0011878071929752889;-0,003354630804075562;-0,00021476355110124773;-0,0019653728947857385;0,000333871635155655;0,001485991879611015
0,0009281845374185136;-0,003052259624288089;0,00011910808405440725;-0,00047938101517472353;-0,001242934663708591;-0,002113786701257933
0,0006599713398176886;-0,0028285033602920458;-0,0011238265796541837;-0,0025931677164326566;-0,0016519941343257696;0,0009748289341269395
0,0003965224655790398;-0,002623922336902991;-0,0027758207139799533;-0,0016183387823057171;0,0038146996202652293;0,0002824602812093596
8,812052815422371e-05;-0,0025230680221712434;0,001038878906285276;-0,0013358785010963575;-0,0011836133308808418;-4,970213168743742e-05
-0,00033131423782979056;-0,0024869472587317237;-0,00014473442459556583;-0,001385580632783795;0,0018086182744368792;0,002305759678079139
-0,0007091938475623937;-0,0025042616353360588;0,0016638838498413133;0,000920179045295344;0,0007178621288715312;-0,0013367247879366995
-0,0010928628342788196;-0,002576999237251745;0,0023817459787128445;-0,00041654574264135547;-0,0011235446387633241;-0,0023399467106956506
-0,001409976467001593;-0,002612929677355618;0,0012582013399495204;-0,002756492453337006;0,0004971895867672549;0,002239880406829875
-0,0016318202605758525;-0,0026655219471651455;0,0017553909267167753;-0,0005166120465071311;2,645508136586705e-05;0,0015585340862082075
-0,0018033360005521313;-0,002828373915108153;0,0017818460080826423;0,0010419220397010764;0,000453336062647719;0,0014832192868235033
-0,001904636103459739;-0,0030118903649114454;0,0022351820707303613;0,00252514132652458;-0,0007958840748503032;-0,0007042027712655663
-0,001934662366044041;-0,003153729933126695;0,001439297995880058;0,0018209385552590135;-0,0031374705099906294;-0,0033962374238839382
-0,0018752813457991286;-0,003194563848280961;-0,0016981725141105714;-0,0015752988686249247;0,0028476476189670877;-5,920424168458227e-05
-0,001758328405719014;-0,003162560221224867;0,0011494751048565163;-0,001634503110309507;-7,575671424960712e-05;-0,0004698620342126897
-0,001709302366203322;-0,0031935685489137703;0,0010737183906069092;-0,0021043651445221967;-0,0016058244648901668;-0,0006628484400605233
-0,0016142973224933695;-0,003289957001015053;-0,0005321060742832576;-0,00276721358458272;0,0013736117537866861;0,001033945333285352
-0,0014763435431591405;-0,0034705200588972243;0,0008415056795034286;-0,001733268251297368;0,0003337964048266348;-0,0013433098777938385
-0,0013596740067962417;-0,003761771660162704;0,0011753020843300634;-0,0030765781290912064;8,1237919362636e-05;0,0018787703308869724
-0,001209344243253206;-0,004122353991480078;0,0012565400036926994;-0,001197807798204234;-0,000980475043079335;0,0031577819257577605
-0,0010120023963369677;-0,004605999447961101;0,00027606496061336437;0,0019599741275535265;-0,0009145547928142142;0,0008230825590897495
-0,0007643989492730215;-0,005137557216370293;-0,0006384898322008498;0,002783056686643276;0,002339320067403155;-0,000668060079991456
-0,0005057529037845406;-0,005590716019677344;0,001700830235202305;0,00211499660665182;-0,0034078119430715143;-0,0015579407152903346
-0,0002726464515840938;-0,005932552555518664;-0,0017069817078692092;0,0005570558913614854;-0,0014137422520099042;-0,0012697737196272763
2,8493210024445304e-05;-0,006189789227093912;-0,0031207239598791134;-0,0007127178282657909;0,001981639902023647;-6,092208180627501e-05
0,000261353603318216;-0,0064247436630147;-0,0011390840578554664;-0,0007736399100720659;0,0011118758343242859;0,0014349093572320615
0,00036938503821682214;-0,006688206812066119;-2,7208223531180464e-05;0,0006612694471599956;-0,00030085064990953425;0,0005845168522402855
0,0004318531108012096;-0,006982615557520421;-0,0003280588734407147;0,001245786299400281;0,0005466021405994542;0,0017577766964654018
0,0004932328544443499;-0,007250573525088323;0,00021854326715873944;0,003003562995865683;0,0005679190111553926;0,00026116070696555194
0,0005414902431498616;-0,007468700040680214;0,0007864622783141321;0,003264723702831235;0,0012291223432858937;-0,0009323659344674384
0,0005984893625417229;-0,007566684036437478;0,0020155846216000257;0,0023323577683637964;0,0008430408655063643;0,002168448946654078
0,0006869469730661495;-0,007534079084081493;0,00285862548710639;0,004500806715017874;-0,0020971052455258515;-0,0013545357893795518
0,000856027968454577;-0,007408179820990955;0,0007615202415805385;0,0031462709256383226;0,0005042341062073442;-0,002344949090285181
0,0011394539833272602;-0,007102248289299702;0,0012657543477878827;0,0008013218353531415;-0,0007892523813770799;-0,001932766335602798
0,0014533408078631648;-0,006670465920582917;0,0004765019664108028;-0,0011314445002496565;-0,0006007601630455828;0,0006844329915894343
0,001817857806310585;-0,006206630678452005;-0,00012425819663478;-0,0004470115086602222;-0,00020178280218692557;0,0006075055348649661
0,002201434883414437;-0,00578805321633108;-0,00032604099882170556;0,00016049402620474384;-0,002135403479100212;-0,0009589317546762621
0,0025800416326528983;-0,005387356214556565;-0,0024614444779219175;-0,0007984377284715183;0,0002461273318598023;-0,0009875848346124483
0,0029456067419384906;-0,004980239451733859;-0,002215317146062115;-0,0017860225630839666;0,0007260375953458548;-0,0006903993859028457
0,0032127140721072067;-0,004605060198050014;-0,0014892795507162604;-0,0024764219489868122;-0,0004048032888593206;-0,00013219558860934344
0,0033912087164334383;-0,004301321846889528;-0,001894082839575581;-0,0026086175375961557;-0,00013726062352713286;0,00010637522400201715
0,003510132178731019;-0,004096640373688514;-0,002031343463102714;-0,0025022423135941385;0,0015612923417483299;-0,0008694208479670812
0,0035532923274455767;-0,003996303601991346;-0,000470051121354384;-0,0033716631615612197;0,0005838612753175931;-0,0004836263981349148
0,0035151987376360262;-0,003996056522837944;0,00011381015396320915;-0,0038552895596961345;0,0008101267173554055;0,0008016167964500359
0,0034583031029722998;-0,004130675970146991;0,0009239368713186147;-0,0030536727632460986;-0,0020083770527607736;0,0027809704422986775
0,003405959874467102;-0,004419506999843883;-0,001084440181442159;-0,0002727023209474211;-0,00034428392291585563;0,0015787095339070828
0,003390574120814649;-0,004830484940070619;-0,0014287241043580146;0,0013060072129596617;0,0012856284279929159;-0,0005990977669079051
0,0033318107599045093;-0,005252370973135252;-0,00014309567636509868;0,0007069094460517567;-0,002790707168695117;-0,0008241885216794809
0,0032158984348200493;-0,005622016717681499;-0,0029338028450602155;-0,00011727907562772422;0,0013628067928481008;0,0001525866287758748
0,003094262282680985;-0,005963386084385675;-0,0015709960522121147;3,5307553148150594e-05;0,00024352949256985224;0,001612715197018999
0,002855274016739512;-0,00630944661411496;-0,0013274665596422625;0,0016480227501671496;0,002242090277505271;-0,0009858625670679522
0,002553445908709555;-0,0066540948417183185;0,0009146237178630084;0,0006621601830991974;0,0007055374489822949;-0,002203186429152515
0,0021985191382939075;-0,006932822159314992;0,0016201611668453034;-0,0015410262460533175;-0,00030000573082028525;0,0028005284388847307
0,0018801773165927798;-0,007185063069587697;0,0013201554360250181;0,0012595021928314132;0,0010011326220917133;0,0029447344099385875
0,0016266419415654646;-0,0074989450297025355;0,0023212880581167314;0,004204236602770001;-0,0005559376366578161;-0,001294723472122311
0,00142591278397915;-0,007762446902104116;0,0017653504214589152;0,0029095131306476896;-0,00021240681320273957;-0,0002588632721382822
0,0013180351487175046;-0,007857779310394898;0,0015529436082561757;0,0026506498585094074;-0,00108962562515965;-0,0007731901000682107
0,001280771530314216;-0,007836731193459772;0,0004633179830965256;0,0018774597584411967;-3,845890313330935e-05;0,00028811289087571357
0,0013056256562411742;-0,00770965708218427;0,00042485907996321626;0,0021655726493169103;-0,0005712903570280758;-0,0032415822268113126
0,0013490125014919935;-0,007507484580571119;-0,0001464312770648596;-0,0010760095774944023;0,0008448033109221195;-0,0009940835842202622
0,0014093937099413415;-0,007218689172985292;0,0006983720338572599;-0,0020700931617146645;0,00038229473172986944;0,0005873256654995163
0,0014639176673080952;-0,006972934148499242;0,0010806667655871294;-0,0014827674962151483;-0,0005471091473022577;0,001507156443975588
0,001546376506029139;-0,006809982850481777;0,0005335576182848717;2,438894776043976e-05;0,00011252651788985768;-0,0006751183745520029
0,0016720620153736683;-0,006706342252312919;0,0006460841361747294;-0,0006507294267915631;-0,0013651248385632073;6,256965412346216e-05
0,0018190898294495922;-0,006601726096233643;-0,0007190407023884779;-0,0005881597726681009;0,0023815372896219544;0,0016106953313551886
0,0019919610089725055;-0,00652313911722603;0,0016624965872334765;0,0010225355586870877;-0,0015547538107188175;0,001820718380951658
0,0021360705603998796;-0,006468078529125141;0,00010774277651465908;0,0028432539396387457;-0,001157325769619258;-0,0007736309786902373
0,0023466799753165926;-0,006372116518676768;-0,0010495829931045988;0,0020696229609485084;0,0001766335849505904;-0,0008813306784766495
0,0025615991012938925;-0,006162424350642845;-0,0008729494081540085;0,001188292282471859;0,0006564351418231612;-0,0007070408019715368
0,002734534907547008;-0,005869947264170983;-0,00021651426633084725;0,00048125148050032207;-0,003018889601758404;-0,00048783579572415914
0,002872552737473963;-0,0055299384864002455;-0,003235403868089251;-6,584315223837067e-06;0,0008330383909552486;0,0006355104750450508
0,0030019099967476845;-0,005170679649409495;-0,0024023654771340025;0,0006289261598212137;-0,00032174958090629147;-0,0014269950492537264
0,0030018511012978354;-0,004811684185027699;-0,002724115058040294;-0,0007980688894325128;0,000462938154248603;-0,0015916578608840687
0,002905697586762627;-0,004427531674253054;-0,002261176903791691;-0,0023897267503165814;0,0011227490874048396;0,00020593079234548783
0,0027005794699058064;-0,004075301919055709;-0,0011384278163868514;-0,0021837959579710936;0,0009673762212352582;0,0016991168060224437
0,002405014276897318;-0,0038186612338710272;-0,00017105159515159313;-0,00048467915194864986;0,0002971700368799221;-0,0009793240040515544
0,0020639119712333558;-0,0036493723870051897;0,00012611844172832898;-0,0014640031560002043;0,0010595135894684964;0,00032493108641171164
0,0017159676017633296;-0,003499470706217298;0,0011856320311968253;-0,0011390720695884926;-0,001383469803621768;-0,0016204307019993813
0,0013730679699624367;-0,0034081291516694146;-0,00019783777242494277;-0,002759502771587874;0,0025108503686301128;0,002167772464732848
0,001077593619409417;-0,0033623504799050706;0,00231301259620517;-0,0005917303068550261;-0,000998164819307961;0,0007129305457206359
0,0007742057579593995;-0,0034269519190042418;0,001314847776897209;0,00012120023886560971;-0,0013859741416120015;0,0007201511111246672
0,0005633384003575887;-0,003515222570377614;-7,112636471479257e-05;0,0008413513499902769;0,0032591516719802805;-0,002895143758571306
0,00040506495383166633;-0,003598645212196362;0,003188025307265488;-0,002053792408581029;0,0011215649165046467;0,0029004903046132985
0,00024394645271715227;-0,003648413800015499;0,004309590223770135;0,0008466978960322696;-0,001682997108806844;0,0003147348963652985
0,0002103489638932577;-0,0037803340841778767;0,0026265931149632906;0,0011614327923975681;0,0003432434999226658;0,002872103823629721
0,0003491350840201686;-0,003878386452498964;0,0029698366148859564;0,004033536616027289;-0,0015439561319705777;-0,002248074649571899
0,000592984928745611;-0,003929981509124148;0,0014258804829153787;0,00178546196645539;-0,0006773715601483647;-0,00017224744852095686
0,0009556282380664917;-0,0038202351011082407;0,000748508922767014;0,0016132145179344332;0,00045307207939163444;0,002881111747721085
0,0013753067667039876;-0,0036390702144341184;0,0012015810021586484;0,004494326265655518;-0,004395809671128896;-0,004393053269664937
0,001824925652252164;-0,003393376747042618;-0,0031942286689702476;0,00010127299599058115;0,002117456810718725;7,049577868383644e-05
0,0023226077778866865;-0,0029679102290248974;-0,0010767718582515226;0,0001717687746744176;-0,002044159322284682;-0,002889160722201578
0,0026925207567623987;-0,002538392791167553;-0,0031209311805362044;-0,0027173919475271605;0,0018680622047611284;0,0012068622759531938
0,0030193628613080503;-0,0021020046023232323;-0,001252868975775076;-0,0015105296715739666;-0,00025476749931595266;-1,980286431345346e-05
0,0032213677186322537;-0,0017743120913799979;-0,0015076364750910287;-0,00153033253588742;-0,0008022468247099318;0,00020978905748142776
0,003373257816925454;-0,001507040767299722;-0,0023098832998009605;-0,0013205434784059923;0,0009063840721791061;-0,000646799146729507
0,0034648424562150133;-0,0013009827446549434;-0,0014034992276218544;-0,0019673426251354993;-0,0004234389423598689;0,002045305703610136
0,0034640317635125342;-0,001147746461146404;-0,0018269381699817233;7,796307847463685e-05;0,001184275552056746;0,0003002623052715918
0,0034070811017051805;-0,0010732038826432849;-0,0006426626179249773;0,00037822538374622863;-0,0007038470432208649;0,0008169440894715586
0,0032770529130985585;-0,00099554278100118;-0,0013465096611458421;0,0011951694732177873;-0,00010593037175536668;0,00012608537084107113
0,003121318219774937;-0,0009027526640092262;-0,0014524400329012088;0,0013212548440588584;0,0009592596721829036;-0,0003543464039224217
0,0029117231400054818;-0,0007621557680885609;-0,0004931803607183052;0,0009669084401364367;6,50740443370254e-05;0,0013129234515558575
0,0026440304589199783;-0,0005687086784055412;-0,00042810631638127983;0,002279831891692294;0,0012856108716051626;-0,0020408898918323586
0,0023566105634057425;-0,000336585251117064;0,0008575045552238827;0,00023894199985993562;-0,00037601360126738453;3,1840967728517106e-05
0,0020520664152362555;-1,326854816089513e-05;0,0004814909539564982;0,00027078296758845273;0,0010595078523578869;-0,0019633663756043855
0,001781822449275724;0,00031960583478967124;0,001540998806314385;-0,0016925834080159328;0,0001464015858836723;0,0009239099429609165
0,0015308381214734525;0,0006633115364437757;0,0016874003921980574;-0,0007686734650550163;-0,0037229254243842276;-0,000955445484038319
0,0013414937459237562;0,0009393139017772428;-0,0020355250321861702;-0,0017241189490933354;0,003654341949445833;0,0015295560102052616
0,0012196453860619822;0,0011845693285085094;0,0016188169172596627;-0,00019456293888807374;-0,0005641717109386504;0,0018916250261255402
0,0010163760249127613;0,0013608599972760424;0,0010546452063210122;0,0016970620872374664;0,0017786287388702644;-0,0010682958463941392
0,0008778593404539271;0,0015293681484880525;0,0028332739451912767;0,0006287662408433273;-0,002302976904377526;-0,0015737899553169496
0,0007815284642479334;0,0017657587831895615;0,0005302970408137507;-0,0009450237144736223;0,001418093328964854;-0,0029393653075865875
0,0007985285458495907;0,002027300067524803;0,0019483903697786048;-0,00388438902206021;0,0012011229160469386;-0,0003107808437621887
0,000836740509083798;0,0022510404032811;0,0031495132858255434;-0,0041951698658223985;-0,0012686254491942085;0,0010300792815925233
0,0009528880871091496;0,0023194051781549887;0,0018808878366313349;-0,003165090584229875;-0,0023323649617988454;-0,0015942140777635908
0,0011950161965675228;0,0022199631583959814;-0,0004514771251675105;-0,004759304661993466;-0,0015237578776744441;0,0026305483502228402
0,0015123798194911495;0,001993917515267779;-0,0019752350028419546;-0,0021287563117706257;-0,0004494143113985341;0,001123422459057716
0,0018116843574080758;0,0015774996856598382;-0,0024246493142404887;-0,0010053338527129096;0,0013301110537620314;0,004196729509246195
0,002031979495211324;0,001075931603581072;-0,0010945382604784573;0,0031913956565332857;-0,0008075180020493539;-0,0002909238993496254
0,002155288660444952;0,0005341501673937896;-0,0019020562625278112;0,0029004717571836603;-0,0011209015222621438;-0,0013869711022896523
0,0022348162952594425;0,00012002455746783867;-0,003022957784789955;0,001513500654894008;0,0011767532794138974;0,00013817499251739165
0,0022382616795728204;-0,00017808218217076592;-0,0018462045053760576;0,0016516756474113997;0,0013941415362196397;-0,000585878939227469
0,0021207887524946;-0,00041564889561361015;-0,0004520629691564179;0,0010657967081839307;0,00010833526416217931;0,0013988876879235841
0,001929467645201337;-0,0005871485831599984;-0,0003437277049942386;0,002464684396107515;-0,00015814378217043207;-0,002153993878552524
0,0017200640191418178;-0,0007160164023790294;-0,0005018714871646707;0,0003106905175549908;0,001213567154226821;0,000631357571634017
0,0014969112848825287;-0,0007462968457537599;0,0007116956670621503;0,0009420480891890078;0,0005282900163221874;-0,0009340409711272452
0,0012536836911366527;-0,0007641496684262907;0,0012399856833843377;8,007118061762603e-06;-0,00024593233060222;0,0007306130120369701
0,001038923924073263;-0,0007443205675312612;0,0009940533527821177;0,0007386201300987327;0,0012906032531529686;-1,1655500543262393e-05
0,0008737635843452467;-0,0007241711819137612;0,0022846566059350863;0,0007269646295554703;-0,001167984531710367;-0,0012926802839127952
0,0007483653787285151;-0,0006744769910923118;0,0011166720742247192;-0,0005657156543573249;4,0842793795847765e-05;-0,0006148578433763114
0,000714353437349187;-0,0005957042150886437;0,001157514868020567;-0,0011805734977336363;-0,0011976668471560745;-0,0002833133043205049
0,0007250083789388476;-0,0005395600652592685;-4,015197913550747e-05;-0,0014638868020541412;0,0014482509246379859;0,001675006088277975
0,0007819639152493309;-0,0005306388553392388;0,0014080989455024784;0,00021111928622383376;-0,0017971187826357864;0,0010170787758769003
0,0008373133723943939;-0,0005802731175013748;-0,000389019837133308;0,001228198062100734;-0,001115592171260442;0,0005270546614198693
0,000948986787359556;-0,0006214626082145574;-0,00150461200839375;0,0017552527235206034;0,0008424891265550356;-0,0023745082370448603
0,0010450994088393858;-0,0006135241764437106;-0,0006621228818387143;-0,000619255513524257;0,00020912289415573118;0,00011949124538439618
0,0010810275499834657;-0,0005353756357320398;-0,0004529999876829831;-0,0004997642681398608;0,0006365745196015987;-7,263250918058614e-05
0,001090470775853997;-0,0004819973155613391;0,00018357453191861564;-0,0005723967773204469;-0,00030069467557886087;-0,001170095086419574
0,001081794002217209;-0,0004486095661162329;-0,00011712014366024523;-0,001742491863740021;0,0006071666417631835;0,00025466578786452476
0,0010804602098571654;-0,00043811768776394467;0,0004900464981029383;-0,0014878260758754962;0,0011223867155404528;-0,0007683445747064515
0,0010744416117507121;-0,0004973254839612572;0,001612433213643391;-0,0022561706505819477;-0,002525552101899489;0,0022396308042363904
0,0010880248735683764;-0,0006160463231935896;-0,0009131188882560981;-1,6539846345557316e-05;0,0032598441173417037;0,0011615794746077362
0,0011661054639317764;-0,0008250139884491999;0,0023467252290856055;0,0011450396282621789;-0,002869749177467164;0,0011095563503808366
0,0012076612987649323;-0,0010346432475586325;-0,0005230239483815582;0,0022545959786430154;-0,0001414732028374166;0,0009562072683662014
0,0013430861427615125;-0,001198470921537578;-0,0006644971512189748;0,003210803247009217;-0,0005138087369345942;-0,002468967468463111
0,0014575900288228306;-0,0012721147563708028;-0,001178305888153569;0,0007418357785461058;0,0016234381570063225;-0,0012379185584940298
0,0015455140288353894;-0,0012173264613236589;0,0004451322688527534;-0,0004960827799479241;0,00010848034295455472;0,0012019561116585892
0,0015863057933218055;-0,0011328647351346707;0,0005536126118073081;0,0007058733317106651;-0,0023644810741146813;-0,0005570465369467287
0,001644902848562332;-0,0010682463201435997;-0,0018108684623073731;0,00014882679476393643;0,001639212368818567;-0,0007239305133032517
0,0017256444082751504;-0,0009753929718841019;-0,00017165609348880617;-0,0005751037185393153;-0,00012070629231587804;0,0004807456635348012
0,0017339512294956743;-0,0008765865518340467;-0,0002923623858046842;-9,435805500451408e-05;-0,001047678622742465;0,0013540008706737945
0,0017353918069766456;-0,0008007842805255642;-0,0013400410085471492;0,0012596428156692804;-0,0002322065235521309;0,0006700995819381456
0,0017251378890254297;-0,0007287563314172621;-0,0015722475320992801;0,001929742397607426;0,0006143029861420402;-0,001329409726463125
0,0016612823307323276;-0,0006063426696821889;-0,00095794454595724;0,000600332671144301;-0,00024321403334913796;-7,177921569016116e-08
0,0015345368711552545;-0,0004067393120428186;-0,001201158579306378;0,0006002608919286109;-0,0012230014127046045;-0,0005245207979852487
0,001369473629739892;-0,0001831226475576763;-0,0024241599920109824;7,574009394336213e-05;0,0020906386153800756;0,0001772932800653661
0,001156364045152274;6,450445260461048e-05;-0,00033352137663090684;0,00025303337400872823;0,0015323711591387675;-0,0016634226688862462
0,0008462880608842169;0,0003151611565246317;0,0011988497825078607;-0,001410389294877518;-0,0028714914222600224;0,0018053178306927497
0,0005228712215509235;0,0005759391954050021;-0,0016726416397521617;0,0003949285358152317;0,0010121634972199093;0,0005659306130217333
0,0002474083735179445;0,0007803016624902718;-0,0006604781425322524;0,000960859148836965;-4,648761207528239e-05;-0,0006772438061877079
-9,496014010512094e-05;0,0010004612710081506;-0,0007069657546075348;0,00028361534264925714;0,002319533261453021;-0,003592049892709788
-0,0004637477794294765;0,0012590552454795083;0,0016125675068454862;-0,003308434550060531;-0,0005295329290168124;-0,0013845053307098773
-0,0008608140489381334;0,001528993833656836;0,0010830345778286739;-0,004692939880770408;-0,0018744488032238146;0,002309834588368906
-0,001193377618172971;0,0016665950398317426;-0,0007914142253951408;-0,0023831052924015023;0,0017583586897519828;-0,0003485991953974324
-0,0014826198042946616;0,0016164786507758327;0,000966944464356842;-0,0027317044877989347;0,0003964451668766536;-0,0011191033602104307
-0,0018035185594321578;0,001471038050023863;0,0013633896312334956;-0,0038508078480093653;-0,0002064917104919045;0,00041034415321190496
-0,00208573953599538;0,0012163292697599357;0,001156897920741591;-0,0034404636947974604;-0,00022335625048652136;0,0032824108583770772
-0,002313424927309263;0,0008075881755756338;0,0009335416702550697;-0,00015805283642038315;-6,762041749457798e-05;0,0020514187125469496
-0,0024948344017934818;0,0002612285335994336;0,0008659212527604918;0,0018933658761265664;0,001111059224355622;0,0015528538494649496
-0,002638902209467498;-0,000291453221833582;0,0019769804771161137;0,003446219725591516;-0,00010620793903039216;-0,0019440676119194793
-0,0027483331670310946;-0,000768400342221535;0,0018707725380857215;0,0015021521136720367;0,0009604189059156248;0,000590976699924084
-0,0027786849055100467;-0,0011074986735858273;0,0028311914440013464;0,0020931288135961207;-0,002554291081696497;0,0009306881438732942
-0,00273420574246557;-0,001386510920403238;0,0002769003623048494;0,003023816957469415;0,0011402952448773887;-0,0012211464257477073
-0,0025764789216610393;-0,001581798014676804;0,001417195607182238;0,0018026705317217076;0,0006266514591896852;0,0002396249019547686
-0,0024076760863643142;-0,0016561324306515934;0,0020438470663719233;0,002042295433676476;-0,0024961235640051163;-0,0014607477058719287
-0,0021821854267803;-0,0016583600253575145;-0,00045227649763319305;0,0005815477278045475;0,0027959107902729916;0,0011010671849960366
-0,001874940884541409;-0,0015788958027163767;0,0023436342926397985;0,001682614912800584;-0,0025489853089372995;-0,0023057799413721443
-0,0015857874022078455;-0,0014761696709630566;-0,000205351016297501;-0,0006231650285715602;0,0014176864128722239;-0,0004980145454579546
-0,0012028885481686902;-0,0013061389426977136;0,0012123353965747229;-0,0011211795740295148;-0,0018432477410298426;0,0003253401133736407
-0,0008282037347814348;-0,0011610348155752328;-0,0006309123444551198;-0,0007958394606558741;0,0006985676634677866;-0,0008713775080399777
-0,00040502550553119063;-0,0010607778714139325;6,765531901266678e-05;-0,0016672169686958518;-0,0005484213464083277;-0,0003654892136388775
-7,08377005915117e-06;-0,0009923545056788672;-0,0004807660273956609;-0,0020327061823347294;-0,0012144222124241839;-0,00047667964056646167
0,00039356417817339493;-0,000990619818691636;-0,0016951882398198448;-0,002509385822901191;-0,00044459694038142747;0,0025230849752167737
0,0007749814853101146;-0,0010701933789977942;-0,0021397851802012723;1,3699152315582719e-05;0,0006334307245868531;-0,0011654255385102341
0,0010885912628540405;-0,0012501423722199997;-0,0015063544556144191;-0,0011517263861946514;0,00031225978203388086;0,0006855141006591736
0,0013166096331899155;-0,0014295433993495822;-0,0011940946735805383;-0,0004662122855354778;-0,002146069318751387;0,0014360401219495264
0,0014843738253012139;-0,0016550134819269505;-0,003340163992331925;0,0009698278364140486;0,0006138535657676178;0,0018497855700855756
0,0016043742304692903;-0,001899132055925738;-0,0027263104265643073;0,0028196134064996242;0,0018988806059050886;-0,0007370851063198194
0,0015907680759440902;-0,0021044575164679636;-0,0008274298206592187;0,0020825283001798048;-0,00020449637545442642;-0,0022410439786388625
0,0014681095043563176;-0,002196998440750204;-0,0010319261961136451;-0,00015851567845905773;-0,001687674655957129;0,0017854394362782494
0,0013123537399421762;-0,0022062382330252524;-0,002719600852070774;0,0016269237578191917;0,0011437982479929332;0,002389020362111534
0,001115320927683489;-0,0022218186524386634;-0,001575802604077841;0,0040159441199307255;4,65835811140642e-05;-0,0014701352242809038
0,0008095040813419709;-0,0021723221215393064;-0,0015292190229637768;0,0025458088956498218;0,0017680253391501675;-0,0013651269556461398
0,0004406551308373391;-0,0019621878258427204;0,0002388063161863907;0,001180681940003682;-0,003368502939541924;0,0004259443184253947
1,0637419414156264e-05;-0,0016502211743201415;-0,0031296966233555334;0,0016066262584290766;0,001080786222334847;0,001331479627962883
-0,00040982803936157096;-0,0012910272451974153;-0,0020489104010206864;0,0029381058863919597;0,0027893444715433834;-0,0011957500564883754
-0,0009554813630715196;-0,0008675682657375262;0,0007404340705226969;0,0017423558299035843;-0,0004817387388054012;-0,003466258704426753
-0,0015830911028222954;-0,0003265850508219585;0,00025869533171729575;-0,0017239028745231685;0,002036864298655759;-0,0012873519342749828
-0,0021810834797521637;0,0002840923972897524;0,002295559630373055;-0,0030112548087981514;-0,0010581286824277933;-0,000439323111592841
-0,00276872804341334;0,0008258137304205367;0,0012374309479452617;-0,0034505779203909924;0,002644772679850055;0,002256989655367126
-0,003264550221859594;0,0012470848711993948;0,0038822036277953165;-0,0011935882650238663;-8,441548806610577e-05;-0,0013943820930258782
-0,0037108751623880377;0,0015303328951626134;0,0037977881397292107;-0,0025879703580497446;-0,000870951520027613;-0,0008489533173637112
-0,004001911957804668;0,0017658373885248771;0,0029268366197015977;-0,0034369236754134558;0,0004914181748741919;0,0015834048893122107
-0,004141037227632131;0,001897823067565151;0,0034182547945757896;-0,001853518786101245;-0,0013908019603383892;0,0016821728413271078
-0,00416308903267153;0,001892331799588887;0,0020274528342374004;-0,00017134594477413723;-0,0004704202876425201;-0,0002543631443086142
-0,004048410645927897;0,0018126997801685728;0,0015570325465948803;-0,0004257090890827514;-0,0008761457608376932;-0,0008094421089515844
-0,003852634145814768;0,0017262139229572934;0,0006808867857571871;-0,0012351511980343358;-0,00028087276175901843;-0,001307304201707854
-0,003594576343837844;0,001622699702182704;0,00040001402399816866;-0,0025424553997421898;0,0011366793311433782;0,0028632928037765314
-0,003309283070430632;0,001469779433486741;0,0015366933551415468;0,0003208374040343416;-0,0012478507795387409;-0,0008845288804165616
-0,0030079892360634934;0,0012151609488010903;0,00028884257560280596;-0,00056369147638222;-0,0013210126728707486;-0,00021197736734448677
-0,0026452276674906934;0,0009733759602768134;-0,0010321700972679426;-0,0007756688437267067;-0,0007797993357450406;0,001344636204041419
-0,002270912395893781;0,0007090433126972477;-0,0018119694330129832;0,0005689673603147122;0,002965434793049136;-0,0012575240083688068
-0,001937883928187586;0,00041368391136861374;0,001153465360036153;-0,0006885566480540947;-0,0014521381725224602;0,0009954558058227559
-0,0016773342378019105;0,00014108320445256823;-0,0002986728124863072;0,0003068991577686612;-0,0015903058654732037;-0,0016316036841972584
-0,0013706459330147889;-0,00015905976838564105;-0,001888978677959511;-0,0013247045264285972;0,00132205712278392;0,00035992486423438736
-0,0010759045407271195;-0,0004469267749131039;-0,000566921555175591;-0,0009647796621942099;0,0009476006539872461;0,00014240180915294116
-0,0008567222955578306;-0,0007877819624977106;0,0003806790988116551;-0,0008223778530412687;-0,0011306175580357656;0,0006534830655186737
-0,0006602169125955653;-0,0011672283365700858;-0,0007499384592241105;-0,00016889478752259504;-0,0013147647931346243;0,001849724609054481
-0,0004484843656808339;-0,0015795698247641115;-0,002064703252358735;0,001680829821531886;-0,0009914721257305416;0,0004557935071652919
-0,0002667493571350669;-0,0019986671044590412;-0,0030561753780892764;0,002136623328697178;0,0012728387503349063;0,00019588332557024524
-0,00016760247868364924;-0,0023505311912926955;-0,0017833366277543701;0,002332506654267423;-0,0015989030378001689;0,0010304550451575092
-0,00019070261535580267;-0,0026169303449784624;-0,003382239665554539;0,0033629616994249323;0,002052276246274534;-0,00013500987284795207
-0,0002851362171381309;-0,002790029232493533;-0,0013299634192800048;0,00322795182657698;0,0008800929825226525;0,0009232442975033173
-0,0005148594055426407;-0,0028286096520316055;-0,0004498704367573523;0,0041511961240802975;0,0005333826656510176;-0,001612666389645051
-0,0007977811307183507;-0,0027380719985065994;8,35122288936653e-05;0,0025385297344352464;0,00034477837536636344;-0,0034611389667062176
-0,0010986976733643548;-0,002481486500018381;0,00042829060426002874;-0,0009226092322709711;0,0007907132130780814;-0,00047535577807097246
-0,001396273726854612;-0,002123359812152753;0,0012190038173381101;-0,0013979650103419436;-7,172042419262975e-05;-0,0006571815846162787
-0,0016767181561744685;-0,0018021374935779638;0,0011472833931454804;-0,0020551465949582223;-0,001344466318658942;0,0018868312727494674
-0,0019084024328008004;-0,0015368337754168525;-0,00019718292551346162;-0,00016831532220875495;2,156682385739961e-05;-0,0013730428123238207
-0,002094195373701313;-0,0013537359210540698;-0,000175616101656062;-0,0015413581345325757;0,0018315075748970427;-0,001817377111397376
-0,002287875631622364;-0,0011773706795796374;0,0016558914732409807;-0,0033587352459299516;-0,0010669141796342957;0,0033078457986979518
-0,002488580533609658;-0,001062659763486508;0,000588977293606685;-5,088944723199984e-05;7,371163109679002e-05;0,0008933356308072175
-0,002623049776667312;-0,0010822982572305767;0,0006626889247034751;0,0008424461835752177;-0,0012657242418670084;0,0011051489246370581
-0,0027339599279806994;-0,0011039723288639254;-0,0006030353171635333;0,0019475951082122758;0,002040780759028901;-0,0015748314351604759
-0,0028183625223059472;-0,0010919485531542654;0,001437745441865368;0,00037276367305179997;0,0005085009652667227;0,0012687544307438715
-0,0029268865293177364;-0,0010020209731161143;0,0019462464071320906;0,0016415181037956715;-0,0022965056770070658;0,0010992602666421991
-0,002977900718654911;-0,0008971828461558913;-0,00035025926987497513;0,0027407783704378706;0,00044161013566164364;-0,0004491677482240178
-0,002951065051706802;-0,0007266839950438415;9,135086578666851e-05;0,002291610622213853;0,00108761858127146;0,0007831705662392288
-0,002938239755553692;-0,00044655400911427666;0,0011789694470581286;0,0030747811884530817;0,0009892528732340783;-0,0011201930733373382
-0,0029217604247691155;-7,475959829615782e-05;0,002168222320292207;0,0019545881151157435;0,000620457358751339;-0,0023658840993062667
-0,0028581223161022132;0,0004200260600600843;0,002788679679043546;-0,00041129598419052324;-0,0012287499952705824;-0,0005908100850696846
-0,0027077553146236232;0,0009929952430209562;0,0015599296837729634;-0,0010021060692602078;0,00040750410651058805;-0,0016572823123683737
-0,0024458411259832913;0,0015495125866142071;0,0019674337902835515;-0,0026593883816285815;-0,0011114110929441728;0,0008712365428711136
-0,0021215297499920407;0,0020659456874370496;0,0008560226973393786;-0,001788151838757468;0,00015820639331416697;-0,002011095908451041
-0,0017185210223894481;0,002476003252994749;0,0010142290906535456;-0,003799247747208509;-0,0007722332358296724;0,0010251865525220116
-0,0012812713868932805;0,0028145347450021494;0,0002419958548238732;-0,0027740611946864974;-0,0027291574917496387;9,025542543478204e-07
-0,0008034525877709709;0,00300109632712121;-0,0024871616369257655;-0,0027731586404321495;-0,0014518386538328624;0,0018753980914187895
-0,00031595395445570637;0,0030766954614528104;-0,003939000290758628;-0,00089776054901336;0,0010077843142984088;0,0016749024928212203
7,205821338252753e-05;0,003041368250167125;-0,002931215976460219;0,0007771419438078603;-0,0028562112251103765;-4,888917411859095e-05
0,0003025103695904163;0,0029701306169209046;-0,005787427201570596;0,0007282527696892693;0,0026863233653843513;0,0012546721136461741
0,0004157138867398963;0,002929978661426999;-0,0031011038361862444;0,0019829248833354435;-0,0004598534478013061;-0,0010029427871805774
0,0002974203158265525;0,002918956816720664;-0,0035609572839875505;0,000979982096154866;0,0020302992227595983;0,0007592858840442529
5,508259146575883e-05;0,0029872519673477473;-0,0015306580612279522;0,001739267980199119;0,0019500668597627613;-0,0008718416439148363
-0,0003296934242545368;0,0030947464018210246;0,00041940879853480904;0,0008674263362842827;-0,00017336534530941299;-0,0005230933487747752
-0,0007756957624239505;0,003271811555502267;0,00024604345322539606;0,00034433298750950747;0,0025577331433241125;-0,0019491876265458202
-0,0012049217486519719;0,003483573762634881;0,0028037765965495086;-0,0016048546390363128;-0,0017888721897019004;0,001101878355705438
-0,0016243059967509773;0,0037091092892678743;0,0010149044068476082;-0,0005029762833308749;0,0010881015828133195;-0,0009147477018941752
-0,0019315391809880027;0,0038704506303394158;0,0021030059896609277;-0,00141772398522505;-0,00015366473886748583;0,000525628781097201
-0,0021981761889511234;0,004011672920077722;0,0019493412507934418;-0,000892095204127849;-0,0012541577864820241;-0,0002737420970965465
-0,002380692957327807;0,004096186250407027;0,0006951834643114177;-0,0011658373012243956;0,00038705237126011177;0,0012210343938147267
-0,0024852360756727533;0,004145015772571217;0,0010822358355715295;5,519709259033112e-05;0,0012210116558483558;-0,0021781282157767867
-0,0025619718554452425;0,004147211802686432;0,0023032474914198853;-0,0021229311231864556;-0,0003427718278452771;0,000655695380566701
-0,0025954182017948707;0,00415161571650526;0,001960475663574608;-0,0014672357426197546;-0,0005195504360899911;-0,0038596181927789686
-0,0025367346484877033;0,00407110238539663;0,001440925227484617;-0,005326853935398723;-0,00012553962268831154;0,003595657562869739
-0,002399632068637552;0,003931899624583209;0,0013153856047963056;-0,0017311963725289842;-0,0009888533404430397;0,0008190190372956846
-0,002204892479688016;0,0035796227063538393;0,0003265322643532659;-0,0009121773352332996;0,0016378885366388346;0,0005677622182605271
-0,0019575374665466274;0,0031580979332233106;0,0019644208009921005;-0,00034441511697277244;-0,0017678957523885215;0,0014748707360121432
-0,0016971211628311082;0,0027000860666834495;0,00019652504860357897;0,0011304556190393708;0,0009867871076940336;0,00037945135128789054
-0,001358128027075905;0,002228297595464678;0,0011833121562976126;0,0015099069703272613;-0,002659085369476788;0,003105520797681921
-0,0010112738893765588;0,0018017273490074813;-0,0014757732131791754;0,004615427768009182;0,00033963092311222257;-0,0016033978728563249
-0,0006170872654253079;0,0014355533813633747;-0,0011361422900669528;0,0030120298951528575;0,0006551002092553011;-2,8591751355184353e-05
-0,0002819315700012241;0,0012539965244396357;-0,00048104208081165174;0,002983438143797673;-0,0010438540633917106;-0,0011205278216878424
7,778433820181552e-06;0,0011929208633220108;-0,0015248961442033623;0,0018629103221098307;-0,0009312131577944964;-0,0014633089517957464
0,0002782467544091211;0,0012511827279562929;-0,0024561093019978587;0,0003996013703140844;-0,00036242975262799904;-0,0003359536963494711
0,00048771922922992623;0,0013839610054749683;-0,0028185390546258578;6,36476739646133e-05;0,002034607568803167;0,0004762351709825044
0,000598947331970817;0,001532723337806207;-0,000783931485822691;0,0005398828449471177;-0,0013628880896989493;-0,00018072362034922407
0,0005974338725266734;0,0016840315770960301;-0,0021468195755216402;0,0003591592245978936;0,0006651478115406399;-0,0024449461971213296
0,0005645631536496222;0,001856935130183738;-0,0014816717639810004;-0,002085786972523436;0,0016810533822746773;-0,00047181279031090206
0,0004458196517517054;0,002044205052255362;0,00019938161829367688;-0,002557599762834338;-0,0008045406836674528;0,00029326865166187654
0,00026780927929454857;0,002148043495426048;-0,0006051590653737759;-0,0022643311111724615;0,0013628429577131375;0,0011275374377261171
9,77741715691388e-05;0,0021495779480833607;0,0007576838923393616;-0,0011367936734463444;-0,002413287520400739;0,00038222067906958784
-9,646729877122199e-05;0,002060539156293775;-0,0016556036280613775;-0,0007545729943767565;0,003066682588886007;0,0023368903625439544
-0,0002604014134180083;0,0019260286175663355;0,0014110789608246296;0,0015823173681671979;-0,0011174506360873415;-0,002026511746549005
-0,0004905596731872498;0,0017613351590638259;0,00029362832473728805;-0,000444194378381807;-0,0006611458582119565;0,0008514244731986156
-0,000664274774523506;0,001659934395288004;-0,00036751753347466845;0,00040723009481680866;0,0015606446787803548;0,0011265247618915397
-0,0008262447428702708;0,0015407658563769096;0,0011931271453056863;0,0015337548567083484;-0,0012896301744790561;-0,00035241808569645705
-0,0010029154125560222;0,001437886521258488;-9,650302917336984e-05;0,0011813367710118913;0,002755953589322166;-0,0019174407760142037
-0,0011318609964295462;0,0013963573804084;0,002659450560148796;-0,0007361040050023124;-0,0013571507501382862;-0,0015968594429477748
-0,001264666701470005;0,0014020817103987879;0,0013022998100105099;-0,002332963447950087;0,0008031518336518821;0,004308268710486528
-0,0012910943841045119;0,0013783618801890833;0,002105451643662392;0,0019753052625364406;-0,002457891591935015;0,0007164908705059592
-0,0012654300743385985;0,001261323512061375;-0,00035243994827262315;0,0026917961330424;0,0003198047185050505;-0,00042764326305786554
-0,0011555476988261894;0,0012232973544351244;-3,263522976757263e-05;0,0022641528699845342;0,0004658729373636858;-0,0022249790619394624
-0,0010597629212446853;0,00129294304213057;0,00043323770759611316;3,917380804507181e-05;-0,0002507018808440356;0,0008792668990186547
-0,0009652835528538839;0,0014531548446253967;0,00018253582675207755;0,0009184407070637265;-0,0025216341969627014;0,002537137445172394
-0,0008534746761592381;0,0016149335994420264;-0,002339098370210624;0,0034555781522361204;-0,00015132684282842881;-0,0021466888963079245
-0,0007343643663945092;0,001813449982541205;-0,0024904252130390526;0,0013088892559281959;0,0023974695588544967;-0,0012968959552873624
-0,0007088179914382052;0,0021501894917298286;-9,295565418455595e-05;1,1993300640833482e-05;-0,0013597042140133034;-0,0015746895695638446
-0,0007828886250034633;0,00253928457115558;-0,0014526598681978593;-0,0015626962689230112;0,0014200494844158439;0,001697028686067692
-0,0008606774847361037;0,0029288593826069646;-3,261038378201547e-05;0,0001343324171446808;-0,0009743486536807865;0,00015176922952583882
-0,0009965727391966586;0,003255926343301429;-0,001006959037462802;0,0002861016466705196;0,0024281091273064027;-0,0006593017672406887
-0,0011337724090084939;0,0035883666006816806;0,0014211500898436008;-0,00037320012057016905;-0,00041083414167589205;-0,0008799198968239552
-0,0013112504403188414;0,003932250923928753;0,0010103159481677088;-0,0012531200173941243;-7,960830988867906e-05;0,0016326623389368716
-0,0014318824680354448;0,004261207242353018;0,0009307076382790297;0,00037954232154274736;-0,0002976930973417405;-0,0012445611948977559
-0,0015121018578253397;0,004540038760081519;0,0006330145409372892;-0,0008650188733550085;-0,0004396045585675565;-0,001658902900275483
-0,0015550929420840738;0,004834051970671729;0,00019340998236973272;-0,0025239217736304914;0,00038586608159335567;-0,002001054554822204
-0,001572763444705316;0,005093464426327739;0,0005792760639630884;-0,004524976328452696;-0,0010401196964815035;-0,0009395984331722201
-0,001582697548031769;0,0052519200110385305;-0,0004608436325184151;-0,005464574761624916;-0,00035834518008853733;0,0017290783634297813
-0,0015694606087996985;0,005229376542611213;-0,0008191888126069524;-0,0037354963981951345;0,000859567935211393;-0,0005599126324939002
-0,0015746574148683646;0,004988250083718899;4,03791226044406e-05;-0,004295409030689035;0,0007561975991745851;0,0037295238806411557
-0,0016126217734413087;0,00459770376889878;0,0007965767217790257;-0,000565885150047879;-0,0014281106184461517;0,002369862096030087
-0,0016489709671100752;0,004035341092851099;-0,0006315338966671261;0,001803976945982208;-0,00019085965033041608;0,0007182949927893034
-0,0016534570919076808;0,0034503430108015027;-0,0008223935469975421;0,0025222719387715115;0,00036166687838060096;-0,0014559909410976832
-0,0016832045725719714;0,002937504006591195;-0,00046072666861694117;0,0010662809976738283;0,0021927284540888617;-0,002861673043916199
-0,0017458477951161635;0,0025255558799317478;0,0017320017854719205;-0,0017953920462423709;-0,0014298098694855432;-0,0002880840308969526
-0,0018269200844050334;0,002156258993179254;0,0003021919159863773;-0,0020834760771393235;0,00046473112650703696;-0,0003398560792748275
-0,0018387123022750266;0,0017151464245770652;0,0007669230424934143;-0,002423332156414151;-0,000551626876336482;-0,0012368904979462823
-0,0018384168435055645;0,0011906948128893033;0,0002152961661569322;-0,0036602226543604333;-0,00010564094070274893;0,004396069049856356
-0,0018074444630363658;0,0005693099149449755;0,00010965522545418327;0,0007358463954959225;0,0013336173497168896;0,001943431784020934
-0,00176786023592089;-0,00019848388917376964;0,0014432725751710729;0,0026792781795168565;-0,0014272518052740393;-0,00010772051967202975
-0,001723889799787247;-0,0009368438374726778;1,602076989703355e-05;0,0025715576598448267;-0,000684595869777975;0,0009134233482835444
-0,0016221884606467609;-0,0015680326585909119;-0,0006685750998809414;0,003484981008128371;0,001161591065132292;0,002994009766195814
-0,0015198462907103933;-0,002096359173315353;0,0004930159652513505;0,006478990774324185;0,0008181579200092909;0,000890047707363166
-0,0014442471247692633;-0,002485286447714659;0,0013111738852606414;0,007369038481687351;0,001932742155436401;-0,0021526301993571306
-0,0013489273202180797;-0,0026150540911409974;0,0032439160406970424;0,0052164082823302205;-0,0031608618836198414;-0,0014306056277045287
-0,00120116056025647;-0,0024500601952998423;8,305415707720101e-05;0,0037858026546256918;5,32064048069901e-05;0,0013248431714472236
-0,0009236371586669789;-0,002076409968165478;0,0001362605618841911;0,005110645826072915;0,0021957886468399346;-0,00020507029480942504
-0,0006427915907943997;-0,0015513276348460862;0,0023320492087241258;0,00490557553126349;-0,002217968018940227;-0,004327871024224047
-0,00035649560044645283;-0,0008218194684837776;0,00011408118978389892;0,0005777045070394435;-0,0015238544097135476;-0,0027057732611912196
2,3082358250459036e-05;0,00010391171912907046;-0,0014097732199296487;-0,002128068754151776;0,001042182694270451;-0,0015613277750080624
0,0004072235645387269;0,0010527510870234963;-0,0003675905256591977;-0,0036893965291598385;-0,0001601803702233895;-0,002059620502751887
0,0007349738420298088;0,001916467704751851;-0,0005277708958825872;-0,005749017031911725;-0,0013332721841805388;0,0008541943392288212
0,0010480204984945228;0,0026326084613138125;-0,001861043080063126;-0,004894822692682904;-0,0013990270509573362;0,0026609299509803286
0,0013399563191239332;0,003118788536599305;-0,003260070131020462;-0,0022338927417025756;0,0012788534058240167;0,0013303041875503407
0,0015574504165508187;0,0034091757041774806;-0,0019812167251964455;-0,0009035885541522348;-0,0011466277591098;-0,001250086953068344
0,0016445417087368858;0,0036102071620875537;-0,0031278444843062456;-0,0021536755072205788;0,00010397584999646825;0,0037187017932956284
0,001652384331915095;0,0037750950778315372;-0,0030238686343097773;0,0015650262860750497;-0,00028018168498203724;3,685016091344029e-05
0,0015351131757210543;0,003853835973286698;-0,0033040503192918146;0,00160187644698849;0,002385333199073615;-6,25253419068994e-06
0,0012968872741546227;0,0039951779201848605;-0,0009187171202181994;0,0015956239127978;0,0004754664496340547;-0,0006307124240216289
0,0009264993598165182;0,0042005949249625625;-0,0004432506705841447;0,0009649114887761712;0,0011487474184723456;-0,0016424058000463482
0,0005193627606696859;0,004469836886252176;0,0007054967478882009;-0,000677494311270177;0,001522542820289731;-0,0010580965747571808
9,44961346994878e-05;0,004777675307092838;0,002228039568177932;-0,0017355908860273578;-0,0023349895111860718;0,0008672595784039588
-0,00030215062135518226;0,0050584139554826915;-0,00010694994300813974;-0,0008683313076233989;0,0012138245250391698;0,0011684730240505703
-0,000609675794682735;0,005269728968431451;0,00110687458203103;0,00030014171642717136;-0,0009774209174351466;0,001165387135105278
-0,0009214789657306134;0,005446310729075274;0,0001294536645958834;0,0014655288515324494;5,390674534900414e-05;-0,0028297813626178003
-0,0011890071534972507;0,005634898158376185;0,00018336040994488753;-0,001364252511085351;0,0004896427823771789;-5,604711249673766e-05
-0,0014513571946800524;0,005882106741738394;0,0006730031923220664;-0,0014202996235820886;-0,0014987884525116957;-0,0011613969116524847
-0,0017063728194650588;0,006074745224657187;-0,0008257852601896293;-0,0025816965352345733;0,002829767598264199;-0,0016156605921710532
-0,0019344683165571825;0,006210571722632698;0,0020039823380745697;-0,0041973571274056265;0,001064090106085637;-0,000338225651307672
-0,0021955952240568914;0,0062431303591988264;0,0030680724441602067;-0,0045355827787132985;-0,003277640835595265;-0,0001174511471998263
-0,0023765628380336174;0,006107794710668729;-0,00020956839143505823;-0,004653033925913125;0,001988253871780997;0,001527088053207254
-0,0024348075542439352;0,0057910357509901;0,0017786854803459387;-0,003125945872705871;-0,0016390948747380188;0,004521314523878703
-0,0025014350061116552;0,005288155434274946;0,00013959060560791992;0,001395368651172832;0,0008694300367022637;0,0015519493434436316
-0,002496915038765538;0,004660237282651557;0,0010090206423101836;0,0029473179946164635;-0,0007598555225698939;0,0007647482650672416
-0,0024868114471951037;0,004088133877075082;0,0002491651197402897;0,003712066259683705;3,97214008155955e-05;0,0006589837587187702
-0,002436347029932262;0,0036339231912832642;0,0002888865205558852;0,004371050018402475;0,0014403589347624507;-0,0007963292613178546
-0,002375916007879809;0,0033281951558787955;0,001729245455318336;0,0035747207570846207;0,0007589472672356878;-0,0011156657532709335
-0,0023039295250051202;0,0031973091212104256;0,0024881927225540237;0,002459055003813687;-0,00028777033064730784;-0,001592531123435853
-0,0021627732239176984;0,0032094119168254403;0,002200422391906716;0,0008665238803778341;-0,0009756150450777289;-0,0014323965299716107
-0,0019220892139281153;0,0033198769125930027;0,001224807346828987;-0,0005658726495937766;-0,0004749254960838764;-0,0003196823292897638
-0,0015933883082622639;0,003465002863575679;0,0007498818507451106;-0,0008855549788835404;-0,0005116347820212901;0,0008938539385623112
-0,0012156951087232528;0,0035874939085746033;0,0002382470687238205;8,298959678770812e-06;-0,001233179984316643;-0,001123950784646846
-0,0008080066351544373;0,0036745627544181865;-0,0009949329155928225;-0,0011156518249680752;-0,0004935698812996367;0,0016770503991883484
-0,0003907882788366689;0,0037619635586489206;-0,0014885027968924592;0,0005613985742202732;5,267514378001336e-05;-0,0019883114899710563
-1,3367239142613504e-05;0,003804738289880931;-0,0014358276531124458;-0,0014269129157507832;0,0013259495717189498;0,0010186939523021132
0,00030451368867574356;0,0038699689640817533;-0,000109878081393496;-0,0004082189634486699;-0,0026221821671088977;0,003907411354576132
0,0005649615103696028;0,0038781231216525438;-0,0027320602485023937;0,003499192391127462;0,0008638342923378665;-0,0015599007796111009
0,0008210142088077222;0,0038699485206853874;-0,0018682259561645272;0,001939291611516361;0,0017493844818441996;0,00042380173053642445
0,0009677844973057458;0,004001741615363329;-0,00011884147432032754;0,0023630933420527855;-0,003016799307402361;-0,0021376466817581707
0,0010398257475571883;0,004211106374501926;-0,0031356407817226886;0,0002254466602946148;0,0015521777294577356;0,001768832552022051
0,0011071133388358178;0,004514994867322634;-0,001583463052264953;0,001994279212316666;-0,0023442393644563762;-0,0013832352579860735
0,0010489752988455396;0,004827901226555127;-0,003927702416721329;0,0006110439543305923;0,0030482350193372296;-0,0004113246613836885
0,0009274987367646634;0,005220578754280286;-0,0008794673973840997;0,00019971929294690383;-0,0007225365143871919;-0,0016041426541241743
0,0006489140780149339;0,0056376980401786694;-0,0016020039117712916;-0,0014044233611772705;0,001403272055524707;0,0009800814572910876
0,0003351507233698406;0,006062806097794928;-0,00019873185624658465;-0,00042434190388618287;0,0001893347715293467;0,0018121258014531516
-4,269278774610445e-05;0,006431737220964097;-9,397084717237963e-06;0,0013877838975669687;0,0031217274880263705;-0,0009323706665487486
-0,0004284855731119129;0,006783694667977818;0,0031123304033091326;0,0004554132310182202;-0,0019921110779845784;0,0002749832182581957
-0,0008146542418664108;0,007191163470894217;0,0011202193253245542;0,0007303964492764159;-7,369793157535609e-05;-0,002609565577710582
-0,0010763296944885435;0,007616848803051347;0,001046521393749198;-0,001879169128434166;0,0013837060605993746;-0,0007754007901655258
-0,001293196374097694;0,008071749993179531;0,0024302274543485727;-0,002654569918599692;-0,003065518102154552;-0,0018917546902410542
-0,0014682021979568766;0,00845148441817035;-0,0006352906478059792;-0,004546324608840746;0,0010510098759316244;0,00014696303651109965
-0,0015459989236421162;0,008725036046417181;0,00041571922812564527;-0,004399361572329646;-0,0015093372159936183;0,0007769743130719431
-0,0016492072752395952;0,008816734690310381;-0,001093617987867973;-0,0036223872592577033;0,0013008056946842636;0,0017688545408765521
-0,001735786857712048;0,008732458871310397;0,00020718770681629056;-0,0018535327183811512;0,00038609643225327034;0,0015990653600378435
-0,0018661111596992202;0,008503287561940104;0,0005932841390695609;-0,0002544673583433077;-0,0003514083068849247;0,0016709106706637167
-0,0019881479534137403;0,008199974943834565;0,0002418758321846362;0,001416443312320409;0,00024190709309575287;0,0008806400122670088
-0,0020864533815654783;0,007886483631395293;0,0004837829252803891;0,002297083324587418;0,0008913331176928288;0,000795809755362975
-0,0021750837764298305;0,007629650051448838;0,0013751160429732179;0,003092893079950393;0,00044778192777979176;-0,0004664161317212423
-0,0022443628542829675;0,007464699804485881;0,0018228979707530096;0,0026264769482291506;-0,0007485751808698204;-0,001294102152473553
-0,0022586372904171755;0,007423465280720938;0,0010743227898831892;0,0013323747957555976;0,0012774162782747886;0,0007803159279894389
-0,0021999958077212633;0,007487289834885161;0,002351739068157978;0,0021126907237450365;-0,0016571836303193935;0,00027569991847251063
-0,0020983814134300236;0,007604409380879609;0,0006945554378385843;0,002388390642217547;0,00022819017028664207;0,00021820957159657262
-0,0019026974564124647;0,007806036555823858;0,0009227456081252264;0,0026066002138141198;0,00022084779117869865;-0,0009296928743541544
-0,0016792312818813624;0,008103199356456809;0,001143593399303925;0,0016769073394599654;-0,001968511911841664;-0,00011032156936902071
-0,0014188552830252511;0,008504626165642324;-0,0008249185125377388;0,0015665857700909447;0,0020200232334248083;-0,002429880019172298
-0,0011127355481969827;0,008973129268406238;0,0011951047208870694;-0,0008632942490813533;-0,0016918580384927525;-0,0021442842634790404
-0,0008396125538702239;0,00950429580197379;-0,000496753317605683;-0,0030075785125603938;0,0010335375088711043;0,0014497804964669903
-0,0005186853707079823;0,010000930565578088;0,0005367841912654213;-0,0015577980160934035;-0,00032882510830579015;-0,0005198779308365209
-0,00021762832024996802;0,010377262188679971;0,0002079590829596311;-0,0020776759469299244;-0,00013413624772301916;-0,0014317568715232487
0,00010490009785866307;0,010691281891138115;7,382283523661194e-05;-0,003509432818453173;-0,00038873174046327036;-0,0016262926379346232
0,0004357468792856794;0,010922194555719066;-0,0003149089052266584;-0,005135725456387796;-0,0009785182372250307;0,0025458774372685844
0,0007695465741221603;0,011012729907561887;-0,001293427142451689;-0,002589848019119212;-0,0014925596812459078;0,00178430609480551
0,0010907499127495747;0,010897836241149197;-0,002785986823697597;-0,0008055419243137019;0,0012901174966268476;-0,0027420226455495134
0,0013602161656789218;0,010679348653971738;-0,0014958693270707493;-0,0035475645698632152;-0,0012880731911459886;-0,0018669620116966157
0,0015182429456603646;0,010428639389821732;-0,002783942518216738;-0,005414526581559831;-0,0004041308633005933;0,001305643379140381
0,0016164349525589778;0,010036027542877198;-0,0031880733815173312;-0,00410888320241945;0,0014419502156020544;0,005193835367507643
0,0016032692587289214;0,009426834632670269;-0,0017461231659152768;0,0010849521650881933;-0,0014457350368547242;-0,0008642404178443031
0,0014625806296381717;0,008653286394366563;-0,003191858202770001;0,0002207117472438902;0,003038222388986562;9,829420156545754e-05
0,001252047073910811;0,007923136242666384;-0,00015363581378343913;0,00031900594880934774;-0,0015005204303182845;-0,0017101829026734128
0,0009138391900726501;0,0072018145608559615;-0,0016541562441017236;-0,001391176953864065;0,003189046485099911;-0,0016361526284273953
0,0005694858736831516;0,006493253116997912;0,0015348902409981872;-0,0030273295822914603;-0,001489413422078362;0,0018797116918714551
0,00015896630752958434;0,005729044594985301;4,5476818919825204e-05;-0,0011476178904200052;0,001315487606319719;-0,0011259503781523433
-0,0001901576489840555;0,004843742889681031;0,0013609644252395442;-0,0022735682685723485;-0,000225698519962559;-0,0010924881324483604
-0,0005374625327409023;0,003912536468759961;0,0011352659052769852;-0,003366056401020709;-0,0009680717482096687;0,0006597536208347507
-0,0008303288394881673;0,0028903873170959965;0,00016719415706731647;-0,002706302780185958;0,00035645160419409475;0,0026452579446555394
-0,001077784510024353;0,001733595909391204;0,0005236457612614112;-6,104483553041884e-05;0,0010082524224545794;3,464054967722979e-05
-0,001318552414277846;0,0004685523904789733;0,0015318981837159906;-2,6404285853189047e-05;0,00023321481549153783;0,0015033170119470793
-0,0015383744880808825;-0,0007989329218544743;0,0017651129992075285;0,0014769127260938902;-0,000527990219186189;0,0024153667259348283
-0,0016969206345352796;-0,0020674744056220495;0,0012371227800213394;0,0038922794520287185;0,003329509396597624;-0,0008450997254161874
-0,0017848622610213752;-0,003276939380345869;0,0045666321766189635;0,003047179726612531;0,0004806649150852632;0,003553998893191218
-0,0018233189763066174;-0,00433071317698854;0,005047297091704227;0,006601178619803749;-0,0023236604553710377;-0,0009333232470888353
-0,0016791104045271012;-0,00526259978456671;0,002723636636333189;0,005667855372714914;0,0007255447455664366;0,0012750854236352194
-0,0013330099490794156;-0,0059304392473527295;0,0034491813818996256;0,006942940796350133;-0,0010237790420968979;-0,0006955030062085754
-0,0008779640281784027;-0,006371564495230153;0,0024254023398027277;0,006247437790141558;-0,001934083040712041;-0,00022394486453994333
-0,0002849508520014046;-0,00653497211125357;0,0004913192990906867;0,0060234929256016145;-0,0016889802411220074;0,0010858330737020805
0,00040507841776770255;-0,006448482215671325;-0,0011976609420313207;0,007109325999303695;0,0004008224037168537;-0,002569612582483269
0,0011147604595004373;-0,006121052603065016;-0,000796838538314467;0,004539713416820426;0,0004392734988438417;-0,003305488909052523
0,001776536063551919;-0,005509249950486559;-0,00035756503947062535;0,0012342245077679032;-0,0003632663463570898;0,00019267569012620944
0,002406438126070822;-0,004715858761235285;-0,0007208313858277152;0,0014269001978941126;-0,0005878885338279558;-0,001055444755023005
0,0030220375870109004;-0,0038730985916732947;-0,001308719919655671;0,00037145544287110754;0,0002097268076597103;-0,0025458838767297466
0,0036088037925178697;-0,00297326241419554;-0,0010989931119959606;-0,002174428433858639;0,0009054352165941831;-0,0027499969641722223
0,0041432212012386125;-0,002058568019002941;-0,00019355789540177748;-0,004924425398030861;-0,0014262583122857247;-0,0006225333458037309
0,0046336788854795165;-0,0012308507611646876;-0,0016198162076875022;-0,005546958743834592;0,001165152444167622;0,003550030297922932
0,00511639425390435;-0,0006001105192476686;-0,00045466376351988025;-0,0019969284459116603;-0,001467286486198982;-0,0017099329893447823
0,005534316974021683;-0,00019124862708403334;-0,0019219502497188623;-0,0037068614352564425;-0,0003507418827688735;0,0003501653655016597
0,005934053143598221;0,00013773612724313558;-0,002272692132487736;-0,003356696069754783;0,0012335979625257842;0,0005543960580155433
0,006256911303186004;0,0003184464241600467;-0,0010390941699619516;-0,0028023000117392395;0,0014568119662877466;-0,0005683449414300877
0,006488861777474278;0,0003648888782867666;0,000417717796325795;-0,0033706449531693272;-0,0021625649715523443;0,002033973781724408
0,006679248484964074;0,0002992393319439169;-0,0017448471752265493;-0,0013366711714449192;-0,0010021163187412807;-0,0018818905206771592
0,006886343904306901;9,876398747429404e-05;-0,00274696349396783;-0,0032185616921220784;0,001098958940158018;0,0020974625919042006
0,007023645436640667;-0,00015517820385312553;-0,001648004553809812;-0,0011210991002178778;0,0017177000211582305;-0,00045775906591498036
0,007051068429215719;-0,0005378628628654283;6,969546734841847e-05;-0,0015788581661328582;-0,00015980331478199217;0,002739361704765639
0,007012571239638379;-0,0009653914858864461;-9,01078474335737e-05;0,001160503538632781;;
0,006976861868754976;-0,0014560744355527784;;;;
0,006937548183974229;-0,0019003372436737992;;;;
