y;x;acc_x;acc_y;jerk_x;jerk_y
-0,010327973485150849;0,008992992378118172;-0,0017893548881223742;-0,0033461116168313487;-0,0029928715229950442;-0,0034842130406802507
-0,011339244564052298;0,008803599750553573;-0,004782226411117418;-0,0068303246575115995;0,002808386352892961;-0,008049482284011866
-0,012484360107627;0,008542632927464077;-0,0019738400582244575;-0,014879806941523466;-0,0032383946241463513;0,01754128675768546
-0,013902688637502165;0,008090377047929887;-0,005212234682370809;0,0026614798161619935;0,0031871171071161386;0,00985056133483958
-0,01591620944503827;0,007559167566066717;-0,00202511757525467;0,012512041151001574;-0,0020127809061428192;-0,005994469525887947
-0,017823271059927894;0,006819468696908715;-0,004037898481397489;0,006517571625113627;0,0034265930827941243;-0,0023391968771702687
-0,019229851028777455;0,005998765124740527;-0,0006113053986033651;0,004178374747943359;0,00022295369417191235;0,007680411880529148
-0,020375728132622475;0,005016545613316438;-0,0003883517044314527;0,011858786628472506;0,005118163851884697;0,000900243267998313
-0,021354470246549757;0,004009873885948215;0,004729812147453244;0,01275902989647082;-0,003752927267386068;-0,004246397721289763
-0,021858860895338138;0,0029876680904027337;0,0009768848800671762;0,008512632175181056;0,0035229600107560023;-0,011093493114891051
-0,02185289034826769;0,0021546547807553824;0,0044998448908231785;-0,0025808609397099946;0,003933321915536525;0,014181176938138473
-0,021506414514189994;0,0013607168663107181;0,008433166806359704;0,011600315998428479;0,001078799217227774;-0,0005060625922340689
-0,0212631731177007;0,0007467727474989809;0,009511966023587478;0,01109425340619441;-0,00043761935150327287;-0,005110655517427842
-0,020555919081274267;0,00047015530094163195;0,009074346672084205;0,0059835978887665675;-0,007039244941711627;-0,005532076280284293
-0,01940489490860006;0,000574016495327782;0,0020351017303725776;0,00045152160848227485;0,0006775046517195366;0,0011610392884620624
-0,018014526820375187;0,0010408515565973003;0,0027126063820921142;0,0016125608969443372;-0,003600760048252258;0,006743312927296463
-0,016606097867811025;0,0015890906870817218;-0,0008881536661601436;0,0083558738242408;-0,0019046975569760316;-0,013593129916012303
-0,01513316647936909;0,0022458340728498277;-0,002792851223136175;-0,005237256091771503;2,403462557901137e-05;-0,006336730710721494
-0,013326000137957521;0,002867051311971528;-0,002768816597557164;-0,011573986802492997;0,00015600926389632008;0,003910878779410543
-0,011728324040216814;0,0033765545021677812;-0,0026128073336608437;-0,007663108023082454;0,004725953068141761;0,005746981509301308
-0,010593607414575826;0,003775305028461748;0,0021131457344809174;-0,0019161265137811467;-0,0013750701468624171;-0,010087791383248168
-0,009765415109858136;0,004069543261409281;0,0007380755876185002;-0,012003917897029315;-0,001289801088587908;-0,0004955588582335468
-0,009013867865691692;0,00444830732373605;-0,0005517255009694078;-0,012499476755262862;0,002183264752734629;0,003680910013280969
-0,00874247733740642;0,00485659440956756;0,001631539251765221;-0,008818566741981892;-0,0010484458312211425;0,007879718899452381
-0,008971065879331663;0,005242812475360294;0,0005830934205440785;-0,000938847842529511;-0,0014443162871995152;0,00021464296749806877
-0,009552397090936183;0,0056942921112236354;-0,0008612228666554367;-0,0007242048750314423;0,00043175866220920844;0,007634136748765341
-0,010171282216241882;0,0061690954839087415;-0,00042946420444622824;0,006909931873733899;-0,005246973279171507;0,015129331837610449
-0,010819135536548839;0,006609449941927629;-0,005676437483617736;0,022039263711344348;0,004119857230738766;-0,0021474511305938637
-0,01119059158190644;0,007032625831768668;-0,0015565802528789696;0,019891812580750484;-0,0014851342534391854;-0,009043546991616691
-0,010680477078810266;0,007228744222264997;-0,003041714506318155;0,010848265589133793;0,0006236696422016741;-0,00813074168612199
-0,009374690072484074;0,007362599402646167;-0,002418044864116481;0,0027175239030118037;0,003352954088351928;0,0008686962391701164
-0,007634972442592531;0,007374786002774612;0,0009349092242354473;0,00358622014218192;-0,002718120192323259;-0,012289735056031342
-0,005786553856580515;0,007290250808338397;-0,0017832109680878117;-0,008703514913849422;0,004971944935412809;-0,006786764623006685
-0,0037946864648812214;0,007243111982871599;0,003188733967324997;-0,015490279536856107;-0,0020867624719282107;0,005653959831505392
-0,0021509596697359052;0,00712464471868129;0,0011019714953967863;-0,009836319705350715;0,0018096072577610811;0,0038340819949293226
-0,0011268440560648334;0,00713372681318398;0,0029115787531578674;-0,006002237710421392;-0,00625256253406084;0,00799326154534072
-0,0004961812306077903;0,007186887767502543;-0,003340983780902973;0,001991023834919328;0,001752455495502958;0,002568519848977737
-0,00010560791356760283;0,007356511871947418;-0,001588528285400015;0,004559543683897065;-1,087308254013597e-05;-0,0024799741932708275
0,0003646063568693578;0,007392496625156176;-0,0015994013679401509;0,0020795694906262374;-0,0014077807176025858;0,0013653489470812873
0,001017202374662201;0,007364940246948933;-0,0030071820855427367;0,0034449184377075247;0,0037453978519152165;0,004636922151132154
0,0017529811720800937;0,007273407814024084;0,0007382157663724798;0,008081840588839678;-0,0034360321972120578;-0,002714623718042611
0,0026265567070062872;0,007061588097677526;-0,002697816430839578;0,0053672168707970674;0,0062961397118390106;0,00024198658720379906
0,0038234058654860684;0,006879297011985867;0,0035983232809994325;0,0056092034580008665;-0,00477627175561679;-0,0024240131465284864
0,005234943698797732;0,006589093269060624;-0,0011779484746173574;0,00318519031147238;-0,002518031529434528;0,00675802580918583
0,00687084967042943;0,006442822457375359;-0,0036959800040518853;0,00994321612065821;-0,0011023374791174767;0,00015406769420645006
0,008634163254520023;0,0062494337067053995;-0,004798317483169362;0,01009728381486466;0,004487259350906839;-0,013486503324376647
0,010795205483436945;0,005908205755873365;-0,0003110581322625233;-0,003389219509511987;0,0007428847161478069;-0,0047748386082981376
0,013360139064948453;0,005375045105714555;0,0004318265838852836;-0,008164058117810125;0,0026662575910541275;0,001727995236617319
0,015789503866079482;0,004829442130265245;0,003098084174939411;-0,0064360628811928056;0,002548021986461077;-0,008104984176377339
0,017892306342498106;0,004301112218171347;0,005646106161400488;-0,014541047057570144;-0,003489178329178985;-0,002850390401328784
0,019737666303669018;0,003896705673075024;0,002156927832221503;-0,01739143745889893;0,003770501520646452;-0,001958700812784042
0,02100138438253712;0,003718143374434721;0,005927429352867955;-0,01935013827168297;-0,005280654159880244;-0,002078801794726748
0,021569444963049272;0,003625858189083278;0,0006467751929877114;-0,02142894006640972;0,0023323627101090316;0,011341576465505987
0,021363500012694103;0,0037706701778465537;0,002979137903096743;-0,010087363600903732;-0,009918618032834822;0,005899405491445631
0,020300397459682543;0,003941353174329337;-0,006939480129738079;-0,004187958109458101;0,001934387632229126;0,013615687471971671
0,018833800362634833;0,004231201686935991;-0,005005092497508953;0,00942772936251357;-0,002292032671449007;0,007075300611449786
0,0171996849412088;0,004243470994353122;-0,00729712516895796;0,016503029973963357;0,000601140811529996;0,0013631907292936951
0,015942678694283313;0,0040555366018698935;-0,006695984357427964;0,017866220703257052;-0,00031164934254509363;0,0011773814979590957
0,015345793646316356;0,0035757172026283472;-0,007007633699973058;0,019043602201216148;0,005639997562643918;-0,010411663014465389
0,015463557426479684;0,0028280584290896827;-0,0013676361373291396;0,008631939186750759;0,004502634927152509;-0,006715849370118154
0,016343065294691657;0,0018000943075520957;0,00313499878982337;0,0019160898166326046;0,0025538945274085;-0,015470273601647266
0,01756785073037366;0,000717424740521343;0,00568889331723187;-0,013554183785014662;0,0032879644379357753;-0,0033707240168496244
0,018869279758720967;-0,0002398448749164749;0,008976857755167645;-0,016924907801864286;0,0018144658747057535;-0,0011449206389547717
0,01962854143566769;-0,0009695587576650179;0,010791323629873398;-0,018069828440819058;0,0028109911665481803;0,010532564288828927
0,019710806800539837;-0,001340198330206855;0,013602314796421579;-0,007537264151990131;-0,006667327705641823;0,0061516688006462705
0,019070279027779226;-0,0012791849575537566;0,006934987090779755;-0,0013855953513438601;-0,0017733383615847129;-0,005860256881207171
0,018128260688939007;-0,0006740789930437946;0,0051616487291950425;-0,007245852232551031;-0,006576553746200413;0,007296014523085204
0,017130818536045034;0,00020842645509735742;-0,0014149050170053704;5,016229053417254e-05;0,002154790922573195;-0,0017989411387122067
0,01584354229384902;0,0012973978524063112;0,0007398859055678247;-0,0017487788481780342;-0,0014873541049883823;0,002142203005134069
0,014558272543274374;0,00232977304903505;-0,0007474681994205576;0,00039342415695603483;-0,003624119771694752;-0,0012773612965750747
0,013203051638772605;0,003391743681886502;-0,004371587971115309;-0,0008839371396190399;0,0010770879443474657;0,0007912344378946945
0,011863567700549079;0,004423815586761132;-0,0032945000267678437;-9,270270172434536e-05;0,004219622448132565;-0,0002570571345573147
0,01048872627674079;0,005281023972791149;0,0009251224213647213;-0,0003497598362816601;0,0008247725045642251;-0,0016736604044420011
0,009110176744863528;0,006006452357750452;0,0017498949259289465;-0,0020234202407236612;-0,004816579255717074;0,0022842033261051414
0,007717636819534999;0,006768885639564345;-0,0030666843297881274;0,0002607830853814802;0,0006103499582297833;-0,004248339217213154
0,006244160084577523;0,007601314718415395;-0,002456334371558344;-0,003987556131831674;-0,0013697148046266372;0,0033503774593247257
0,0047811146730353075;0,00831107642407492;-0,0038260491761849813;-0,0006371786725069481;-0,0016303477773982333;-0,0006370793734370092
0,0031585670162198247;0,008922584754872112;-0,005456396953583215;-0,0012742580459439573;-0,005738161403679054;0,01072214404600575
0,001510532212504064;0,009381051118621904;-0,011194558357262269;0,009447886000061793;0,004524686468287353;0,002303596572581501
-0,0001884729130494549;0,009621261604228368;-0,006669871888974915;0,011751482572643294;0,00212475504943746;0,003806502119355855
-0,0015095625986005024;0,00941368975554434;-0,004545116839537455;0,01555798469199915;0,0029686215554333983;0,0011146172376612223
-0,002360592981245818;0,008939323031301316;-0,001576495284104057;0,01667260192966037;0,0023825682366622747;-0,0072618985492493085
-0,0025893039762111677;0,008283151633476794;0,0008060729525582178;0,009410703380411063;0,007569633472551379;-0,02371268044378711
-0,0021511108939901023;0,00756392042428811;0,008375706425109597;-0,014301977063376048;-0,0033843051988890482;0,0010621240953140806
-0,0013364896765525945;0,006876932133201754;0,004991401226220549;-0,013239852968061967;-0,002656447986373184;0,005691849270624293
-0,0010939475416501285;0,006524972099119782;0,002334953239847365;-0,007548003697437675;0,0018368984048453274;-0,005026108956809688
-0,0013809995254701413;0,006372668114086632;0,004171851644692692;-0,012574112654247363;-0,0018792182588231177;-0,001891187689619385
-0,001969971657187661;0,0063137622586473775;0,0022926333858695747;-0,014465300343866748;-0,00335889097250458;0,01008901486154331
-0,0030619082950750754;0,0064217304689958305;-0,0010662575866350055;-0,004376285482323439;-0,00710433263691046;0,013809668097720773
-0,00473245694671716;0,006621404014779066;-0,008170590223545465;0,009433382615397334;0,001336295906277013;0,0018858905578972018
-0,006578057017652181;0,0067784272570969;-0,006834294317268452;0,011319273173294536;0,0024528944632351557;-0,0077165688607761795
-0,00804632178397131;0,006608626890472917;-0,004381399854033297;0,0036027043125183567;-0,0013006524452118112;0,002496742768539645
-0,009061815623358657;0,0061654547511581954;-0,005682052299245108;0,0060994470810580015;0,001538803811284739;0,017252086072930772
-0,00993320129024527;0,0055470266176821425;-0,004143248487960369;0,023351533153988774;0,003996860145932715;-0,007828525050560947
-0,010560609073889561;0,004701316392236285;-0,0001463883420276535;0,015523008103427827;0,0033037830018167666;0,002633920732735523
-0,010253955531374304;0,0036898762272720128;0,003157394659789113;0,01815692883616335;0,004855215033080815;0,0006271985362714394
-0,009326381664721932;0,002672580528626634;0,008012609692869928;0,01878412737243479;-0,0012520109267758657;-0,009963356312128052
-0,007672530644623027;0,0017815806163728202;0,006760598766094063;0,008820771060306737;0,0017329685613452842;-0,008172505906206454
-0,00526731452962673;0,0012110850918338033;0,008493567327439347;0,0006482651541002832;-0,0013707033389721152;-0,013411520615649403
-0,0025092675722181634;0,0009110135179385489;0,007122863988467232;-0,01276325546154912;-0,004101867684057261;-0,008947734485800121
0,0002747099913544143;0,0009506846371408685;0,003020996304409971;-0,02171098994734924;-0,001985459990620487;0,003068345285707985
0,0025481573364650274;0,0012752703158818773;0,001035536313789484;-0,018642644661641256;-0,00411314662381905;7,39367842840788e-05
0,003953165083681671;0,0017206958467992852;-0,003077610310029566;-0,018568707877357177;-0,0001584251027236805;0,004175306866238529
0,004612467044432664;0,002207542830268272;-0,0032360354127532465;-0,014393401011118648;0,00020756885810813142;0,017333315959195045
0,00452902069008937;0,0025712854013360763;-0,003028466554645115;0,002939914948076397;-0,0009193029377064649;0,00587717691190523
0,00386983829530133;0,002805586555893751;-0,00394776949235158;0,008817091859981627;0,0004780090094639311;-0,0041356828806028145
0,003328252498436346;0,0029187490482656207;-0,003469760482887649;0,004681408979378812;0,004071680978891129;-0,003519394318470939
0,003139350375970627;0,002874000760943428;0,0006019204960034802;0,001162014660907873;0,0034527272229547268;-0,008833061082265989
0,0031377046126800606;0,0026904620543057286;0,004054647718958207;-0,007671046421358116;0,0007493323985270778;0,005527770576725086
0,0031825394358258093;0,002531000167508168;0,004803980117485285;-0,0021432758446330302;-0,0017093500051862248;-0,0050085482312765064
0,002920532402117233;0,002533724189468937;0,00309463011229906;-0,007151824075909537;0,0016470183488997286;-0,006496533822608397
0,0025727943346233358;0,0027286074161291165;0,004741648461198789;-0,013648357898517934;-0,0006629455839523568;-0,0003460219125312053
0,0019389833040930568;0,0030472758472812585;0,004078702877246432;-0,013994379811049139;-0,004997695025913754;0,013219029185233336
0,0007592379576220607;0,003555610216881352;-0,0009189921486673219;-0,000775350625815803;-0,0025403439882821233;0,007373693989746251
-0,0009802825812909011;0,004227092701571303;-0,003459336136949445;0,006598343363930448;-0,0056833191625697;0,00878520905919003
-0,002750817145236495;0,004861815500314561;-0,009142655299519145;0,015383552423120478;0,0007533161413441486;0,008323787857005438
-0,004257417974624871;0,005358164853579841;-0,008389339158174997;0,023707340280125916;0,002297376366727194;-0,00899306871887813
-0,005148676707088427;0,005488807994864355;-0,0060919627914478025;0,014714271561247785;0,0002484400647609769;0,00981148868703502
-0,0050916418283469475;0,0052838775698218704;-0,005843522726686826;0,024525760248282805;0,0031188214737547515;-0,011626411818234664
-0,004446036087155557;0,004835268633121472;-0,002724701252932074;0,012899348430048141;0,0025407007474104043;-0,010544450352389975
-0,0028193999360328534;0,004152918787353602;-0,0001840005055216698;0,0023548980776581657;0,0020583722768236015;-0,0015535980469326693
-0,000676789847708224;0,003361580891468448;0,0018743717713019317;0,0008013000307254964;0,006801290148739071;-0,021793213064233888
0,0015600161637227316;0,002562882975362428;0,008675661920041003;-0,02099191303350839;-0,00989174429383161;0,013987612874999195
0,0038288741763827074;0,0018391599301084845;-0,0012160823737906064;-0,007004300158509197;0,005489096700964494;-0,004015301555279044
0,005258055667702348;0,0014624633616561818;0,004273014327173887;-0,01101960171378824;-0,005522331899347645;0,004358647332931176
0,006407065152681619;0,0010371234982522544;-0,0012493175721737578;-0,006660954380857065;-0,0018728289922539595;0,0021581229336415098
0,007115290569109362;0,0007827042079352827;-0,0031221465644277174;-0,004502831447215555;0,005700599457165235;-0,006407344981513491
0,007557077810302821;0,00047831221473136057;0,0025784528927375178;-0,010910176428729046;-0,005089718395114771;0,003398657452980486
0,00781875179360766;4,9034358950329846e-05;-0,002511265502377253;-0,00751151897574856;0,009733297111820069;-0,009258042587687726
0,007644018719763335;-0,0002771053811212002;0,007222031609442816;-0,016769561563436286;-0,0056004083736725385;-0,0019322306435269193
0,007168824886889068;-0,0007036957412878204;0,0016216232357702774;-0,018701792206963205;0,009761028411136524;0,0007349798705239274
0,00602284859147735;-0,0008414048370767278;0,011382651646906801;-0,017966812336439278;-0,0075403267260402;0,0036512675437875147
0,004128800607787104;-0,0009142490034348243;0,003842324920866601;-0,014315544792651763;0,001223444665275195;0,007121535308617977
0,001516080130639286;-0,0005317871039166487;0,005065769586141796;-0,0071940094840337865;-0,004213227201283427;0,018707529475170126
-0,001669262138214602;4,367792436191028e-06;0,0008525423848583687;0,01151351999113634;-0,006084153217078878;0,01827560999404923
-0,005142364786429842;0,0007431534722347026;-0,005231610832220509;0,02978912998518557;0,0013213382577738873;0,012946043635708254
-0,008154926634999627;0,0015160408474275489;-0,003910272574446622;0,042735173620893824;-0,0017868290899923714;-0,011734935136414076
-0,00997592328416199;0,0020796637893315748;-0,005697101664438993;0,031000238484479747;0,003498410496266084;-0,008781155197047918
-0,0100875129884886;0,0024868758282577358;-0,0021986911681729088;0,02221908328743183;-0,003586980039767443;0,0045753219717633575
-0,00895909315343602;0,002666203800606337;-0,005785671207940352;0,026794405259195186;0,004626960438571998;-0,025287852290936177
-0,006941909986886168;0,0027575841262280224;-0,001158710769368354;0,001506552968259009;6,357137291648773e-07;-0,010036081929853946
-0,0038529506099685075;0,002617537603532093;-0,0011580750556391892;-0,008529528961594937;-0,0012238138131689114;-0,017481422174567177
-0,0007037291143204867;0,00243114265006143;-0,0023818888688081005;-0,026010951136162114;-0,002816615025530475;0,003300080207516251
0,0021043112228637368;0,002198424694365199;-0,005198503894338576;-0,022710870928645863;-0,002297318285339571;0,018219893090250433
0,0038719135146014754;0,0018704311839166442;-0,007495822179678147;-0,00449097783839543;0,005989258542311061;-0,005275024827607597
0,0047310809691933796;0,0013344975176945461;-0,0015065636373670852;-0,009766002666003026;0,00037395794825123563;0,005533892840687199
0,005410609310249467;0,0004987309642853225;-0,0011326056891158495;-0,004232109825315827;-0,00018816786485278958;-0,004400056999879526
0,005699497544665433;-0,00039729813461858476;-0,001320773553968639;-0,008632166825195353;0,005454935478856747;-0,00304710641094319
0,005819101386068766;-0,0013386314610871258;0,004134161924888108;-0,011679273236138543;-0,002940793796750704;0,011077034623157789
0,0055934185544642846;-0,0023327957297144125;0,0011933681281374037;-0,0006022386129807544;0,004658636584195103;-0,0021994802632880756
0,004900564793414262;-0,003161593521346175;0,005852004712332506;-0,00280171887626883;-0,0034637079121954545;-0,003412166286687203
0,0041836214878450085;-0,003942656587852441;0,002388296800137052;-0,006213885162956033;-0,0003031386148798221;-0,006533566950526315
0,003354609427225002;-0,004489639465865407;0,00208515818525723;-0,012747452113482348;0,002441021633414364;0,0038704744300407865
0,0022770419600867545;-0,004941090471872891;0,004526179818671594;-0,008876977683441561;-0,0016182093349304816;0,007736002844883211
0,0006895764084092128;-0,005309135150470086;0,0029079704837411124;-0,0011409748385583507;-0,0009746950638236662;-0,0033833998788757036
-0,0012529682506059914;-0,005496132636320416;0,0019332754199174462;-0,004524374717434054;-0,0019187419581697396;0,005727270817118768
-0,0032411519031635295;-0,005566811302821103;1,4533461747706644e-05;0,0012028960996847138;-0,0013839155488072075;0,013450551272369327
-0,005410310544418429;-0,005560158952525092;-0,0013693820870595008;0,01465344737205404;0,0031327694650505056;0,013220574243418937
-0,007531353341685941;-0,005552925263759172;0,0017633873779910048;0,027874021615472977;-0,0013917788728469993;0,0017370231539219905
-0,009066258244071292;-0,005600466858475633;0,00037160850514400545;0,029611044769394967;-0,0029712655253631703;-0,0011906275183199422
-0,009486202281837722;-0,005577472958072453;-0,002599657020219165;0,028420417251075025;0,006043713826794916;-0,008478267041193241
-0,008721704528828355;-0,005539614717463513;0,0034440568065757515;0,019942150209881784;0,0018318733985100422;-0,013983717719096053
-0,006820390085775986;-0,005605742757663339;0,005275930205085794;0,005958432490785731;0,0005248342420880181;-0,011458796966859572
-0,0041213896343283455;-0,005534108525600136;0,005800764447173812;-0,005500364476073841;-0,0038686265262082298;-0,012474024342738664
-0,0011840518832492764;-0,0052514370853335;0,001932137920965582;-0,017974388818812505;-0,0025880642096490353;0,002720729287531823
0,0015332712887868398;-0,004736735067179912;-0,0006559262886834533;-0,015253659531280682;-0,001350171833042299;-0,006331764493130977
0,003531618908070455;-0,004144747532187702;-0,0020060981217257523;-0,02158542402441166;-0,0020243847112453167;0,01068795271985648
0,0049198201461028435;-0,0035789970487428288;-0,004030482832971069;-0,010897471304555179;-0,0030577843884505296;0,012893785724268941
0,005444604423158765;-0,003093490490166986;-0,007088267221421599;0,0019963144197137628;0,003838126933561087;-0,002180101123638173
0,00553348984803248;-0,002769203244909986;-0,003250140287860512;-0,0001837867039244101;-0,0019154193695086474;0,00728699853009368
0,005702227849694746;-0,0027284466885098497;-0,005165559657369159;0,00710321182616927;0,0035519904690145265;-0,006541731212639956
0,005863614383200034;-0,0028176957436241343;-0,0016135691883546327;0,0005614806135293138;0,0019859279154852;0,009932592910864069
0,0063091293897520944;-0,0031135671850331848;0,0003723587271305673;0,010494073524393382;0,0008278553182756304;-0,00593751162853956
0,006777103620845326;-0,0034739813939764206;0,0012002140454061977;0,004556561895853822;0,0004999341364996385;-0,01610796853317395
0,007664840792914294;-0,0038195012538344343;0,0017001481819058362;-0,011551406637320127;-0,0013958837237555421;0,0008201021854427615
0,008734840440817414;-0,0041170125518762;0,000304264458150294;-0,010731304451877366;0,0014681802128216487;-0,003990113951325008
0,00934278382322773;-0,0043465179226417315;0,0017724446709719427;-0,014721418403202374;0,0011358746459301516;0,004075700095577839
0,00952147502756295;-0,004563852715081252;0,0029083193169020943;-0,010645718307624535;-0,0037857086141404733;-9,997254587792992e-05
0,009111309495770076;-0,004710289720681895;-0,000877389297238379;-0,010745690853502465;0,000625008394134291;0,00793112314515862
0,00827531523167222;-0,004740393953606453;-0,000252380903104088;-0,002814567708343846;-0,0002243337767568604;0,010492002057264319
0,007009493333434266;-0,004805593758420547;-0,0004767146798609484;0,007677434348920473;-0,0029589939587514186;0,0014359356129151624
0,005631088726862557;-0,004880888799358805;-0,003435708638612367;0,009113369961835635;0,0002751617484956781;0,0013188945829711862
0,0045597814942476686;-0,0049752524274915;-0,003160546890116689;0,010432264544806821;0,002289868422771929;-0,0009522262451032854
0,0038530090601062044;-0,00520704440116869;-0,0008706784673447598;0,009480038299703536;0,0007035317453187029;-0,0061461432044707665
0,0035635272077570138;-0,0055652582504505475;-0,00016714672202605696;0,0033338950952327695;0,0013734327999501694;-0,01186043153020791
0,0036532468873959638;-0,005958299238426196;0,0012062860779241125;-0,00852653643497514;0,0002509009461203193;-0,007010014430690645
0,0038763223708442253;-0,006358026095282886;0,0014571870240444318;-0,015536550865665785;0,0021734605801455864;0,00012100301326735396
0,003758336396893481;-0,006709501509022612;0,003630647604190018;-0,015415547852398431;0,0035710335489538836;-0,0025014750042443856
0,003018888388316105;-0,00700268944180056;0,007201681153143902;-0,017917022856642817;0,0006476722288714376;0,004159421469631483
0,001662818465642792;-0,007150651470410908;0,00784935338201534;-0,013757601387011334;-0,0008482864628538422;0,014871798202757636
-0,0004099323712962338;-0,0070105462528955;0,007001066919161497;0,0011141968157463017;-0,005755142407033315;0,015144110055573715
-0,003032987263715713;-0,006556466900099478;0,0012459245121281826;0,016258306871320016;0,0008086561560627509;0,006526247934335733
-0,00561147428350534;-0,005822344870536997;0,0020545806681909334;0,02278455480565575;-0,0025627892111271117;0,010127547285236932
-0,007539629028442167;-0,0050383858604893875;-0,0005082085429361782;0,03291210209089268;-0,002884025532911727;-0,005721484498196622
-0,008556401581152763;-0,004172243623714141;-0,0033922340758479053;0,02719061759269606;-0,0025933155941738756;0,0031737453987869396
-0,008256690050227652;-0,0033264297286563415;-0,005985549670021781;0,030364362991483;-0,0005265950959486357;-0,02241834053622077
-0,006869353815594699;-0,0026163051966324588;-0,0065121447659704165;0,007946022455262228;0,0031176072682279274;-0,02639143762452968
-0,004267443061302426;-0,0021456026514094467;-0,003394537497742489;-0,018445415169267454;-0,0009885718789284514;-0,0040855290861538315
-0,0013476914087996636;-0,0019353858968252516;-0,004383109376670941;-0,022530944255421285;0,004860811502333036;-0,008586426450147719
0,0008342436369324005;-0,001860950642150756;0,0004777021256620953;-0,031117370705569004;-0,0027641815900892597;0,006911629289284151
0,002114940912447613;-0,001961839762543098;-0,0022864794644271644;-0,024205741416284853;0,005764449931876588;-0,0054783972923480515
0,0021509433597400656;-0,0020436207979089563;0,0034779704674494233;-0,029684138708632905;-0,004622684330410139;0,01691544967985752
0,0012187161503811241;-0,002216861011851901;-0,0011447138629607154;-0,012768689028775385;0,0038944018903020947;0,02095227875294703
-0,0009008766073231337;-0,002250982407096869;0,0027496880273413793;0,008183589724171644;-0,0024681792291363844;0,015595035449081668
-0,003531216926178407;-0,0023308923568602655;0,0002815087982049949;0,023778625173253312;-0,0016367104136465888;0,0038958438727216133
-0,005834213656066814;-0,002300814785530007;-0,0013552016154415938;0,027674469045974925;0,005638149108316573;-0,004180976531098141
-0,007186065379025089;-0,0022594768622715483;0,004282947492874979;0,023493492514876785;-0,005040779124356902;0,0026153804490251925
-0,007430938340144367;-0,0022723470036307538;-0,0007578316314819228;0,026108872963901977;-0,00035809533599544946;-0,009197937801010123
-0,006736071600668574;-0,00211389924527496;-0,0011159269674773722;0,016910935162891855;0,00363731215784744;-0,008269614415286924
-0,004996849942636702;-0,001985764752178443;0,002521385190370068;0,00864132074760493;0,0006136181107883887;-0,01483193081932431
-0,0025811908780891545;-0,0019022673377810206;0,0031350033011584566;-0,00619061007171938;0,0012198866636509396;-0,003500615576605026
0,00018012101636258912;-0,0017179145157687958;0,004354889964809396;-0,009691225648324406;-0,0024789338981175725;-0,012619281589349302
0,0026938085079455582;-0,0014081615617102328;0,0018759560666918237;-0,022310507237673707;0,0012290062768308997;0,002040359876683537
0,0048198469735955506;-0,0009242130090592939;0,0031049623435227235;-0,02027014736099017;-0,0006275485542646779;0,0087285085250835
0,006053465149738595;-0,00036522621374068196;0,0024774137892580456;-0,01154163883590667;-3,33888024528356e-05;0,0008349599320708612
0,006476277431442033;0,0003179590753188388;0,00244402498680521;-0,010706678903835809;-0,00033150245992701055;0,002222285846336547
0,006437424159709203;0,0011002409159486814;0,0021125225268781994;-0,008484393057499262;-0,0014592300905307415;0,008510152750585379
0,005970303731822941;0,0019802837560507327;0,0006532924363474579;2,5759693086116475e-05;-0,002400010433356123;0,027512666506339156
0,00516380758163671;0,0029448274972279113;-0,001746717997008665;0,027538426199425273;-0,0026982626978837992;-8,766269891236078e-05
0,004358341819173921;0,003935502935858989;-0,004444980694892464;0,027450763500512912;0,004751759903719316;-0,017087693014145228
0,004654413104688145;0,004856309654609719;0,0003067792088268517;0,010363070486367684;-0,002495770746919479;-0,009175473249108237
0,0060485149302228845;0,005599317145564752;-0,0021889915380926273;0,0011875972372594468;-0,006154668129461832;-0,000887221787070791
0,007857139575212332;0,006354595804872858;-0,00834365966755446;0,00030037545018865575;0,0079710874228133;-0,011222227076148533
0,009713268109692157;0,007022314802657259;-0,00037257224474115946;-0,010921851625959877;0,0012887472317317517;-0,017563459720402463
0,011581411662179528;0,007356287413739482;0,0009161749869905922;-0,02848531134636234;0,0026089508946497697;-0,003929221912864933
0,013012681149628506;0,007675357135032058;0,003525125881640362;-0,032414533259227274;-0,005765454765537026;0,010774422920558357
0,013304538183222988;0,008031073855804259;-0,002240328883896664;-0,021640110338668916;-0,000515630857365279;0,018337887872978076
0,012299813886448378;0,008527795611842073;-0,002755959741261943;-0,0033022224656908405;0,0018003759401065689;0,015225170883786082
0,010429485176127015;0,008934904212524021;-0,0009555838011553741;0,011922948418095242;-0,009587760087347935;0,012484107373052195
0,008427067567178015;0,009231774423555491;-0,01054334388850331;0,024407055791147436;-0,0014614630449162058;-0,0007003979755322298
0,006901567894952826;0,009490421282540747;-0,012004806933419515;0,023706657815615206;-0,00041971411637456435;-0,0009024469373191402
0,006352350454373534;0,00932733438598587;-0,01242452104979408;0,022804210878296066;0,0053889645599036196;-0,0072494486151361
0,006751399326418851;0,008684055212094212;-0,00703555648989046;0,015554762263159966;0,005618326426484507;-0,003524490766961763
0,00806261663359601;0,007543795196210791;-0,0014172300634059526;0,012030271496198203;4,489289715600697e-05;-0,009962824347796523
0,009996024431299568;0,006122112920731751;-0,0013723371662499456;0,00206744714840168;0,00967587685309193;-0,0258608601919737
0,012410643088851054;0,004643741442716474;0,008303539686841985;-0,02379341304357202;0,004116368788999354;-0,0010382052941714792
0,014907959632338607;0,003110476478051199;0,012419908475841339;-0,0248316183377435;0,0008040465211404148;0,0047370386259238395
0,01645353965408328;0,0019093531008596034;0,013223954996981754;-0,02009457971181966;-0,0008341770483129458;-0,0050254837926602125
0,017005854942318214;0,001205026062701661;0,012389777948668808;-0,025120063504479873;-0,00944570561830271;0,0026418931463194073
0,01675438704208036;0,0010296572244229889;0,002944072330366098;-0,022478170358160465;0,0026542959736581308;0,004692589101339295
0,01549811660166331;0,0013498795040910692;0,005598368304024229;-0,01778558125682117;-0,008917689086875485;0,019460085005581135
0,013342719346919843;0,0017878646769737933;-0,0033193207828512566;0,0016745037487599645;0,0016629959381827195;0,011601014961216016
0,010475898841903529;0,0024497845820174867;-0,0016563248446685372;0,01327551870997598;-0,011267093612591199;-0,0012107185913178553
0,007676058486837613;0,0029789316557471295;-0,012923418457259736;0,012064800118658126;0,0015055737816898618;0,003987667169921792
0,005407238880170737;0,0034418257356900314;-0,011417844675569874;0,016052467288579918;0,0019056146540132463;0,00011436860710631325
0,003621011278250185;0,003387783077342543;-0,009512230021556628;0,01616683589568623;0,0016859550943379605;-0,006526232169507276
0,00247688236787283;0,0028770266319722605;-0,007826274927218668;0,009640603726178955;0,003602548628648429;-0,011668164264780623
0,0019794268933229246;0,0019857809857397124;-0,0042237262985702385;-0,002027560538601668;0,003729194615057444;-0,0076476719359981245
0,0018675955678201773;0,0007814843424184177;-0,0004945316835127944;-0,009675232474599792;0,002549239995540638;0,002296426508708871
0,0016746618207733634;-0,0005917613528456864;0,0020547083120278434;-0,0073788059658909215;0,008688576793905792;0,003099007160220525
0,0010947187747425576;-0,0019847883154503025;0,010743285105933635;-0,004279798805670396;-9,14174286086103e-05;0,00269725991503289
0,00021962349007611506;-0,0032956269455738044;0,010651867677325025;-0,001582538890637506;-0,004163867252319153;-0,0007526501835377029
-0,0008266637468171433;-0,004176734171459961;0,0064880004250058715;-0,002335189074175209;1,4994589909125833e-05;-0,0009795095066036097
-0,0019362525393359022;-0,0046317666902531175;0,006502995014914997;-0,0033146985807788187;-0,0017758931617714302;0,0030554991487211913
-0,0031392488948216693;-0,004827279192046038;0,004727101853143567;-0,0002591994320576274;-0,0012809423829543143;0,0050082422935677495
-0,004474833193538589;-0,00476267189324236;0,003446159470189253;0,004749042861510122;-0,005975186919007336;0,009091709720917218
-0,005820785469537813;-0,004508980520312938;-0,002529027448818083;0,01384075258242734;0,0012797225325432843;0,002466295798440765
-0,006976776031076634;-0,004117442768575947;-0,0012493049162747988;0,016307048380868105;-0,0027544689801667493;-5,513293067813119e-05
-0,00757913648931836;-0,003827066114791678;-0,004003773896441548;0,016251915450189974;0,003732659101489441;-0,00027785973219701665
-0,007529215012325362;-0,003586661657658402;-0,000271114794952107;0,015974055717992958;0,0003876150325831107;-0,005220938887389101
-0,0068292169173247656;-0,003506408156382787;0,0001165002376310037;0,010753116830603857;0,0029267233532275366;-0,011850191277203964
-0,00549025659360445;-0,0034369992469052567;0,0030432235908585403;-0,0010970744466001076;-0,0005809591842917544;-0,010033301159322508
-0,0037211715966599807;-0,0033629303279224866;0,002462264406566786;-0,011130375605922616;0,00046787639223931643;0,001331203083971732
-0,0019959695775795157;-0,0031671324653053745;0,0029301407988061023;-0,009799172521950884;-0,0001776245966885262;-0,0003090705992737919
-0,000715982582735955;-0,002872844026425591;0,002752516202117576;-0,010108243121224676;-0,003499226867373764;0,002391717416091569
0,00017203751122957028;-0,0024613499555935637;-0,0007467106652561881;-0,0077165257051331065;-0,0027103462077030134;0,009938815317948786
0,0006557278803461083;-0,0019397552366768331;-0,0034570568729592015;0,002222289612815679;-0,0014370562625612357;0,0032777731048441415
0,0008307572212573223;-0,0014480289443703502;-0,004894113135520437;0,0055000627176598205;0,0007269275098199801;0,0019504426632227824
0,0010946781466811633;-0,0010945849269822351;-0,004167185625700457;0,007450505380882603;-0,0026462354717031733;-0,005884771078296793
0,001578601580811397;-0,0009369054350149377;-0,00681342109740363;0,0015657343025858098;0,002830705938040575;0,0017345198916959431
0,002360545230176935;-0,0009459133680756585;-0,003982715159363055;0,003300254194281753;0,003941078429159972;0,0029307052876662923
0,0032051182516459054;-0,0012274581450325245;-4,163673020308317e-05;0,006230959481948045;-0,00037943822021426626;-0,012223574056865458
0,004181701440886146;-0,0016683115283639127;-0,00042107495041734944;-0,0059926145749174126;-0,0009450538395658556;-0,00019060209622072388
0,005407523009404308;-0,0021108303809034244;-0,001366128789983205;-0,0061832166711381364;0,0035715708113263286;-0,0033493203278011363
0,006393639994925774;-0,00257019223145963;0,0022054420213431236;-0,009532536998939273;0,001420443776809624;-0,003257065270940329
0,007132428313601715;-0,003084199233615164;0,0036258857981527476;-0,012789602269879602;-0,0017942279772340253;-0,0034020639735704017
0,007489915152320083;-0,0035099885549169725;0,0018316578209187223;-0,016191666243450004;-0,005112417031921362;0,010324408927273404
0,007335817900243269;-0,0037907424442926714;-0,00328075921100264;-0,0058672573161765995;0,0066421605348344764;0,00966712723378077
0,006534053998428454;-0,003998230020831621;0,0033614013238318363;0,0037998699176041706;-0,0017000961510919704;-0,005090131344708718
0,005497599803966575;-0,004336947965810677;0,0016613051727398659;-0,001290261427104547;-0,005881033285955545;0,005246644436498998
0,004613140406208863;-0,004541209857836459;-0,004219728113215679;0,003956383009394451;0,003024401277193056;0,006441882050997466
0,003677070551366969;-0,004679019542952647;-0,0011953268360226227;0,010398265060391917;-0,002408532628815019;0,002597066030747275
0,0028992560169008538;-0,0049856183525974615;-0,0036038594648376415;0,012995331091139192;0,006814130275476213;-0,01456932499098336
0,0025373720848504144;-0,005340030235683181;0,0032102708106385713;-0,0015739938998441672;-0,003064411819834467;-0,011830440343901086
0,0026953013964455433;-0,005838596497362406;0,00014585899080410414;-0,013404434243745253;-0,000441018439815144;0,010467855516267846
0,002790270952046905;-0,006208751926616089;-0,00029515944901103985;-0,002936578727477407;0,0008089209854923729;0,003823514605247047
0,0023490631378984567;-0,006573072996237607;0,000513761536481333;0,0008869358777696401;0,0009102880943801239;-0,003583364224623905
0,0017903921746509122;-0,006949200443819567;0,001424049630861457;-0,0026964283468542648;0,005559783568184651;0,0002827729231627482
0,0012671986465141532;-0,007304777429942273;0,006983833199046108;-0,0024136554236915166;-0,004338462695885503;0,0005417449329748816
0,0006361479845032238;-0,007603392430830521;0,0026453705031606045;-0,001871910490716635;-0,0014921845258810684;0,011545593143811463
-9,144889445536643e-05;-0,007622654103756925;0,001153185977279536;0,009673682653094828;0,004985415208366678;-0,008713419621068395
-0,0008939221930426219;-0,0075361009565569044;0,006138601185646214;0,000960263032026433;-0,0013632239409711588;-0,004488748507673661
-0,0013094481855060844;-0,0074034203702657035;0,004775377244675055;-0,003528485475647228;-0,004723224677403021;-0,0005095868865679504
-0,0016865636566884895;-0,007025195736548653;5,2152567272034656e-05;-0,004038072362215178;-0,00019106064182686233;0,0062190447879610575
-0,002204818546896784;-0,006455956013044601;-0,00013890807455482768;0,0021809724257458793;0,002270997747497394;0,0051366796974359405
-0,002884596331593685;-0,005884630186849666;0,0021320896729425665;0,00731765212318182;-0,00019093301713439537;-0,004662250328382911
-0,0034771352192607516;-0,005318860683636926;0,001941156655808171;0,002655401794798909;-0,0004288307173939132;-0,004887164854713258
-0,003776968022000545;-0,004667807593506482;0,0015123259384142579;-0,002231763059914349;-0,001439305425707714;-0,00020970059928090978
-0,003970584752948382;-0,003939108237143712;7,302051270654392e-05;-0,0024414636591952588;0,001855043425041683;0,002814877784524661
-0,004253472006292793;-0,0031499158432443716;0,001928063937748227;0,0003734141253294021;0,0016591213906570201;7,317497850378718e-06
-0,004634017806005014;-0,002357802628836769;0,003587185328405247;0,0003807316231797808;-0,0050332437955587575;-0,0077560329553527235
-0,0049996270407040595;-0,0014885668569192376;-0,0014460584671535104;-0,007375301332172943;-0,004298367455370312;0,0009243128351579671
-0,005350007010475914;-0,0004758436718654963;-0,005744425922523822;-0,0064509884970149756;-0,004605280201431982;0,015851595116144257
-0,005995399033534686;0,0004790371745021047;-0,010349706123955804;0,009400606619129281;0,008370697567471868;-0,0035393954433934616
-0,006898830596474056;0,0012041409839687526;-0,001979008556483936;0,00586121117573582;-0,00012611137892532334;0,0005818450620598825
-0,007426237894648255;0,0015152565484771686;-0,0021051199354092595;0,006443056237795702;-0,0019998597833415094;-0,004183386488207208
-0,007719196745793022;0,001747211770726227;-0,004104979718750769;0,0022596697495884943;0,00027954347046646455;0,0012620626583938754
-0,007754433347425961;0,001894962195558915;-0,0038254362482843043;0,0035217324079823698;0,007726917896047049;8,384836886871083e-05
-0,00769928315907536;0,0018785134316415722;0,0039014816477627445;0,0036055807768510806;0,0014353160688636499;-0,008952249789603267
-0,007503263674405464;0,0017090472177928573;0,005336797716626394;-0,0053466690127521865;-0,0009933021795910171;0,004022898176086892
-0,007163020958661525;0,0016956402698546523;0,004343495537035377;-0,0013237708366652945;-0,005193782208401949;-0,0010289508171282546
-0,007036645003427673;0,0018957052305815028;-0,0008502866713665722;-0,002352721653793549;0,0007901865148295523;-0,005344927998934268
-0,006963219881660433;0,0022695100127897686;-6,010015653701989e-05;-0,007697649652727817;0,0010717722647945252;-0,005269490833016616
-0,006983903626044935;0,0026093033281433713;0,0010116721082575053;-0,012967140485744433;-0,006626563995541346;0,005016838798871187
-0,00731249335653855;0,0029466926372354934;-0,0056148918872838405;-0,007950301686873246;0,00029354048702907864;0,014868051333683574
-0,008159768706461942;0,003324548830657916;-0,005321351400254762;0,006917749646810328;-0,004794703333756645;0,0047334652050251
-0,009325056123860264;0,0034778093485889846;-0,010116054734011407;0,011651214851835429;0,002738497183158689;0,00061212185605522
-0,010213633555386173;0,003418215810509863;-0,0073775575508527175;0,012263336707890649;0,0033936939700579885;-0,004833633743611787
-0,010636162392838664;0,0029539800830702843;-0,003983863580794729;0,0074297029642788615;0,001999124706324483;0,005145684004034895
-0,01056815776197553;0,0021946420535965978;-0,001984738874470246;0,012575386968313756;0,004600147217517683;-0,0004160234272394814
-0,010202965012541242;0,0012759494808911218;0,0026154083430474373;0,012159363541074275;-0,0013411496211408191;-0,014774370950107668
-0,009334756784374402;0,00027786735320683607;0,0012742587219066182;-0,002615007409033393;0,0051788667721009984;-0,005418066652038145
-0,007980174014564592;-0,0006155984407555523;0,006453125494007617;-0,008033074061071538;-0,0017948724753516707;0,0009766569802552583
-0,006730191541116117;-0,0014580938858416758;0,004658253018655946;-0,00705641708081628;-0,0014578479497952823;0,0004859757058444797
-0,005801532030110504;-0,002042464311167495;0,0032004050688606636;-0,0065704413749718;0,0004779013909298746;-0,0008711834220184039
-0,005155129202337543;-0,0024405046157470757;0,0036783064597905382;-0,007441624796990204;0,00021193794696206664;0,0002907558092658108
-0,004771544029563453;-0,0027105287175722306;0,003890244406752605;-0,007150868987724393;-0,0038989478466489313;0,005414819295201698
-0,004685623848668972;-0,0028334205610057637;-8,703439896326493e-06;-0,0017360496925226954;0,007227368168801443;0,0027047091408545776
-0,004885738427283466;-0,0028007026281691924;0,0072186647289051165;0,0009686594483318822;-0,005788648590781174;-0,0005056422536952876
-0,005155294993598868;-0,002768332832928474;0,001430016138123942;0,00046301719463659463;0,0036882922977929875;0,004786855041512245
-0,005386105181980995;-0,002447216448531551;0,0051183084359169295;0,005249872236148839;-0,004842751954979307;-0,0007372664585403865
-0,005598394682577657;-0,0020688994186096707;0,0002755564809376228;0,004512605777608453;-0,0029405581200480646;0,002531407204466374
-0,005600689293728367;-0,001485850051251113;-0,002665001639110442;0,0070440129820748265;0,00412159680538535;2,4283742286718146e-05
-0,005422479673774738;-0,0008917784246550505;0,0014565951662749085;0,007068296724361545;-0,00785382457966461;-0,003661838429276726
-0,004962509534538116;-0,00040430686362340554;-0,006397229413389703;0,003406458295084819;0,004597685612053707;-0,005526501916954932
-0,004219807526327033;0,00014142850405923568;-0,0017995438013359956;-0,002120043621870113;-0,0008576145694046732;-0,005496986472666131
-0,0033408471863125566;0,00043127469520628885;-0,002657158370740669;-0,007617030094536244;-0,0024329755578473816;0,003274121734854786
-0,002546688591172885;0,0006491391342999022;-0,00509013392858805;-0,004342908359681458;0,003446003979624525;-0,0034140132109503965
-0,002057211199814663;0,0007607172385638888;-0,0016441299489635252;-0,007756921570631854;0,0029347173796995946;-0,0058815619107373054
-0,001741450142843699;0,0006686899856843532;0,0012905874307360694;-0,01363848348136916;0,00029966657878531706;0,004413557607399046
-0,0017359659486980094;0,0005108975348462768;0,0015902540095213864;-0,009224925873970113;-0,003791843590290507;-0,004844374071920801
-0,0022760210938070863;0,0004047285812376431;-0,0022015895807691206;-0,014069299945890915;-0,0006366335249893907;0,011908239175808702
-0,003185073273874968;0,0003621697880098649;-0,0028382231057585113;-0,0021610607700822126;0,002347864716469781;0,003194552458731015
-0,004656897451778485;0,00023154741155132185;-0,0004903583892887304;0,0010334916886488021;0,00047181819630762525;0,0033284190051863227
-0,006215164060485293;-1,2603889137561667e-05;-1,8540192981105104e-05;0,004361910693835125;-0,0063591846869344715;0,018183038145116737
-0,007732091001646147;-0,00027636952539799437;-0,006377724879915577;0,02254494883895186;0,004311149539888309;-0,007799426297619982
-0,009074541515053595;-0,0005408767693776713;-0,002066575340027268;0,014745522541331879;0,0042948229719233615;0,008013786177039711
-0,00951519407490297;-0,0010604930085539714;0,0022282476318960937;0,02275930871837159;-0,0017801354749944695;0,0018207602368598697
-0,009366025733099071;-0,001662772261331362;0,00044811215690162415;0,02458006895523146;0,003080330334251133;-0,0023785578430406545
-0,008306485042560307;-0,002175921608832909;0,003528442491152757;0,022201511112190805;-0,0003604692921011579;-0,007364990113285647
-0,006263741593812285;-0,002671146470058391;0,003167973199051599;0,014836520998905159;0,004512543358791032;-0,017970081923216974
-0,00333293770057663;-0,0030252336316377625;0,0076805165578426315;-0,003133560924311815;-0,0008199938714564398;-0,0003344674666427294
0,00019132703261523108;-0,00325260186525507;0,006860522686386192;-0,0034680283909545445;0,00037321466446121193;-0,01010808761377198
0,0035902493288346195;-0,0031727494365586728;0,007233737350847404;-0,013576116004726524;-0,000323544862152407;-0,014418516780389828
0,006850450489415826;-0,0028184761004068277;0,006910192488694997;-0,027994632785116352;-0,003581396750612059;-0,0044194167098653425
0,009567607009807971;-0,0021748532702210864;0,0033287957380829375;-0,032414049494981695;-0,0018053507447455507;0,012084603355616813
0,011164978218795463;-0,001254822740487545;0,0015234449933373868;-0,020329446139364882;-0,004570401928972834;0,009934930091345662
0,011465787447983686;-0,00020164038123068632;-0,0030469569356354476;-0,01039451604801922;-0,0020186125680815258;0,0005072738485425721
0,010953418831597315;0,0009124797777596679;-0,005065569503716973;-0,009887242199476648;0,0019525498739500734;0,007649662578456257
0,010025269573290174;0,0019047216593246043;-0,0031130196297669;-0,0022375796210203913;0,00034424846038449974;0,00594106333823835
0,008701630627003968;0,0026943407607408613;-0,0027687711693824;0,003703483717217959;0,0013702473275242766;0,0051837064927610366
0,007288488495876946;0,003359439076966443;-0,0013985238418581236;0,008887190209978996;0,0005403218628773632;0,001992681090036197
0,006023485713438643;0,0039137865464167285;-0,0008582019789807604;0,010879871300015193;-0,0016820532867527216;-0,0013653657504307387
0,005113970539399499;0,0044121930621926885;-0,002540255265733482;0,009514505549584454;0,0011692958498704803;-0,0019717702197671605
0,004639650217360962;0,004876271498809419;-0,0013709594158630017;0,007542735329817293;-0,0006968260074395466;-0,008856717846200485
0,004545910117305804;0,0052387397247968094;-0,0020677854233025483;-0,0013139825163831914;0,0008469293875842665;-0,0019090364636221158
0,004753879430443338;0,00554636957414968;-0,0012208560357182818;-0,003223018980005307;-0,0005222060730372402;0,0035154594205703965
0,004909289442925544;0,0057712880065704485;-0,001743062108755522;0,00029244044056508933;-0,0032832149120612664;-0,0007871533194883096
0,004935778696207538;0,005947372197562487;-0,005026277020816788;-0,0004947128789232202;0,0051102697358494376;-0,002213581452186142
0,004973965567112135;0,006053733904204303;8,399271503264916e-05;-0,002708294331109362;0,0003966917937616721;-0,0007723655862402062
0,004992363922859804;0,005959044530013448;0,00048068450879432123;-0,0034806599173495684;0,0011623729370706104;0,006001361594634033
0,004902430505363098;0,005867714864423899;0,0016430574458649316;0,002520701677284465;-0,003677266703314891;0,009378914035633248
0,0046732706911724094;0,005795612579186123;-0,0020342092574499593;0,011899615712917713;-0,0031120582689306286;-0,002725454474301739
0,004544938944073099;0,005789232591782944;-0,005146267526380588;0,009174161238615974;0,005729872404361291;-0,008092917885976686
0,004892591825490498;0,005701484234081767;0,0005836048779807035;0,0010812433526392884;-0,0010868144473893254;-0,0074341369890655595
0,005607211156452535;0,005407885175325366;-0,0005032095694086219;-0,006352893636426271;-0,0010975008488614962;-0,0024057500507025376
0,006365080221520144;0,005137630311688192;-0,0016007104182701182;-0,008758643687128809;-0,0010541762756406947;-0,0024582535630540137
0,006868833541130702;0,004847247065274675;-0,002654886693910813;-0,011216897250182822;0,001682407513438705;0,009431967190557305
0,007022241113256108;0,004492835402130353;-0,0009724791804721078;-0,0017849300596255169;0,00240961815411761;0,0012473971259656658
0,006726972795374201;0,004032228271229598;0,001437138973645502;-0,0005375329336598511;-0,0005880591112480682;0,005790876578035814
0,006360307275107274;0,0035327219731099593;0,0008490798623974338;0,005253343644375963;-0,0017646588119747952;0,010053743480841704
0,005972140437493952;0,00309070123393614;-0,0009155789495773614;0,015307087125217667;0,0008952637035754968;-0,0002741096852255376
0,005794107345655668;0,0026826436892582184;-2,031524600186463e-05;0,015032977439992129;0,0018316975350055123;0,0046663462269262435
0,006228357738826091;0,0022379629865972024;0,0018113822890036477;0,019699323666918372;0,0006405330161082246;-0,015168213990820023
0,0072639272295962004;0,0017924696740961115;0,0024519153051118722;0,004531109676098349;0,005084897044807839;-0,01491114905686175
0,009087469667043043;0,0014194316531551667;0,007536812349919712;-0,0103800393807634;-0,008245762363522875;-0,0027876103490796222
0,01109225649153382;0,001144470244418697;-0,0007089500136031636;-0,013167649729843023;0,0047989119728369875;-0,006057716170383753
0,012681841740794062;0,0011709813296790154;0,004089961959233824;-0,019225365900226776;-0,0028017914263630053;0,009938878132922546
0,013744721000860584;0,0011691344143952074;0,0012881705328708186;-0,00928648776730423;-0,004902142240077224;0,0002806503973874497
0,014038585624918032;0,0013308859774807523;-0,003613971707206405;-0,00900583736991678;0,0020785285363982275;-0,007149224034191992
0,013960990738283312;0,0015441643618811303;-0,0015354431708081775;-0,016155061404108773;0,0024450287274526555;0,008023141233918563
0,013523162356851921;0,0016128838779932517;0,000909585556644478;-0,00813192017019021;0,0020613678666573654;0,009992712302422074
0,012439131519256179;0,0016201856672730462;0,0029709534233018434;0,0018607921322318643;-0,002999064042517867;0,008574405007453517
0,011029823874852828;0,0016638708788186197;-2,8110619216023536e-05;0,010435197139685382;0,0012624753855165483;-0,0056188921144378345
0,009694947915738753;0,001826394227296267;0,0012343647663005247;0,004816305025247547;0,003682101466063098;-0,0057003964378415095
0,008777479842212093;0,0019877931510052732;0,004916466232363623;-0,0008840914125939625;-0,0013888379676975093;0,009435388139346329
0,008052663969695334;0,0021985666653663006;0,0035276282646661133;0,008551296726752367;-0,0050246871501525014;-0,002436377985032545
0,007292484440674817;0,002605998829021873;-0,001497058885486388;0,006114918741719821;-0,0020248970205624384;-0,007153811810664296
0,006874356780724395;0,0031545361232640894;-0,0035219559060488265;-0,0010388930689444742;0,005202398851132967;-0,011419570879204644
0,006700825870442765;0,003643191062086851;0,0016804429450841402;-0,012458463948149118;-0,005702129734905456;-0,0016447128249903464
0,0064857392374033564;0,003990967764667659;-0,004021686789821316;-0,014103176773139464;0,00030299216530697837;-0,0028948153637124996
0,0057723140464379825;0,004405962185051833;-0,0037186946245143376;-0,016997992136851964;-0,003406977365642494;0,010953001233240382
0,004494761784547031;0,004660089133843154;-0,007125671990156832;-0,0060449909036115815;0,00043695776217651805;0,015781061229411683
0,0025372898371820007;0,004765468297653902;-0,0066887142279803136;0,009736070325800102;-0,00414787211883437;6,659313431685299e-05
0,0003380182536725071;0,004585820581858376;-0,010836586346814683;0,009802663460116955;0,006187316715757174;-0,005181585370872585
-0,0014718105168049825;0,004138624296943638;-0,004649269631057509;0,0046210780892443695;-0,0020072507475418777;0,00770817328589251
-0,0028895327488777938;0,0032579645581563123;-0,006656520378599387;0,01232925137513688;0,003620419839158104;0,0005136577473125042
-0,004122411857380831;0,0021913340341266864;-0,0030361005394412832;0,012842909122449384;0,00023628268524280432;-0,007401817992425841
-0,004862120910878392;0,0008584426949530848;-0,002799817854198479;0,005441091130023543;0,004763349753048048;-0,016795160699532644
-0,005088113599477978;-0,0005958926657981679;0,0019635318988495687;-0,011354069569509101;0,0010755932015981753;0,0015497215223786165
-0,005096462642876623;-0,0021622207407173597;0,003039125100447744;-0,009804348047130484;-0,0011492302737149337;0,005306991843434361
-0,0055589744690556315;-0,003650007539682569;0,0018898948267328103;-0,004497356203696123;0,002053709019614894;0,0009402093717375548
-0,006413660217119859;-0,005016229334629869;0,003943603846347704;-0,0035571468319585686;5,749820478992418e-05;0,004474123508612288
-0,007448240213331932;-0,0063068553365078555;0,004001102051137628;0,0009169766766537191;-0,0005835949195343582;-0,007082645076640998
-0,008625106082822347;-0,007439737184531934;0,00341750713160327;-0,0061656683999872786;-0,0008094436104554015;0,005964487020999304
-0,009765292885246614;-0,008412574950510508;0,0026080635211478687;-0,0002011813789879746;-0,0027539157663765967;0,00733140247231992
-0,011152106423670372;-0,00924871243122495;-0,00014585224522872808;0,007130221093331945;0,0018186291648051023;-0,0016031302959051974
-0,012546967217253648;-0,009980527371093478;0,0016727769195763742;0,005527090797426748;-0,0020005942728651693;0,009338776059795773
-0,013656619167103649;-0,010718176400771155;-0,00032781735328879513;0,01486586685722252;0,004315473525110081;-0,007677378135392154
-0,014545187485056578;-0,011388914353665777;0,0039876561718212855;0,007188488721830366;0,005090703835685828;-0,0018088157061106336
-0,014839121128720606;-0,012072765000691953;0,009078360007507114;0,0053796730157197326;-0,002817986306108078;-0,004482751987906375
-0,014845515223511418;-0,012597109400845274;0,006260373701399036;0,0008969210278133577;0,0034198534210145293;-0,004750056795689628
-0,014636722397673444;-0,012758319400698314;0,009680227122413565;-0,00385313576787627;-0,005031541032300302;0,007246325534738973
-0,014392052730722934;-0,012669114452495389;0,004648686090113263;0,003393189766862703;-0,0015901377360901248;0,0028613038470090557
-0,014301508494487475;-0,012192700419395923;0,0030585483540231384;0,006254493613871759;-0,004809542414857593;0,0008769351378795642
-0,014075236667577507;-0,011530338942691927;-0,0017509940608344543;0,007131428751751323;-0,002208810003149597;0,009421859885437645
-0,013598785096112669;-0,010745635531827004;-0,0039598040639840515;0,016553288637188968;-0,0012422658779990825;-0,004910104861319958
-0,01283707637457778;-0,01003097188339546;-0,005202069941983134;0,01164318377586901;-0,0018426498492404297;0,0004334407652812067
-0,01141323610755533;-0,009474700397523279;-0,007044719791223564;0,012076624541150216;0,0031940606949588946;-0,011536300974080399
-0,00952366848949812;-0,009126511709330423;-0,003850659096264669;0,000540323567069817;0,003165697079517915;-0,0025173702998524186
-0,007151035889794901;-0,00906011181278651;-0,0006849620167467541;-0,0019770467327826016;0,0016814237881163652;-0,015422815560930447
-0,00475679034740889;-0,009147738280093182;0,0009964617713696111;-0,01739986229371305;-0,0006674042267680591;0,0011141242741845442
-0,0024416266743341832;-0,009262763228069725;0,000329057544601552;-0,016285738019528505;0,0004317377568686942;0,012520031220395196
-0,0008224574930079982;-0,009337929705191483;0,0007607953014702462;-0,0037657067991333087;0,0027045102628593387;0,0030226488418994453
0,00014528216753704657;-0,00939993388052918;0,003465305564329585;-0,0007430579572338634;-0,001607554701241437;0,0004931744088315301
0,000962393556116759;-0,009431506243808067;0,0018577508630881479;-0,0002498835484023333;-0,00011407457312911928;-0,006464619214572604
0,0017497826264071168;-0,00932446638451377;0,0017436762899590286;-0,006714502762974937;0,0003882055282642405;0,004649428484593134
0,002527176354761381;-0,009143116490695947;0,002131881818223269;-0,002065074278381804;-0,004147934532640812;0,007051790547256825
0,0030359899725966484;-0,008892019545279763;-0,0020160527144175433;0,004986716268875022;0,00864330011734718;-0,006230872039333701
0,003462200619296643;-0,008555647327134649;0,006627247402929637;-0,0012441557704586798;-0,0068627271572972715;-0,00829008097741965
0,004087879916751639;-0,008299917217566236;-0,00023547975436763458;-0,00953423674787833;0,0037440310259068132;0,00515407293659112
0,004663792983388287;-0,0077790972118806385;0,0035085512715391787;-0,0043801638112872104;-0,0018975648151396685;0,002904796720708022
0,004858336580109803;-0,007267696396369745;0,0016109864563995102;-0,0014753670905791882;-0,0035521761757004444;0,00032029736203158243
0,00487767362437983;-0,006615953529997286;-0,0019411897193009342;-0,0011550697285476058;0,0036065978779791646;-0,0070886640887926206
0,004837995985026689;-0,005899771205368845;0,0016654081586782304;-0,008243733817340226;-0,008906248969893199;-0,003201438676897289
0,004752115556531644;-0,005261236469512442;-0,007240840811214969;-0,011445172494237515;0,004180369751263624;0,004506916814627754
0,0043364857753429905;-0,004556085407308909;-0,0030604710599513446;-0,006938255679609762;-0,001537850470099425;0,004349517563891403
0,003463049094384836;-0,004140567977553976;-0,00459832153005077;-0,0025887381157183587;0,002551957617426437;-0,0017295687772792834
0,0023120821862422907;-0,0038474693901970956;-0,0020463639126243327;-0,004318306892997642;0,003464629092448074;-0,0034787193065266356
0,0010575657534710114;-0,003738303664042247;0,0014182651798237411;-0,007797026199524278;-0,0011646167282371028;0,0048554963480480565
-0,0003696829550201736;-0,0037109924943923714;0,0002536484515866383;-0,002941529851476221;0,00020722209423530702;0,006370197311631097
-0,0021088127114923297;-0,0036269507175495457;0,0004608705458219453;0,003428667460154876;-0,0020359041211970574;-0,0035447883367297137
-0,003965603662023535;-0,003532763002643255;-0,0015750335753751121;-0,00011612087657483783;0,0007523906187707069;0,0013316636104632185
-0,005685247914148544;-0,0034201404659040865;-0,0008226429566044052;0,0012155427338883806;-0,005192128024218007;0,0015458247684763393
-0,007409537001336548;-0,003370519272179922;-0,006014770980822412;0,00276136750236472;0,0009571097669457268;0,004168982226068263
-0,009085204379169017;-0,003353803796719934;-0,005057661213876685;0,006930349728432983;0,0055185076594891636;0,001495230265468439
-0,010650417056906896;-0,003577679160492843;0,00046084644561247834;0,008425579993901422;-0,0024665909985621404;-0,0027429559381531576
-0,011938415745507457;-0,004003860972820818;-0,002005744552949662;0,005682624055748264;0,00270729587031579;0,0009924105149006213
-0,01288939123435196;-0,0044116089273242955;0,0007015513173661281;0,006675034570648886;0,0014274662924877168;0,0042617876438786895
-0,013613061760966532;-0,004899586663945759;0,002129017609853845;0,010936822214527575;0,002033561902299613;-0,005682483018348727
-0,014069730904755148;-0,005359502347872577;0,004162579512153458;0,005254339196178848;-0,004563403580168518;0,007708024610893427
-0,014088927159962664;-0,005734257327405241;-0,0004008240680150599;0,012962363807072275;-0,0017565926498006867;0,0006772317572443787
-0,013897949847323024;-0,005942509126451767;-0,0021574167178157466;0,013639595564316653;0,0044048984168542915;-0,006897529214446085
-0,013188477982400493;-0,006166793888218895;0,002247481699038545;0,006742066349870568;0,0025476276390291874;0,0017877176282211915
-0,011933422294905297;-0,006477375318698654;0,004795109338067732;0,00852978397809176;-0,0015954808360963413;-0,009484510330101836
-0,010408683953415277;-0,0066980574812168705;0,003199628501971391;-0,0009547263520100768;0,002676063954127089;0,007041666339479696
-0,008542754252801587;-0,0067269352702123775;0,00587569245609848;0,0060869399874696195;0,0017265711676105744;-0,006770023297448011
-0,0067150136062683;-0,006627827919129029;0,007602263623709055;-0,0006830833099783912;0,0028222072715836932;-0,01808544991040622
-0,004643795360236228;-0,006293692869801742;0,010424470895292748;-0,01876853322038461;-0,003177502838865587;0,006970059947444384
-0,002599900446603292;-0,0056554672755260915;0,007246968056427161;-0,011798473272940226;-0,00626670495816363;0,0004895320068653598
-0,0013067468617857405;-0,004600262845438732;0,0009802630982635313;-0,011308941266074866;-0,0037571699898516497;0,008028213424543823
-0,0004855322078857981;-0,0032551796930942855;-0,0027769068915881184;-0,0032807278415310425;-0,002781368724277953;0,000264826347417721
-0,00011667520462885022;-0,0018708860168192981;-0,005558275615866071;-0,0030159014941133215;0,002263497781464306;-0,00524298082375723
0,00012095268496685593;-0,0005976686162078355;-0,003294777834401765;-0,008258882317870551;-0,00590781890125475;0,01496942280279274
0,0002379445147980292;0,0004532177597689844;-0,009202596735656515;0,006710540484922188;-0,004052775014081758;-0,001842866864690913
2,458105191438043e-05;0,0013723130223697337;-0,013255371749738273;0,0048676736202312755;0,004307677130558692;-0,0014404394041767242
7,963920842761919e-05;0,0019233044155442223;-0,008947694619179582;0,0034272342160545513;0,004110623405100378;-0,0023816127573901115
0,00032940430975010896;0,0019440809387291798;-0,004837071214079204;0,0010456214586644398;0,0048396442049362005;-0,005328652395904347
0,0007162587797147808;0,0016069496771469543;2,5729908569964433e-06;-0,004283030937239907;0,003151422890322225;0,0014871391294460287
0,0011449381080260303;0,0010763355670015606;0,0031539958811792213;-0,0027958918077938787;-0,003921780528554682;-0,005068367060660214
0,0014022961988476835;0,0005458243764904468;-0,000767784647375461;-0,007864258868454092;0,00599506436645881;-0,0026609744242676314
0,0015478186173575816;0,00014147302122650176;0,005227279719083349;-0,010525233292721724;0,0003385208347562729;0,004833689388923673
0,0013787706811293158;-0,00029358971993246176;0,005565800553839622;-0,005691543903798051;-0,0005868091296779279;0,0012532161019373697
0,0007887134131921811;-0,0005195612723280913;0,004978991424161694;-0,004438327801860681;-0,00332185018478644;0,002993611094835702
-2,9005610896875523e-05;-0,0005229008025701359;0,001657141239375254;-0,001444716707024979;-0,004260507520698854;0,003770535630146239
-0,0010242577470603595;-0,0003270806758457127;-0,0026033662813236;0,0023258189231212603;0,001900763996423323;0,0034847521919673732
-0,0020772985515048427;-6,497489954627946e-05;-0,0007026022849002771;0,0058105711150886336;-0,004641387486067088;0,009363462645472484
-0,0030373065990244755;9,299622550020984e-05;-0,005343989770967365;0,015174033760561118;0,002684800284656975;0,0011321793885788606
-0,003764891801940563;0,00022286325915068806;-0,00265918948631039;0,016306213149139978;-0,0015639276005391324;-0,007996625250384692
-0,003885515654434205;0,00013897070196247164;-0,0042231170868495226;0,008309587898755286;0,004093301970471449;-0,0007277317855785281
-0,003353890980962249;-5,128943467816037e-05;-0,00012981511637807398;0,0075818561131767576;0,0015859092601397048;-0,01344314673280591
-0,0024898827915400806;-0,00041047425479277333;0,0014560941437616309;-0,005861290619629152;0,0036585197806267757;-0,0002923717700161199
-0,0013226003575908423;-0,0007748516795625091;0,005114613924388407;-0,006153662389645272;-0,0009276784869168692;-0,0018412973923660238
-0,00038976954842677024;-0,0010809853385817798;0,004186935437471537;-0,007994959782011295;0,002634573183873473;-0,004931732340539693
0,0002969147651514911;-0,0011825344406255142;0,006821508621345011;-0,012926692122550988;-0,004166601078926479;0,0057039170326462114
0,0006638006874493007;-0,001116606125170387;0,0026549075424185317;-0,007222775089904777;-0,0029277814905112436;0,006096968280524789
0,0005136189248450706;-0,0007778174648614596;-0,00027287394809271184;-0,0011258068093799884;-0,00316975294192436;0,016480413286527558
7,45261586446495e-05;-0,0003328325028557908;-0,003442626890017072;0,015354606477147568;;
-0,0004095988799309712;0,00010123750122616963;;;;
-0,0002795396594206891;0,0003976024297074471;;;;
