x;y;acc_x;acc_y;jerk_x;jerk_y
-0,006140774472808145;0,0033620950451369105;-0,005187494687529548;0,006419373088133173;0,008766128037407173;-0,005761798959332806
-0,006927972189110481;0,004148287827224792;0,0035786333498776246;0,0006575741288003673;0,0006404653441953179;-0,009549288788400875
-0,007922669692913999;0,005191255532838001;0,0042190986940729425;-0,008891714659600508;-0,006187164413922641;0,008504329225823615
-0,008774221862722411;0,006260526203603224;-0,0019680657198496987;-0,0003873854337768934;0,0014722850242050167;-0,005355882646899374
-0,009457010084767906;0,0069741282879844275;-0,000495780695644682;-0,005743268080676267;0,00446223593723874;-0,008893969161229587
-0,010218520935607388;0,007672234955014554;0,003966455241594058;-0,014637237241905854;0,0014710245513267495;-0,0012137310851511596
-0,01099986301427266;0,008140610898817631;0,005437479792920807;-0,015850968327057013;-0,0036094585890505404;0,008013601439773088
-0,011622546883274167;0,008023497352944473;0,001828021203870267;-0,007837366887283925;-0,006167061788833472;0,008590502859453314
-0,012027731560558844;0,007272345073989035;-0,004339040584963205;0,0007531359721693887;0,011090573923597746;7,311951767356717e-05
-0,012359795389688708;0,00620769811954224;0,006751533338634541;0,0008262554898429558;-0,0004183246211009739;0,004379287561065023
-0,012865420842217102;0,00517317660398222;0,006333208717533567;0,005205543050907979;-0,002856554116183241;0,007344857594978604
-0,013100984961200112;0,004171705308015919;0,0034766546013503263;0,012550400645886584;-0,0037362733535064585;0,005723042511896925
-0,013083220731481781;0,003378455734085937;-0,00025961875215613217;0,01827344315778351;-0,002625951988743991;-0,004350556417346871
-0,012926390317709438;0,0030872221859914177;-0,002885570740900123;0,013922886740436638;-0,001068898060364587;-0,012752187095025305
-0,012779944654023339;0,0035269263642082396;-0,00395446880126471;0,0011706996454113328;0,00015548592933728456;-0,006764784719637068
-0,012748921819973245;0,0045235460120425265;-0,0037989828719274255;-0,005594085074225735;-0,00190892532822734;-0,005029944791489882
-0,012876077737973739;0,005566993645693267;-0,005707908200154765;-0,010624029865715617;-0,0013104889342042125;0,0035714162370878433
-0,013155192970851331;0,006386677876374977;-0,007018397134358978;-0,007052613628627774;0,002772286537031987;-0,005132086700839228
-0,013662624531735112;0,006781400912428064;-0,004246110597326991;-0,012184700329467002;0,0023047671429705097;-0,00528501177831725
-0,014450791977993253;0,006894019403336039;-0,0019413434543564811;-0,017469712107784252;0,005750164584498563;-0,0021101802762723554
-0,015408803848144475;0,006519249881065334;0,0038088211301420816;-0,019579892384056607;0,0009489332559369235;0,008743547441899403
-0,016444469456469955;0,00544569187448326;0,004757754386079005;-0,010836344942157204;-0,002731408350505782;0,0122264558694875
-0,017327782219589753;0,00358893817253892;0,0020263460355732232;0,0013901109273302958;0,004189497977887369;0,0028022001743655614
-0,018020784807266387;0,001298730672908293;0,006215844013460592;0,004192311101695857;0,000611792183343618;0,0005000878491301028
-0,018632733553520096;-0,0009358723896291227;0,00682763619680421;0,00469239895082596;-0,00039635626946488145;0,012624178735266695
-0,01899604853923538;-0,003002783008098704;0,006431279927339328;0,017316577686092655;-0,0012741661411224126;0,005679530996926099
-0,019086258077078495;-0,004881997668535247;0,005157113786216916;0,022996108683018754;-0,002213371814121068;-0,007554354164218277
-0,01891921641782804;-0,0060685492215280835;0,002943741972095848;0,015441754518800477;0,0013960342386047375;-0,010168844346783251
-0,018545890207128903;-0,00633525642720017;0,0043397762107005855;0,0052729101720172256;-0,00041439789787794945;-0,007896713922842802
-0,018054814317545936;-0,005984293452120238;0,003925378312822636;-0,0026238037508255763;0,003221195811899724;-0,004662445769280141
-0,017390147379534943;-0,005422414070159616;0,00714657412472236;-0,007286249520105717;-0,0035787214309726534;-0,002585222223456543
-0,016568465309011047;-0,0049654868382320175;0,003567852693749707;-0,00987147174356226;-0,00317585797766462;-0,0021577985553747764
-0,015460920273498257;-0,004800009587108647;0,00039199471608508674;-0,012029270298937036;0,0033811263401792857;0,006233492914777164
-0,014210661130235476;-0,0050293912057277675;0,0037731210562643724;-0,0057957773841598725;-0,004247933468979892;0,0002274152160493259
-0,012944722198329293;-0,00573994363630437;-0,00047481241271551955;-0,005568362168110547;0,0031555817934905694;0,0019776070971807003
-0,011527858424172534;-0,006682327162247367;0,00268076938077505;-0,0035907550709298464;-0,005995211463338396;0,0010860443316583757
-0,010129987146524399;-0,007847445174914786;-0,003314442082563346;-0,0025047107392714707;0,0008026914217344749;0,0036715061939955607
-0,008624885093645259;-0,009156193390419398;-0,002511750660828871;0,00116679545472409;0,004721386414937315;-0,00019384653383996975
-0,007252360724068653;-0,01056513003549487;0,002209635754108444;0,0009729489208841202;-0,0062367252649023625;0,009602512266350616
-0,005980306380925202;-0,011927394862381377;-0,004027089510793919;0,010575461187234736;0,00198948360102693;0,00012435851799053044
-0,004619866607617414;-0,01325074173243252;-0,002037605909766989;0,010699819705225266;-0,001216130579610869;0,0012623467658870458
-0,003420510414741382;-0,014151070154994274;-0,003253736489377858;0,011962166471112312;0,00047386971622323526;-0,001754257560134198
-0,0023026584582560303;-0,014623405789347017;-0,0027798667731546226;0,010207908910978114;-0,0024366425929189806;-0,0023668398081613806
-0,0013149559613457927;-0,014617254764855267;-0,005216509366073603;0,007841069102816733;-0,005417591216369647;-0,006072877004246968
-0,00043844813536173975;-0,014202787383924394;-0,01063410058244325;0,0017681920985697652;-0,004716809748598196;-0,0019441063829345184
0,000229399315979369;-0,01347467723888085;-0,015350910331041447;-0,0001759142843647532;0,0030312800075762668;-0,00536077006471658
0,0004718827440227477;-0,012675839409894515;-0,01231963032346518;-0,005536684349081333;0,0028320859258263893;-0,005776907123925423
0,00010032975882446845;-0,011884038152282773;-0,00948754439763879;-0,011313591473006757;0,009113178270091456;0,007309683335038841
-0,000764008439312418;-0,011313704268634282;-0,0003743661275473348;-0,004003908137967915;9,613543201177771e-05;0,003957973434786377
-0,002007848413354856;-0,01119591404390606;-0,00027823069553555707;-4,593470318153825e-05;0,0086802916106044;0,0024572010318022475
-0,0032666630324991877;-0,011238280144696558;0,008402060915068843;0,0024112663286207092;0,005583955853272968;0,0012772466965472185
-0,004536606879464941;-0,011282483633614315;0,01398601676834181;0,0036885130251679277;0,0018630026990211906;0,004449789987025443
-0,005470468289827941;-0,011230236469387245;0,015849019467363;0,00813830301219337;-0,006512138681816423;-0,001099791920732035
-0,005844889029457269;-0,011030448784153457;0,009336880785546578;0,007038511091461336;-0,006609717179867719;-0,011625220778129358
-0,005585348990392076;-0,010505128978431935;0,002727163605678859;-0,004586709686668022;-0,004876650211114483;-0,006562265731686029
-0,004952333719905021;-0,009698268729051959;-0,0021494866054356243;-0,011148975418354051;-0,00433657729600459;0,009991528112857057
-0,00421023190519081;-0,009074876867138704;-0,006486063901440214;-0,0011574473054969947;-0,003346641031599401;0,0006004346635927471
-0,0035541095546940257;-0,00889744402195961;-0,009832704933039615;-0,0005570126419042476;-0,0006744563137495857;-0,006371259804217766
-0,0031574297602548493;-0,008766309069000397;-0,010507161246789201;-0,0069282724461220135;0,0016115567374257733;-0,0007533863346756153
-0,003154058163137257;-0,008657454621717355;-0,008895604509363428;-0,007681658780797629;0,0031475138685547327;0,004477692619386742
-0,0035709730158912335;-0,008825731072279191;-0,005748090640808695;-0,003203966161410887;0,0063472033567322506;0,012363946349417981
-0,004343712049019747;-0,009301273874072934;0,0005991127159235554;0,009159980188007094;0,009516146757002714;-0,006086740773545485
-0,0053463747077806085;-0,009904975322323113;0,010115259472926269;0,0030732394144616093;0,004537526503768763;-0,006861227516893914
-0,006325072857904527;-0,010142277563053005;0,014652785976695032;-0,0037879881024323048;-0,003949897248822165;-0,0013703945057693678
-0,006899160629111395;-0,010256650227204435;0,010702888727872867;-0,005158382608201673;-0,0009274936384215671;0,005711649652966944
-0,0068871369612504615;-0,010522542415453157;0,0097753950894513;0,000553267044765271;-0,006900036736348439;0,0070157091151687445
-0,006446997744274614;-0,010994769908029948;0,002875358353102861;0,0075689761599340155;-0,004475539666030023;-0,003907603575252938
-0,005615842723720715;-0,011444866718816124;-0,0016001813129271625;0,0036613725846810774;-0,005974846916011703;-0,001683336974784122
-0,0046696733690427;-0,011592204483204943;-0,007575028228938865;0,0019780356098969554;-0,008691542581692538;0,00024145400547886942
-0,0037875112668817722;-0,011593087344206516;-0,016266570810631403;0,002219489615375825;0,0008998102722429652;0,0006213367250425539
-0,003208350293878399;-0,011514848780812213;-0,015366760538388438;0,0028408263404183787;0,0005598238285699358;-0,0008760889860752186
-0,0032798521533002824;-0,011347830632802876;-0,014806936709818502;0,00196473735434316;0,009896155186540287;-0,0015644572696351666
-0,003966024434257703;-0,011067179431176804;-0,004910781523278215;0,0004002800847079935;0,007749069717423715;-0,003728373443210087
-0,005244474183607864;-0,010707938735377004;0,0028382881941454996;-0,0033280933585020933;-0,002449068268422505;0,0015686599467424345
-0,006719355193889153;-0,010332686836188888;0,00038921992572299446;-0,0017594334117596588;0,006424850439543217;0,006304021865034981
-0,008080704676404623;-0,010090558671340852;0,006814070365266212;0,004544588453275322;-0,003934219449538118;0,005675560982118882
-0,009426485361891172;-0,009918807842963204;0,002879850915728094;0,010220149435394205;0,005346707899169828;-0,010401829853197903
-0,010499703232767072;-0,009565273476454543;0,008226558814897922;-0,00018168041780369792;-0,0008870618146018527;-0,003423617203682422
-0,01145772706701385;-0,008802933132530114;0,007339497000296069;-0,00360529762148612;-0,007749763124056341;0,0010782657711883858
-0,01208668854866471;-0,008047860005317833;-0,00041026612376027227;-0,002527031850297734;0,0014312488007039437;-0,0038946890476308504
-0,012422070150303728;-0,007436998782964997;0,0010209826769436714;-0,0064217208979285845;-0,006092103866497889;-0,0025060400690778695
-0,012773862396893158;-0,006927218834624069;-0,005071121189554217;-0,008927760967006454;0,013500837895946027;-0,008831297026215601
-0,01308481533640484;-0,006674307722200286;0,00842971670639181;-0,017759057993222055;0,0009372205953562252;0,005802436014360146
-0,013598613123498688;-0,00677850704845676;0,009366937301748035;-0,011956621978861909;0,003139145822543543;-0,0007859349843225005
-0,013775222242336866;-0,007593068694442117;0,012506083124291578;-0,01274255696318441;-0,000517461208176806;0,007869329799900487
-0,013577153869105123;-0,00888589521958195;0,011988621916114772;-0,004873227163283922;-0,00042233382430284516;0,011200638489538617
-0,012878842170901716;-0,01068842402324916;0,011566288091811927;0,006327411326254695;0,0026820142399822944;-0,003158448763562749
-0,011700985596053719;-0,012685881913447725;0,014248302331794221;0,003168962562691946;-0,003305411740631481;0,006685859564463159
-0,010060477497533245;-0,014430243350596103;0,01094289059116274;0,009854822127155105;-0,01228927012018284;0,006574606487644796
-0,007850037305741001;-0,016047846285236804;-0,0013463795290201003;0,0164294286147999;-0,009523082627307264;0,007951297296096838
-0,005201881490302249;-0,0172712563347913;-0,010869462156327364;0,02438072591089674;-0,003395000620077984;-0,00962235104758713
-0,002607580856024299;-0,0178374892397538;-0,014264462776405348;0,014758374863309609;0,0021967893658108167;-0,005380838082446826
-0,00044805870799944475;-0,017428493108280433;-0,012067673410594532;0,009377536780862783;-0,0026506798225984785;-0,0022846061408069995
0,0011408849289691958;-0,01642916198227468;-0,01471835323319301;0,0070929306400557834;-0,004380962362558971;-0,008034959060076619
0,002247121629514055;-0,015054729385034413;-0,01909931559575198;-0,0009420284200208351;0,007593111854618591;-0,00527006673771524
0,002764624200731194;-0,013396579562191917;-0,01150620374113339;-0,006212095157736075;0,01002699835713811;0,001885379597516862
0,0025181541481182537;-0,011776110876150254;-0,0014792053839952808;-0,004326715560219213;0,007754470061575673;0,0030073042333254585
0,0018114359458599775;-0,010404125996418035;0,006275264677580392;-0,0013194113268937546;0,0030340611835065947;0,00909589913167036
0,0010455495282418901;-0,009205209739094583;0,009309325861086987;0,007776487804776605;-0,00626665845975464;-0,0016226770452487521
0,0005306736977270186;-0,008059069934846882;0,0030426674013323465;0,006153810759527853;0,005076409512993969;-0,004164505962437032
0,0003881709016556265;-0,0066018706184081165;0,008119076914326315;0,001989304797090821;-0,0073723041013091135;-0,007579273223739871
0,0003673748016375282;-0,0048985188715882375;0,0007467728130172019;-0,00558996842664905;-0,007529292843905962;0,0020677846736779776
0,0006713417781924826;-0,003115594932884725;-0,0067825200308887605;-0,0035221837529710726;-0,004675265508531486;0,0022402420285689006
0,001005179667268125;-0,0015562697312471747;-0,011457785539420246;-0,001281941724402172;-0,002104212784973431;-0,006180448377916432
0,001067716755108217;-0,0001378318797284673;-0,013561998324393677;-0,007462390102318604;0,006712162615951145;-0,008961895033320212
0,0006719424213714991;0,0012293283028141533;-0,006849835708442532;-0,016424285135638816;0,0005076520266385429;0,006444907756515801
-0,0002663118453409658;0,0022979928812640296;-0,0063421836818039895;-0,009979377379123015;0,0038735177799350193;0,007166894313313625
-0,001478559540391132;0,002709686054288353;-0,0024686659018689702;-0,0028124830658093902;0,0023901946175581903;0,00015085970516341696
-0,002944494582713458;0,0027222041321477565;-7,847128431077988e-05;-0,0026616233606459733;0,00145569144206735;-0,007877743856403448
-0,004509176261110542;0,002622222887374784;0,0013772201577565701;-0,010539367217049421;-0,00022185091028611992;-0,003561873268961749
-0,006076996790880059;0,0024157767081759724;0,0011553692474704502;-0,01410124048601117;0,0038387720211123244;0,006223208871053425
-0,007589728514339311;0,001787755840295184;0,004994141268582775;-0,007878031614957745;0,0009696391172345775;0,007051652238449259
-0,009056245467899746;0,0005956853529739489;0,005963780385817352;-0,0008263793765084862;0,004583740516985513;0,0028665882765673556
-0,01032299677071687;-0,000911506398945596;0,010547520902802865;0,0020402089000588694;-0,0012934532681236899;-0,004864927875771592
-0,0113511968581013;-0,0024517533259254803;0,009254067634679175;-0,002824718975712723;-0,004211207767143843;0,0019809541692628607
-0,011957496109373616;-0,00391039189690301;0,005042859867535332;-0,0008437648064498621;-0,0017984560334666777;0,005439726705662437
-0,012193632655258765;-0,005482019226909048;0,0032444038340686543;0,004595961899212575;-0,005016224436139138;0,004035406594861263
-0,012228054806442498;-0,0070873971491730815;-0,001771820602070484;0,008631368494073838;-0,0024586576417724437;-0,0003093616913923958
-0,012132700804263487;-0,008508936595468612;-0,004230478243842928;0,008322006802681442;0,0008431819434330801;-0,007643944517466278
-0,012108219626167295;-0,009585221302001188;-0,0033872963004098477;0,0006780622852151641;0,005936480366913688;-0,0007981607850897632
-0,012252957577824821;-0,010328625736426506;0,00254918406650384;-0,00012009849987459909;-0,0020351216756933077;0,005288092129815014
-0,012533187381498742;-0,011044907679443218;0,0005140623908105324;0,005167993629940415;0,005762446923569031;-0,0026325869378505673
-0,012711449822512506;-0,011765993562454915;0,006276509314379564;0,0025354066920898477;-0,00022652145278073688;-0,007958894587626497
-0,01286914976789385;-0,012280359700268995;0,006049987861598827;-0,0054234878955366495;0,0006787674519339038;-0,0026351868009231727
-0,012775789340700013;-0,012693309570399481;0,0067287553135327305;-0,008058674696459822;-0,0041885293425161785;0,013736622408879018
-0,012440429399042222;-0,013323198956351432;0,002540225971016552;0,005677947712419196;-0,00668190370612709;0,005503377243409047
-0,011835919244843122;-0,014275435330161778;-0,004141677735110538;0,011181324955828242;0,0005219532820442407;-0,005970117493078353
-0,011129800051803357;-0,015000553795475354;-0,0036197244530662975;0,0052112074627498894;-0,005505047530874718;-0,0027037754221097554
-0,010589347968168017;-0,0152784192625558;-0,009124771983941016;0,002507432040640134;0,0018440768918113748;0,00472566249374573
-0,010193684862655327;-0,015347836431126251;-0,007280695092129641;0,007233094534385864;-0,0016996175835449767;0,006156990568949805
-0,010163012636500279;-0,015316956318071099;-0,008980312675674618;0,01339008510333567;0,0050742637616691955;-0,011654087572264271
-0,010423568214030416;-0,014996752423640508;-0,003906048914005422;0,0017359975310713982;0,00410941726590619;-0,007998288035683088
-0,01104333629858754;-0,014140945125076495;0,00020336835190076785;-0,0062622905046116895;0,004523823919505399;-0,0012053669159130531
-0,011819346339704877;-0,013215697925269623;0,0047271922714061665;-0,007467657420524743;0,003548845305722581;0,008937820587119782
-0,012587221646746185;-0,01254094234564722;0,008276037577128748;0,0014701631665950399;-0,0001938662143395331;7,694183906392649e-06
-0,013166009262931246;-0,012164893062845806;0,008082171362789214;0,0014778573505014325;-0,0017204186702254876;-0,0046153474939679695
-0,013413755376031159;-0,01173003725338059;0,006361752692563727;-0,003137490143466537;0,00024441502445765595;0,0048148287182983585
-0,0133382146346195;-0,011236067149895317;0,006606167717021383;0,0016773385748318215;-0,003292638720054697;0,0015094634493197645
-0,013008203785505294;-0,010867596652148707;0,003313528996966686;0,003186802024151586;-0,003969854610944401;0,004410978183760822
-0,012413946227710233;-0,010432032611408822;-0,0006563256139777152;0,007597780207912408;0,0021835322803485657;-0,006082250001379741
-0,011687147510036505;-0,009868996489702873;0,0015272066663708506;0,001515530206532667;0,0011103068758932244;0,0010675366607220682
-0,010986601816921885;-0,00900204915968043;0,002637513542264075;0,0025830668672547352;0,0001265101913151545;-0,002554527759309949
-0,010224967857152429;-0,008074480621396679;0,0027640237335792295;2,853910794478609e-05;-0,00504063318974185;-0,006347562773698606
-0,009357833355692412;-0,0070435894084227395;-0,0022766094561626204;-0,00631902366575382;-0,002095978803054316;0,0004559539584910177
-0,008380137904889225;-0,006011556631131007;-0,004372588259216936;-0,005863069707262802;-0,0025394174448247764;-0,0019585144912977748
-0,007493506832332544;-0,005232284800469429;-0,006912005704041713;-0,007821584198560577;0,0004228783711462125;-0,0010018949132251653
-0,006781779290144539;-0,004687535758098362;-0,0064891273328955;-0,008823479111785743;-0,0004275780543416263;-0,00405706150503618
-0,0063465319761182035;-0,004455650083669719;-0,0069167053872371265;-0,012880540616821923;-0,00037394969623624763;2,95755271259579e-05
-0,006170849755407689;-0,004576703573712505;-0,007290655083473374;-0,012850965089695965;0,002060240450454942;0,00396718235551044
-0,0062718357501866575;-0,005212978688428168;-0,005230414633018432;-0,008883782734185525;0,004087419786378943;0,004505449383941568
-0,006664447948304561;-0,0063632924067316705;-0,001142994846639489;-0,004378333350243957;0,008119434147056959;0,007518679796468197
-0,007266276731743204;-0,007868957434402593;0,00697643930041747;0,0031403464462242403;0,0004025164809097759;0,005419560689275654
-0,007913825309047424;-0,009549755796083274;0,0073789557813272455;0,008559907135499895;1,1911680346254894e-05;0,006355680236496436
-0,008282316314334947;-0,011104940299914986;0,0073908674616735;0,01491558737199633;-0,0029647387174731588;-0,0013827224749335953
-0,00835564908836938;-0,012317728518326701;0,004426128744200342;0,013532864897062735;-0,002256530567474241;0,002218075800239583
-0,008133347163936872;-0,012933893241858563;0,0021695981767261008;0,015750940697302318;-0,00625747374564109;-0,004908763171456887
-0,007734000089736351;-0,013008743369507917;-0,004087875568914989;0,010842177525845431;0,00028737808093398653;-0,011246471528883584
-0,007247869088466786;-0,012453555869265177;-0,0038004974879810027;-0,00040429400303815255;-0,0020893755853126916;-0,003549164611441724
-0,00692525310995382;-0,011464681267988618;-0,005889873073293694;-0,003953458614479877;-0,004215178483210152;-0,0007180641723031345
-0,006754657030960095;-0,010491978426833588;-0,010105051556503847;-0,004671522786783011;0,005116651750975643;-0,0011877180110919927
-0,006819655874898117;-0,009677413930257752;-0,004988399805528204;-0,005859240797875004;-0,0002678984362123604;-0,006269210722536722
-0,0072888567810962925;-0,009049710345153237;-0,005256298241740565;-0,012128451520411726;0,008589532578254733;0,0019345079822543632
-0,007957593679515597;-0,008656376391963722;0,003333234336514168;-0,010193943538157363;-0,0022520862310302647;0,009788081905437368
-0,008836582507604523;-0,008748180499590676;0,0010811481054839034;-0,00040586163271999487;-0,000913813447504852;0,006946079990422127
-0,009582241962232884;-0,009247742348743924;0,00016733465797905134;0,006540218357702132;-0,0013708330540875557;-0,004793992585756718
-0,010284655492641888;-0,009763538663205971;-0,0012034983961085044;0,0017462257719454144;0,0015815408612993576;-0,002783073208717818
-0,01098037563673173;-0,010017726243359934;0,00037804246519085316;-0,0010368474367724034;-5,149132736004258e-05;0,0025862315707133043
-0,011724235716665912;-0,010202064792636082;0,0003265511378308106;0,001549384133940901;0,005662987945210252;-0,0017816677505889111
-0,01245297409799246;-0,010427877239383123;0,005989539083041062;-0,00023228361664801023;0,0013613717855600616;0,0005745374359090172
-0,013168650433805777;-0,010591714320772529;0,007350910868601124;0,00034225381926100695;0,0006614949011560789;-0,001367510841166819
-0,013644745206297448;-0,010764842746827857;0,008012405769757203;-0,0010252570219058121;-0,005320409339383714;0,0021086365259970208
-0,013826803544045077;-0,010924281020112744;0,002691996430373489;0,0010833795040912086;0,006006462256933243;-0,0023077533107905834
-0,013688365651002416;-0,011124729574273863;0,008698458687306732;-0,0012243738066993748;0,0018932716274278616;-0,0008157588061291632
-0,013442247900744818;-0,011281842948271333;0,010591730314734593;-0,002040132612828538;-0,007975350178636653;0,004838973327215612
-0,012848191802994948;-0,011487931274536779;0,00261638013609794;0,002798840714387074;-0,0025172596985221785;-0,0007209064514185348
-0,011830466492655695;-0,011775624905315365;9,91204375757615e-05;0,0020779342629685393;-0,006917410127931428;-0,003984917598344739
-0,010708085976872526;-0,01195136490751847;-0,006818289690355667;-0,0019069833353762;0,004926777648259828;-0,005668191755585417
-0,009581740643586325;-0,012043987539202832;-0,0018915120420958387;-0,007575175090961617;-0,002762998443856274;0,003195260135460065
-0,008728126897914351;-0,012212889504302242;-0,0046545104859521125;-0,0043799149555015515;-0,003868061848936566;0,004393795104873088
-0,007950173633926211;-0,012684798473040118;-0,008522572334888678;1,388014937153681e-05;0,0036762140891325734;0,001785375490480412
-0,007358400789376155;-0,013331904039998056;-0,004846358245756105;0,0017992556398519488;0,0014287656906977197;0,0034734532396058504
-0,0071075308382216465;-0,013978454400981132;-0,0034175925550583852;0,005272708879457799;0,004867948020865959;0,003976475915473787
-0,007050515216897381;-0,014553034536370128;0,0014503554658075735;0,009249184794931586;-0,0009845554253088695;0,004316074996018382
-0,007130203297775453;-0,014916706316580815;0,00046580004049870394;0,013565259790949968;0,005491528162619441;-0,00427963831505046
-0,007151877160021221;-0,014910410704994237;0,005957328203118145;0,009285621475899508;-0,0008192045169676532;0,0008185339781811019
-0,0071549190206470405;-0,01436150470176966;0,005138123686150492;0,01010415545408061;-0,0003206645634813432;-0,004352107881424816
-0,006919667753148135;-0,013441173839509104;0,004817459122669149;0,005752047572655794;-0,006467643021181496;-0,0037569935039443725
-0,006478891538203209;-0,012116676759085324;-0,0016501838985123474;0,0019950540687114215;-0,00018362207269340125;-0,004968012811820105
-0,005845416958351517;-0,01056209777575531;-0,0018338059712057486;-0,0029729587431086835;0,0017435798799435576;-0,0014484732330531103
-0,005277949734440319;-0,00892771662967684;-9,022609126219105e-05;-0,004421431976161794;-0,0015343388815086262;0,0021151270856653442
-0,004783834749377352;-0,007412253833322719;-0,0016245649727708172;-0,0023063048904964495;0,0013339749291128578;-0,0007606633502133808
-0,004293328807964871;-0,0060736483160150675;-0,0002905900436579595;-0,0030669682407098303;-0,0014553555663039813;0,0015704450629953348
-0,0038678054654632237;-0,004827294994327275;-0,0017459456099619408;-0,0014965231777144955;0,00334384507945662;-0,0027303834633944923
-0,003453905724707895;-0,003703620402267876;0,001597899469494679;-0,004226906641108988;0,0018747367175283788;-6,514355687952181e-05
-0,0031098438083510434;-0,0026398067373170566;0,003472636187023058;-0,00429205019798851;-0,0023803888198621753;-0,0019345381456190927
-0,0027018659132144046;-0,0017450693380105964;0,0010922473671608826;-0,006226588343607602;-0,0011032599105193636;-0,0015359306569143055
-0,002154982570596844;-0,0010220139466236768;-1,1012543358480953e-05;-0,007762519000521908;-0,0030202865007717423;0,010344475465868613
-0,0015644093332928474;-0,0005480220889810612;-0,0030312990441302232;0,0025819564653467054;0,0023951330430745325;-0,005343561687738436
-0,0009742765977231904;-0,000384530991359322;-0,0006361660010556908;-0,0027616052223917303;-0,0017529741633769795;-0,0016805365279054778
-0,0005053958239187423;-0,00011776163512371455;-0,0023891401644326703;-0,004442141750297208;0,0077464283477489786;-0,0039838833891169215
-6,196169015652191e-05;3,854351221622369e-05;0,005357288183316308;-0,00842602513941413;-0,006896571452133545;-0,0028176299737042113
0,00028590683702839174;1,71629895442736e-05;-0,0015392832688172365;-0,011243655113118341;0,0002664104865063178;0,008793143317889341
0,0008480668915459577;-0,0003412585387042417;-0,0012728727823109187;-0,0024505117952289997;-0,004031723608040598;0,002504934510853582
0,0013486556153108342;-0,0011494262714774907;-0,005304596390351517;5,442271562458231e-05;0,0011936611102110958;0,0014759902298384468
0,001798329427783274;-0,0020556144760598997;-0,004110935280140421;0,0015304129454630291;0,0017379251945909627;0,006119891144647262
0,002035819384641653;-0,0029596257720173255;-0,002373010085549458;0,007650304090110291;-0,003269345049129721;0,005464481019333695
0,0021088719302944153;-0,0038024205501562295;-0,005642355134679179;0,013114785109443985;0,001698033700690639;0,004468594167839679
0,0020870040725251993;-0,004339203164690723;-0,00394432143398854;0,017583379277283664;0,001308248008801624;-0,005907558051387818
0,001839442009368816;-0,004351394374847456;-0,002636073425186916;0,011675821225895847;0,0031648998189096385;-0,013668446662296843
0,0014341070888528912;-0,0036602504139128427;0,0005288263937227224;-0,0019926254364009965;0,0029769145747768726;-0,002298313429533655
0,0009233292313294897;-0,0025020736039423957;0,003505740968499595;-0,0042909388659346515;-0,0005549642966299166;-0,002136375682124294
0,0004337044295549971;-0,0014236018114279886;0,0029507766718696784;-0,006427314548058945;-0,0028599783308286206;-0,0018900344654024567
8,430926652048826e-05;-0,0005167675735509676;9,079834104105781e-05;-0,008317349013461402;-0,004134169720125458;-0,0010712998797481835
-0,00014705482963923338;0,00013297408240369574;-0,0040433713790844;-0,009388648893209586;0,0011372477659745348;-0,0008515753521719672
-0,0003747869921573127;0,000450021777819903;-0,002906123613109865;-0,010240224245381553;-0,004754728685832748;0,009611935378764666
-0,0007642540098387681;0,00039152351750772673;-0,007660852298942613;-0,000628288866616887;0,005509482821321066;-0,0005027271608706845
-0,001269965972044618;-7,658371261971158e-05;-0,0021513694776215467;-0,0011310160274875716;0,003536887060306526;0,0014177187137227182
-0,0020821120262081725;-0,0005698224974118254;0,0013855175826849794;0,0002867026862351466;-0,0004670179478085054;0,004912832392814594
-0,0029803128594765886;-0,001108301923303442;0,000918499634876474;0,005199535079049741;0,004289690379914932;-0,0005266529309877373
-0,0038230929894376062;-0,0016353132417456528;0,005208190014791406;0,004672882148062003;-0,0019816404144416266;0,0009274460411928878
-0,004629133134003564;-0,001954343157025874;0,003226549600349779;0,005600328189254891;0,005423408921234121;-0,0032783022609710125
-0,0052268456779778665;-0,0020864577863836152;0,0086499585215839;0,0023220259282838787;-0,0053738479495783475;-0,001322577444217314
-0,005695496237938177;-0,0019945592881711605;0,0032761105720055528;0,0009994484840665646;-0,007143213774199103;-0,0003292353230985104
-0,0058181484570351315;-0,0018097797528273509;-0,0038671032021935503;0,0006702131609680542;0,0004713075422812796;-0,0008409966867543063
-0,005809756253251865;-0,0015850222781208785;-0,0033957956599122707;-0,00017078352578625208;0,0018601448707643298;-0,00742975535232368
-0,005956048177556339;-0,001333456276975684;-0,001535650789147941;-0,007600538878109932;0,006167004070540494;-0,0008838877060028047
-0,006238171928257305;-0,0010887216168619395;0,004631353281392553;-0,008484426584112737;-0,0020940999319662146;-0,0026800750546179114
-0,006581721710524188;-0,0011480085118725923;0,0025372533494263383;-0,011164501638730649;0,005530570969104115;0,003919074414454372
-0,0067400173615353685;-0,0015466724702477548;0,008067824318530453;-0,007245427224276277;0,003160940418970304;0,0018275996434165068
-0,006796822878569497;-0,002391916494172143;0,011228764737500757;-0,00541782758085977;-0,0004503898082473118;-0,004490955128709874
-0,006530915422862406;-0,0035269776070675826;0,010778374929253445;-0,009908782709569644;-0,002124435419616419;0,008932088890933984
-0,0058158573776552844;-0,004878751823197413;0,008653939509637026;-0,00097669381863566;-0,01001009514330662;0,009253372288916345
-0,004669664335278026;-0,006626877347710029;-0,0013561556336695937;0,008276678470280685;0,000280271442411939;9,764879780260749e-05
-0,003177313712515286;-0,008414070624968071;-0,0010758841912576547;0,008374327268083293;-0,005009746571900141;-0,006213874534149039
-0,0017392093150993301;-0,009870196763414886;-0,0060856307631577955;0,002160452733934254;-0,0053195918956165066;0,004087561984202542
-0,00034414028533368024;-0,01099134981113837;-0,011405222658774302;0,006248014718136796;0,0018834537034657928;0,0036940139100272162
0,0008075035139056579;-0,012026084749504482;-0,00952176895530851;0,009942028628164012;-0,0021178865043158072;-0,0028671711902102937
0,0015029384067940237;-0,012810899099145123;-0,011639655459624317;0,007074857437953719;0,002832274058650608;-0,004880047244694208
0,0018175025414700493;-0,013198032303659204;-0,008807381400973709;0,002194810193259511;0,003854415344770757;0,003999989241450674
0,0016664804577611022;-0,013302171210655135;-0,004952966056202952;0,006194799434710185;0,0025717638728889325;0,005260857855109546
0,0011631631180132069;-0,013318517709920688;-0,002381202183314019;0,011455657289819732;0,0012426445527905679;-0,008241759605609855
0,0004617271360171933;-0,013087072231797831;-0,0011385576305234513;0,0032138976842098765;0,0024119862416999913;-0,005846197179237289
-0,00033495693331138106;-0,012397400462082186;0,00127342861117654;-0,0026322994950274126;0,004093093730974003;0,003607480623762316
-0,0011771833078608935;-0,011579172784998147;0,005366522342150543;0,0009751811287349033;0,00150681726639023;-0,0011372031850981346
-0,001968472537963344;-0,010866237087715202;0,0068733396085407725;-0,0001620220563632313;0,0027283928905522323;-0,004417128037635082
-0,0025451008743797732;-0,010114294145282863;0,009601732499093005;-0,004579150093998313;0,0017163181035656158;0,0033658532369336414
-0,0028467956264545714;-0,009368832085105052;0,01131805060265862;-0,0012132968570646718;-0,00735480656506543;0,006996049663717169
-0,002764421078565649;-0,008806536028687174;0,00396324403759319;0,005782752806652497;0,0006176783601402717;0,0023953330901493874
-0,0022293245065703824;-0,008292771846551883;0,004580922397733462;0,008178085896801884;0,002124059910536699;-0,0019488015524581626
-0,001535698173071388;-0,007547697552150492;0,006704982308270161;0,006229284344343722;-0,0011939836349973733;0,003166810534356135
-0,0006588349436630549;-0,006475499821877026;0,005510998673272788;0,009396094878699857;-0,004321268285732011;0,007560860544356118
0,0004862275780760845;-0,00515413071782981;0,0011897303875407772;0,016956955423055975;-0,0051254872803898;-0,005403527718038106
0,0018517300467461354;-0,0034569178186346005;-0,0039357568928490225;0,011553427705017869;0,0008839184488506;-0,00753438706770862
0,0032648217309178174;-0,0010814267025171522;-0,0030518384439984225;0,0040190406373092485;0,00018425451190492992;-0,008695609838035398
0,0045204831393755385;0,001756201521801011;-0,0028675839320934926;-0,0046765692007261495;-0,005487557187867309;-0,005035635259156457
0,0056540710100733225;0,004754591371611544;-0,008355141119960802;-0,009712204459882606;-0,0009419531977518936;-0,006526497468596348
0,0066729555234873675;0,007565918453393031;-0,009297094317712695;-0,016238701928478955;0,0011308220019448367;-0,008683212437488291
0,00735763439210298;0,009988757356779215;-0,008166272315767859;-0,024921914365967246;0,004770247206592693;0,0032034600358556986
0,007670429488010084;0,011762048183026239;-0,003396025109175166;-0,021718454330111547;0,005080719586769283;0,004863615214563244
0,007656573691286475;0,012538462434634573;0,0016846944775941175;-0,016854839115548303;0,0006050082205557028;0,013526396299057053
0,007506876890195859;0,012446138513038447;0,0022897026981498203;-0,0033284428164912505;0,003400246313359362;0,011085701304904827
0,007424567868209006;0,011679621026820387;0,005689949011509182;0,0077572584884135765;0,00043011159835568136;-0,002143974393484238
0,007433846954148148;0,010779965827942679;0,0061200606098648636;0,005613284094929338;-0,002150082341193932;0,0031462111659409375
0,007670724000547657;0,010190600968601514;0,003969978268670932;0,008759495260870276;-0,0011761926104897347;-0,000649200635630065
0,00815240347134176;0,009825767473057521;0,002793785658181197;0,00811029462524021;-0,005614097512191135;-0,0019546277521668154
0,0087928820728827;0,009811313787948339;-0,002820311854009938;0,0061556668730733954;0,004035707811137379;-0,003410713499976681
0,009545112100750888;0,010121271887848766;0,0012153959571274409;0,0027449533730967146;-0,0038104895652170123;-0,006029483314531903
0,01018452965445868;0,010677456662672129;-0,0025950936080895715;-0,003284529941435188;-0,00419835980780181;0,001158461637565722
0,010872563046451567;0,01134343957241936;-0,006793453415891382;-0,002126068303869466;-0,0062629204522485216;0,0015191271113815796
0,011456792694120872;0,011878041284509184;-0,013056373868139903;-0,0006069411924878865;0,004347197994052421;0,0004749756605675337
0,011769284205154521;0,01232760026444423;-0,008709175874087483;-0,00013196553192035276;0,002397236990417495;-4,3563519598277534e-05
0,011559520761462577;0,01275288159667976;-0,0063119388836699875;-0,0001755290515186303;-0,005141145453540635;-0,003432833720978301
0,011001390282807132;0,013172884307638475;-0,011453084337210623;-0,0036083627724969314;0,0065093030445528;0,0006453114242792601
0,010190782248804885;0,013585865856536447;-0,004943781292657823;-0,0029630513482176712;0,0004405093523093262;0,009253430512101701
0,008922050841314217;0,01385451289453454;-0,004503271940348497;0,00629037916388403;0,004958631618022957;-4,523555124075207e-05
0,007455568182117234;0,014004637878603924;0,0004553596776744606;0,006245143612643278;0,0022888550103585537;-0,003785853969933084
0,005808954645306312;0,014406378029228672;0,0027442146880330143;0,002459289642710194;7,193203202959797e-05;-0,006871956336660101
0,004180555495602367;0,015057923924359153;0,0028161467200626122;-0,004412666693949907;0,0029749228058878682;-0,0037847696550343257
0,002661924933419744;0,015807841405198038;0,0057910695259504805;-0,008197436348984233;0,00024942450512146705;-0,00214164780435272
0,0012559402400396248;0,01638125221827893;0,0060404940310719475;-0,010339084153336953;0,002226692097287302;-0,0018741962782851118
8,159832769752493e-05;0,01662676557740045;0,00826718612835925;-0,012213280431622064;0,0009689794013551419;0,006020843366529471
-0,0008511238234016969;0,016458715570388492;0,009236165529714391;-0,006192437065092593;-0,0024057424499130224;-0,0008324828711011034
-0,001453158529366549;0,015802134346111652;0,006830423079801369;-0,0070249199361936965;0,0024943220664469454;0,00402805142889584
-0,0016857466141428253;0,014897855639231109;0,009324745146248314;-0,0029968685072978563;-0,001823438942394097;0,011883014359321098
-0,0016451177757270466;0,013712580134902817;0,0075013062038542175;0,008886145852023242;-0,00036704549532404207;0,004956758973923003
-0,0012314991314613356;0,01240742989028261;0,007134260708530175;0,013842904825946245;-0,009350830725072222;-0,003274573610978826
-0,0005178282390414557;0,011457725479743336;-0,0022165700165420466;0,010568331214967419;0,00017540492838274274;-0,007824297408991487
0,0004812130817196311;0,011061737262241909;-0,002041165088159304;0,0027440338059759317;-0,004818053450357872;-0,0020440407392491866
0,001391591601819036;0,01108848229333918;-0,0068592185385171756;0,0006999930667267451;-0,0011806681636546135;0,00027301427502551823
0,002220323518392069;0,011224988676675488;-0,008039886702171789;0,0009730073417522633;0,002295306601931779;0,0023392004651708875
0,002774686693424415;0,011389494782680865;-0,00574458010024001;0,003312207806923151;-0,004263346626837458;-0,008677219872201769
0,003007454400369889;0,011592921182356334;-0,010007926727077468;-0,005365012065278618;0,006646559764571361;-0,005882494461412369
0,0030104389033057625;0,011928835894308728;-0,003361366962506107;-0,011247506526690987;0,0018023509760800166;0,002579648514662747
0,0026131063371585377;0,012050150123649976;-0,0015590159864260905;-0,00866785801202824;0,005854517877248212;0,015275191844041802
0,0020813190925110686;0,011721564091923587;0,004295501890822121;0,006607333832013562;-0,0007266352439290989;0,004986898643228266
0,001487171208406556;0,011046263739716067;0,003568866646893022;0,011594232475241828;-0,0045537944434635505;-0,009710733262168592
0,0010648433999349278;0,01063525674078909;-0,0009849277965705283;0,0018834992130732364;-0,0019055700912973678;0,0053314858336994675
0,0007852702573390208;0,010688019040871785;-0,002890497887867896;0,007214985046772704;-0,0009579542907318574;0,0034382264867584
0,0004663000028802926;0,01081612130947741;-0,0038484521785997535;0,010653211533531104;-0,001384626039427371;-0,005145733533303831
3,170983290684852e-05;0,011232822979953944;-0,0052330782180271245;0,005507478000227273;0,0003075499986110227;-0,014102660074072015
-0,0005568184242105857;0,012075653111771723;-0,004925528219416102;-0,008595182073844743;-0,0036976245990164858;0,002847292206034857
-0,0013546698100491048;0,01313878236359859;-0,008623152818432588;-0,0057478898678098855;0,00623494814303098;0,005813408171105261
-0,002349542324664268;0,013858104332471671;-0,0023882046754016076;6,551830329537545e-05;0,011493029965858596;-0,008241733557305786
-0,0036893409520167347;0,014347510706632354;0,009104825290456989;-0,00817621525401041;-0,0008682734786556873;0,004834359492953633
-0,005124667766385265;0,014839537812924852;0,008236551811801301;-0,003341855761056778;0,0009060724950253896;0,00331288788661821
-0,006195801569135517;0,015004516309056935;0,009142624306826691;-2,8967874438567964e-05;-0,00045905940788479316;-0,0033451554085100477
-0,006937473299413717;0,015035820574746747;0,008683564898941898;-0,0033741232829486156;0,0035989805224223015;-0,0034846390614817757
-0,007313440057418848;0,015065966125459013;0,0122825454213642;-0,006858762344430391;-0,004335559350082313;-0,0033286177303644693
-0,007342064219466304;0,014961146744853337;0,007946986071281886;-0,01018738007479486;-0,012114746444948005;0,0024124982461677935
-0,006879386564659192;0,014581976870470446;-0,004167760373666118;-0,007774881828627067;-0,0014892500006589704;0,0029683625108437584
-0,006098829467000804;0,01379531179309576;-0,005657010374325089;-0,004806519317783309;-0,0004969829796070968;0,0026935985626146963
-0,005484982784289062;0,01269765144257599;-0,006153993353932186;-0,0021129207551686124;0,0018922410292050718;0,003925450520059631
-0,005097416516550323;0,011407730319344889;-0,004261752324727114;0,0018125297648910188;0,0021737506665993334;-0,0015783471490849743
-0,004956009982968871;0,010033292365907043;-0,0020880016581277805;0,0002341826158060445;0,0014187113650890593;0,005654724981751874
-0,0049850735423765035;0,008731355603064837;-0,0006692902930387212;0,005888907597557919;0,004186818433221107;0,0034456939834518197
-0,005097657168109247;0,007438786144854875;0,0035175281401823855;0,009334601581009738;0,0018611757697360176;-0,0011113182945523548
-0,00523701240556354;0,0063817729905472275;0,005378703909918403;0,008223283286457383;-0,0039711524696508654;-0,007517123366282685
-0,005235666517410538;0,005698143899479971;0,0014075514402675376;0,0007061599201746982;-0,0011950917944344996;0,0006445832174662436
-0,005019172472860799;0,005343446139871009;0,000212459645833038;0,0013507431376409418;-0,000614626653209896;0,0036546124830387217
-0,0047463763707003585;0,005016994777069034;-0,00040216700737685795;0,0050053556206796634;4,2395128388814096e-05;-0,005286329387027278
-0,004465081882706597;0,004744573139772699;-0,00035977187898804386;-0,0002809737663476142;-0,0019524959862620983;0,0007740970954794035
-0,00419987407500791;0,004672365727303549;-0,002312267865250142;0,0004931233291317894;0,002735217945756277;-0,0008016999343512243
-0,003949057142468744;0,004588919364180495;0,0004229500805061348;-0,000308576605219435;0,0064136395376069855;0,0019002005960557233
-0,0037907309245395837;0,004525197934222712;0,00683658961811312;0,0015916239908362884;-0,0013179483472192804;0,00032449590098386494
-0,0036154867033901784;0,004449133440056152;0,00551864127089384;0,0019161198918201533;-0,0007673077136662043;-0,005246698307544234
-0,0031667788975162483;0,004436733905523044;0,0047513335572276355;-0,003330578415724081;-0,00585771601291276;0,008633923435562588
-0,0024973254408065643;0,004500979166662741;-0,0011063824556851246;0,005303345019838507;-0,0008400351086894665;0,0015214341616802407
-0,0016378186418077752;0,004432001291173476;-0,001946417564374591;0,0068247791815187475;-0,0027260901935674976;-0,007050689225870918
-0,0008225671410363908;0,0045751572164777505;-0,004672507757942089;-0,00022591004435217055;0,0020809023027666233;-0,005008076128364042
-8,517234283999023e-05;0,004991304309042775;-0,0025916054551754653;-0,005233986172716212;-0,001657549800163088;0,0007852250380335907
0,0004653221450387268;0,005398414999833713;-0,004249155255338553;-0,004448761134682622;0,0005038233713152256;0,004835953940480225
0,0009121524147104253;0,005596166243716002;-0,003745331884023328;0,00038719280579760373;9,31043194040207e-06;-0,0025394418213766645
0,0011890164741685816;0,005615967042210987;-0,0037360214520829257;-0,002152249015579061;0,003560312960493063;-0,007681107679282512
0,0013160672582658048;0,005651255552937875;-0,00017570849158986268;-0,009833356694861572;0,0019242114430695623;0,006003734189396204
0,0012936771842797109;0,005600454103041601;0,0017485029514796996;-0,0038296225054653688;0,00011387011775244177;0,0070596818614573065
0,0012642587706300228;0,005156318385350864;0,0018623730692321414;0,0032300593559919377;0,0015788565090341655;0,006904197040947219
0,0013047804750395222;0,004558997767441513;0,003441229578266307;0,010134256396939156;-0,006391821009797551;-0,002692766615307471
0,0014197971022183076;0,004090879523771839;-0,0029505914315312437;0,0074414897816316855;0,0004916012250353041;-0,004015006008899494
0,0016724629125277452;0,004028131535979731;-0,0024589902064959396;0,0034264837727321917;-0,0025677812206125264;0,00034985911591849106
0,001807105065575933;0,00426304313945289;-0,005026771427108466;0,003776342888650683;-0,002556036951249129;-0,006507622613476358
0,0018433876103642831;0,004635014093835338;-0,007582808378357595;-0,002731279724825675;0,002696588215912697;0,0008110255330570915
0,001678599298068295;0,005158038763763813;-0,004886220162444898;-0,0019202541917685834;0,003331655185454665;-0,0050355533869675395
0,0012104986506380026;0,00557181224469926;-0,001554564976990233;-0,006955807578736123;0,005657947854851023;0,0016887268061393235
0,0005469491967099144;0,005908775557963965;0,00410338287786079;-0,005267080772596799;0,0032438398454971706;0,00019210939466041133
-0,00017878285629778295;0,0059675065680792234;0,007347222723357961;-0,005074971377936388;-0,002056539752155185;-0,00018480696804071273
-0,0007403795941910488;0,005815554347290612;0,005290682971202776;-0,005259778345977101;0,0027206693059850136;0,009370449499030528
-0,0010080874231499961;0,005460603271384543;0,00801135227718779;0,004110671153053427;-0,0034245149146026003;0,005070541969675463
-0,0010641679332608325;0,004895261061639391;0,004586837362585189;0,00918121312272889;-0,004871027746203946;0,0026542115294730106
-0,0007997943522841573;0,004494345698016376;-0,0002841903836187567;0,0118354246522019;0,0007357871692980477;-0,005345647366053696
-0,0003519472768040746;0,004460678859302516;0,000451596785679291;0,0064897772861482045;0,00470193120152744;-0,004142900175821959
8,453218333125793e-05;0,004900429006676733;0,005153527987206731;0,0023468771103262454;0,0035678254297724227;0,0016550678922601092
0,000539075514893762;0,0055997702454968785;0,008721353416979154;0,0040019450025863545;-0,003603129245636147;-0,0027714903846636774
0,0011997599659445354;0,006392986568730072;0,005118224171343007;0,0012304546179226772;-0,0026214810117079074;-0,008595660625419915
0,002209298553674475;0,007346280692066722;0,0024967431596350995;-0,007365206007497238;-0,001454450106728504;-0,002072749651956668
0,003423566108258135;0,008348793000120277;0,0010422930529065955;-0,009437955659453906;-0,00990092284696538;-0,006113611419182097
0,0047377033892271984;0,009056697067873943;-0,008858629794058784;-0,015551567078636003;-0,001907517058006139;0,0009410024059416655
0,006093532392312526;0,009387082909249453;-0,010766146852064923;-0,014610564672694337;-0,003564701096802736;0,004732553458942523
0,0070950162036355026;0,009095406067479524;-0,014330847948867659;-0,009878011213751814;0,008684975141572598;0,008579317833101258
0,007665854140875882;0,00821930663880182;-0,00564587280729506;-0,0012986933806505563;0,0025006556904887123;0,005560553255336234
0,007663458160161555;0,006948086761574044;-0,003145217116806348;0,004261859874685678;0,0036515175338619754;0,003097493943159821
0,007435227267155425;0,005624919149120246;0,0005063004170556273;0,007359353817845499;-2,781945338403702e-05;0,005684085446814521
0,007081187689477042;0,0044722259316538745;0,0004784809636715903;0,01304343926466002;0,0007401678521661015;0,009979601855771361
0,006747400128480884;0,0036139068669013234;0,0012186488158376918;0,02302304112043138;0,004506635999226627;-0,0037363922253191295
0,006432751806031589;0,003277325372735173;0,005725284815064319;0,01928664889511225;0,0012777790884006268;-0,013552890470631407
0,0061668494362158025;0,0038616655233862773;0,0070030639034649456;0,005733758424480845;-0,0036192906424041826;-0,004118046772648543
0,006129958459002588;0,005217471629841872;0,003383773261060763;0,0016157116518323023;-0,004873542218990418;-0,0026581527047387365
0,0063731900379279715;0,006802628073276701;-0,0014897689579296547;-0,0010424410529064343;0,008889798262113974;0,001813723911821996
0,006751772547295786;0,008452412982784822;0,007400029304184319;0,0007712828589155618;0,002589477193330997;0,0002033925541447823
0,007070764298346414;0,010060500250176685;0,009989506497515316;0,0009746754130603441;-0,008041866607810089;-0,007111122281119375
0,007685757221564415;0,01169943883192517;0,0019476398897052272;-0,006136446868059031;-0,007915570134809341;-0,0031905462270770957
0,008700330404683028;0,01337736443019607;-0,005967930245104114;-0,009326993095136127;-0,0032110017892671983;-0,0021908460946791775
0,00979280918338985;0,01480983215374461;-0,009178932034371312;-0,011517839189815304;0,007300060183847434;0,008039659840818447
0,010646570752292507;0,0158692201534877;-0,0018788718505238777;-0,003478179348996857;-0,002592833498754221;-0,004236033822568042
0,011133175039820314;0,016467894585638184;-0,004471705349278099;-0,007714213171564899;-0,0009775406794640396;-0,005078515054869448
0,011544624453327164;0,01692744184382879;-0,0054492460287421385;-0,012792728226434347;-0,004994285701955092;0,0035044617512073883
0,01177720565286289;0,0170784205751568;-0,01044353173069723;-0,009288266475226958;0,008064627080332232;0,008017686303698868
0,01179181701124893;0,016717690177427438;-0,002378904650364999;-0,0012705801715280907;0,0010652924910762862;0,005353308844315119
0,011388687100407083;0,015985429120688996;-0,0013136121592887129;0,004082728672787028;0,0056662010152176145;-0,007637980354012863
0,010890401003550635;0,015202344857089432;0,004352588855928902;-0,003555251681225835;-0,0036492377011737576;0,0071736300306550205
0,010339570420322637;0,014582569740401348;0,0007033511547551441;0,0036183783494291855;0,004757346977663612;0,005918578712995004
0,009962843391331796;0,013820584556464231;0,0054606981324187565;0,00953695706242419;-0,003384290266172485;-0,003992564376573637
0,009614250408531162;0,01320333450650428;0,0020764078662462715;0,005544392685850552;0,004469425928187359;-0,004714032447654726
0,009484085351027276;0,012967562739041299;0,006545833794433631;0,0008303602381958264;-0,001364467977777617;-0,003860223403358176
0,009436976608173242;0,012953566679012339;0,005181365816656014;-0,0030298631651623498;-0,005313431232311927;0,0007804728286056606
0,009651701217096553;0,012972785028511211;-0,00013206541565591312;-0,002249390336556689;-0,0024573877267553;-0,005245605103288642
0,010073680458686105;0,012870808851403591;-0,0025894531424112133;-0,007494995439845331;-0,008594137670007829;-0,001245747100114214
0,010490377083649421;0,012678857060833703;-0,011183590812419042;-0,008740742539959545;0,0032469732580533983;0,006014607964343666
0,010803495582916288;0,012187105452669999;-0,007936617554365644;-0,0027261345756158795;0,005272044013132665;0,004734501377875094
0,010669270449686392;0,011345724142907916;-0,0026645735412329785;0,002008366802259215;0,0036119067489121526;0,007397198179397546
0,010217580614281872;0,010395297450121197;0,0009473332076791741;0,009405564981656761;-0,0019322020994946842;-0,0008079693744521277
0,009659307837228032;0,009525205429424847;-0,0009848688918155102;0,008597595607204633;-0,001415699630978401;-0,010090832431527585
0,00913892838848136;0,009031336007994767;-0,002400568522793911;-0,0014932368243229521;0,006857211466642088;-0,004744944454557587
0,008579154184062066;0,008881370410852872;0,004456642943848177;-0,006238181278880539;0,0038631837407723246;0,002874850741475199
0,007923357238731017;0,00867167534073806;0,008319826684620502;-0,00336333053740534;-0,0003958647747724642;0,0010509160670567341
0,007445826011153893;0,008212453019468026;0,007923961909848037;-0,002312414470348606;-0,006254959697639756;-0,0029529303431867493
0,007301087850961591;0,007618697476701778;0,0016690022122082815;-0,005265344813535355;0,0003242762092361129;-0,000942011445263749
0,00747330816716321;0,0069324453551215855;0,0019932784214443944;-0,006207356258799104;-0,0004266058726347943;0,008661737717225587
0,00771228857185316;0,00603557944099998;0,0015666725488096;0,002454381458426483;-0,0013374030980618512;-0,0023786107476979484
0,008031000113400886;0,004890419276526409;0,00022926945074774885;7,577071072853436e-05;-0,0021995207273395323;0,0007135975281197457
0,008412378556900996;0,003843434370389898;-0,0019702512765917835;0,0007893682388482801;-0,0036855106157964723;0,00291374479359471
0,008802927778431016;0,0027994802926825284;-0,005655761892388256;0,00370311303244299;0,005620163467212752;0,006106333762081376
0,009114666948897364;0,00178710094452909;-3,559842517550371e-05;0,009809446794524366;-0,0011907277311253572;-0,007753492188559797
0,009200175643668183;0,0009228461176733712;-0,001226326156300861;0,002055954605964569;0,007494652701688143;-0,012624415042187628
0,00928426040143198;0,0004509691625986269;0,006268326545387282;-0,01056846043622306;-0,0003609067499685814;0,006656760490971202
0,009319292112943744;6,133039176246542e-05;0,0059074197954187;-0,003911699945251857;-0,00030878274384893434;0,004400722156605273
0,009605056886271;-0,0007510467965226185;0,005598637051569766;0,0004890222113534161;0,00018197501823491447;0,001242515331998633
0,010127118451415002;-0,0017198919826177767;0,00578061206980468;0,0017315375433520491;-0,01153927440489011;-0,006731871381350521
0,010873125498621796;-0,0026691762802587985;-0,005758662335085429;-0,005000333837998472;0,011793759243322766;0,0109219295122151
0,011850357028620778;-0,003549199076165738;0,006035096908237336;0,005921595674216629;-0,009304540823254548;0,01051254558461015
0,01259724206521634;-0,004629235225592616;-0,0032694439150172117;0,01643414125882678;-0,0017823487461191556;-0,0017518731599703297
0,013585530978141398;-0,005472407548050829;-0,005051792661136367;0,014682268098856449;-0,0033570008086741265;-0,0021664237753653004
0,014443042134465766;-0,0056582142201559715;-0,008408793469810494;0,012515844323491149;-0,002358060240862103;-0,0058030812705504725
0,01509848158434468;-0,005256730168306856;-0,010766853710672597;0,006712763052940676;0,007642385948454455;-0,007022180865756275
0,015417569295431175;-0,004354612343518094;-0,0031244677622181416;-0,0003094178128155989;-0,005636357066087172;-0,005320103610372273
0,015305982858090766;-0,003183983996611705;-0,008760824828305314;-0,005629521423187872;0,0010199934932552113;-0,004314423025599486
0,01506941771026163;-0,0020257323622179402;-0,007740831335050102;-0,009943944448787358;0,006299557754039342;0,005638562827602837
0,014482419569300282;-0,0010926615847516902;-0,0014412735810107602;-0,004305381621184521;0,0015313475987855374;0,0023976414977558338
0,013585788174936931;-0,0005573485852369345;9,007401777477719e-05;-0,0019077401234286872;0,005049988074125822;0,00099018553593023
0,012631505837333148;-0,0001942508505695596;0,005140062091900599;-0,0009175545874984571;-0,00010197568035857918;0,009504207139271782
0,011680826460440356;9,253727916066779e-05;0,00503808641154202;0,008586652551773325;-0,0016458354406992948;0,003552298774527453
0,010935749567223589;0,0003426232253909569;0,003392250970842725;0,012138951326300778;0,002838159609987151;-0,0031690655696219264
0,010392196130468503;0,000936175273692179;0,006230410580829876;0,008969885756678852;-0,0030005679162206644;-0,006923148895080517
0,009984332732547126;0,002015285375045432;0,0032298426646092115;0,0020467368615983347;0,0015701817975517507;-0,007885476921576366
0,009825685757858943;0,0034531909066658397;0,004800024462160962;-0,0058387400599780315;-0,002030027691821701;-0,004247086532421479
0,009796232489755129;0,00497296591275018;0,0027699967703392614;-0,01008582659239951;0,003349873579987478;-0,006020361585263867
0,009958780200137754;0,0062591913164353995;0,006119870350326739;-0,016106188177663378;0,0009817657267814917;-0,0009361776186488091
0,01023212778133395;0,007141983656424639;0,007101636077108231;-0,017042365796312187;-0,006198217782510895;0,006129520790425502
0,010750270176543213;0,007380528469307343;0,0009034182945973357;-0,010912845005886684;-0,0006349968657059502;0,004661725945303563
0,011552478014836807;0,006937378650337559;0,00026842142889138554;-0,006251119060583121;0,000866633795093108;0,0070734210598834835
0,012390822584914293;0,0060577150311323085;0,0011350552239844935;0,0008223019993003622;-0,0012668156250941198;0,0026042375537072837
0,013239904012147436;0,0049280066495037324;-0,00013176040110962628;0,003426539553007646;-0,0013076161366658567;0,002939696580349052
0,01413438764833996;0,003831190347847171;-0,001439376537775483;0,006366236133356698;-0,0020369531019371334;0,0025039758300400977
0,015023600868488095;0,0028714356283109158;-0,0034763296397126164;0,008870211963396796;0,006858819599713961;0,0018451434900145433
0,015855239027125215;0,002166330354108928;0,0033824899600013447;0,010715355453411339;0,0005765430198237942;0,003919774288255552
0,01654782400017383;0,0018160335584428123;0,003959032979825139;0,014635129741666891;-0,002934203178650674;-0,005602471744134203
0,017375708571622496;0,0018943509809131501;0,001024829801174465;0,009032657997532688;-0,0012649905039675557;-0,005455508559753304
0,018361954462264168;0,0025580735930501638;-0,00024016070279309076;0,003577149437779384;-0,0028305717595342728;0,0001480963482240194
0,019389193544952818;0,0035831025250884847;-0,0030707324623273635;0,0037252457860034033;-0,0016729499547435411;0,0005758454645137107
0,020406826199529746;0,004751217434637981;-0,004743682417070905;0,004301091250517114;-0,001786611223401513;-0,003468676949652527
0,021301629555613582;0,006068342175627613;-0,006530293640472418;0,0008324143008645868;-0,0062715796450024675;-0,009513283920938892
0,022006685615014576;0,007557510566637931;-0,012801873285474885;-0,008680869620074305;-0,0037168256133979227;0,0006683569584901017
0,02245052992879668;0,009079975529682831;-0,016518698898872808;-0,008012512661584203;0,007109105049383002;0,008355283433769012
0,02238229931115978;0,010255205707924759;-0,009409593849489806;0,00034277077218480834;-0,005173420051022171;-0,0045652277371962535
0,021653320737567976;0,01110993537970332;-0,014583013900511976;-0,004222456965011445;0,007904283721238692;-0,003629649063514595
0,020547958409996573;0,011978375882369273;-0,0066787301792732845;-0,00785210602852604;-0,005515602098586092;-0,00673983889899149
0,018859275526404696;0,012677918106434767;-0,012194332277859377;-0,01459194492751753;0,0068111570375886665;0,0025296816407315847
0,016903443435641884;0,013063376089359221;-0,00538317524027071;-0,012062263286785946;0,009992437145356164;0,004262662478126511
0,0144598380537647;0,012865156275182973;0,004609261905085454;-0,007799600808659435;-0,0033543178603366863;0,003451530141592718
0,011800905662276685;0,012184445929535286;0,001254944044748768;-0,004348070667066717;0,00753595296273607;0,005319332072250577
0,00932634374699209;0,011191751551541222;0,008790897007484838;0,0009712614051838597;-0,00016455518845719108;0,005744064944913946
0,0069019795934974456;0,01002513434686449;0,008626341819027647;0,0067153263500978055;0,009985290632254673;0,005404311794937833
0,004829251320302195;0,008897367598395113;0,01861163245128232;0,012119638145035638;0,0010498578935270106;-0,007620242576029196
0,0031015767198680497;0,008038213903929647;0,01966149034480933;0,0044993955690064424;-0,005154224865280263;-0,006602737422815558
0,002118367417485197;0,007663845735265608;0,014507265479529068;-0,0021033418538091153;-0,002465370188907773;0,0010410205965910024
0,0019216177288947176;0,007469453389361826;0,012041895290621295;-0,0010623212572181129;-0,004051383451435131;0,0022147199452823285
0,002305158659485401;0,007190927369305679;0,007990511839186164;0,0011523986880642156;-0,006877528650491606;-0,0021368599002134503
0,003170375401700936;0,006869908498960808;0,001112983188694558;-0,0009844612121492347;-0,00452843423803638;-0,00256596432790715
0,004355212617483918;0,006594985576138505;-0,003415451049341822;-0,0035504255400563844;-0,0038892244926553854;0,0071117867793433764
0,005584569160814682;0,0062806842048302326;-0,007304675541997208;0,003561361239286992;-0,0017476859843425785;0,009454679703952501
0,0066773076621717735;0,005824365811919705;-0,009052361526339786;0,013016040943239493;0,004275814356897556;-0,010640914670192847
0,007477859141848976;0,005510501868580657;-0,00477654716944223;0,002375126273046646;0,0020549029948003505;-0,008091087923896484
0,007916316160472588;0,005717279562971189;-0,0027216441746418796;-0,005715961650849838;0,005820889593975864;-0,005723318950272144
0,00816371129231851;0,006019062308283587;0,0030992454193339847;-0,011439280601121982;-0,0011825847955108104;0,0043471289375807964
0,008302240657178757;0,006092206587561991;0,0019166606238231743;-0,007092151663541185;-0,002296656942870373;0,002571789347351902
0,008564739838812363;0,005707779642795516;-0,0003799963190471989;-0,004520362316189283;-0,0014985546841572162;-0,0009503333893143701
0,008903905445398897;0,0050396666314873936;-0,001878551003204415;-0,005470695705503653;-0,004697391243767196;0,002725373267674691
0,009227871199223543;0,0041907391275317;-0,006575942246971611;-0,002745322437828962;0,0046969417719090745;0,007040936512594537
0,009476694912920011;0,0031229837953558603;-0,0018790004750625366;0,004295614074765575;0,0024740616133134274;-0,005169013129741357
0,009462480936737615;0,0019454155656668621;0,0005950611382508908;-0,0008733990549757813;0,002531965121455898;-0,00023236035277390474
0,009373106941552719;0,0009396718989684867;0,003127026259706789;-0,001105759407749686;0,002532355473367498;-0,001977605294582553
0,009307535391897857;-0,00010100772992891979;0,005659381733074287;-0,003083364702332239;0,0029635216789876684;0,008631361191447598
0,009367044892631267;-0,0011859177351363137;0,008622903412061955;0,005547996489115359;-0,00018696777646581841;0,005108286270539941
0,009652929662687649;-0,0023941623284369972;0,008435935635596137;0,0106562827596553;-0,005352422841330917;0,001767505668821015
0,01028373056922651;-0,0033804870621730668;0,0030835127942652196;0,012423788428476315;-0,0058420424331619425;-0,0032278775484627376
0,011251968901189213;-0,003940560485522924;-0,002758529638896723;0,009195910880013577;-0,002321466749769352;-0,006756884974078933
0,012343547744922528;-0,004003682371733729;-0,005079996388666075;0,002439025905934644;-0,003410850328773307;0,0019339169182237131
0,013324785403099972;-0,0036989678227439897;-0,008490846717439382;0,004372942824158357;-0,00045104859094124983;-1,4365086307269181e-05
0,014102823205730775;-0,0032966922375168655;-0,008941895308380632;0,004358577737851088;0,0012315543287910735;-0,006541268648843093
0,014541227139664001;-0,002719498939323407;-0,007710340979589558;-0,002182690910992005;0,006470469236201093;-0,0035779479397507717
0,014621955261262004;-0,001967962531615905;-0,0012398717433884654;-0,005760638850742777;0,0003783498373053362;0,006355476752201054
0,014394269743676422;-0,0013037337603480832;-0,0008615219060831292;0,0005948379014582769;-0,0019274343847388575;0,008178777757978178
0,014116989356355303;-0,0008699305431099722;-0,0027889562908219867;0,008773615659436455;-0,0007698025957302845;-0,0042352635711092185
0,01380524809279086;-0,00041233380981353044;-0,0035587588865522712;0,004538352088327237;0,007146786100364011;-0,0035222303302385287
0,013381948577593535;0,0003962075498603697;0,0035880272138117397;0,0010161217580887082;0,0012414276039673378;-1,879271584296835e-05
0,01281629870693412;0,0013862829930673592;0,0048294548177790775;0,0009973290422457398;0,0032649407086993154;0,0070463746465408775
0,012394169924827175;0,0024170033065978973;0,008094395526478393;0,008043703688786617;-0,006209388820069606;-0,011836723321071267
0,012165219335431392;0,0034876167818182644;0,0018850067064087872;-0,00379301963228465;0,001433096847571147;-0,007921924755377188
0,012260044567094746;0,004879978404590097;0,003318103553979934;-0,011714944387661838;0,0013512588358510769;-0,0024629439957745553
0,01243027006701445;0,006120619242070543;0,004669362389831011;-0,014177888383436393;-0,0015572291411589112;0,0032496064542678615
0,012733219709093354;0,006892662304044516;0,0031121332486721;-0,010928281929168532;-0,004964652957365201;0,005492914944177224
0,013222943846765497;0,007097589830681033;-0,0018525197086931011;-0,005435366984991308;-0,0013224726442824797;0,0005370373485470148
0,013837153314384523;0,006865386080150808;-0,003174992352975581;-0,004898329636444293;0,0017108325456855478;0,0001406219435922812
0,014377261993655825;0,006415767650220932;-0,001464159807290033;-0,004757707692852012;0,0031868784361999136;0,008833944964958568
0,014790370978808106;0,005770216034833284;0,0017227186289098806;0,004076237272106556;-0,0012879769612744174;0,009003651838767307
0,015144913571668785;0,0049343561117315545;0,0004347416676354632;0,013079889110873863;-0,000402341263986139;-0,0002729107424336019
0,015568364909685857;0,004261545679514088;3,240040364932417e-05;0,012806978368440261;-0,003254569196348922;-0,005932475613567759
0,01600920591440835;0,004111930811731576;-0,003222168792699598;0,006874502754872502;0,0019060221109084563;-0,000230434724781875
0,016451342935276815;0,004474595078686674;-0,0013161466817911416;0,006644068030090627;;
0,016764593204437295;0,005112239455836672;;;;
0,01702519760632613;0,0060156465541902964;;;;
