x;y;acc_x;acc_y;jerk_x;jerk_y
-0,005360793784554633;0,0033159826641868924;-0,00342840182603818;0,0015765721281903872;0,006606352482540934;-0,000523037031455259
-0,005732193660629849;0,00354119065568382;0,0031779506565027538;0,0010535350967351281;-0,002898012328654387;-0,002429605422240494
-0,006240729609746591;0,0038294615323083625;0,0002799383278483669;-0,0013760703255053658;0,005017400713311693;-0,002206805174112314
-0,006622147532603224;0,00415987381280231;0,00529733904116006;-0,00358287549961768;-0,003637032086269032;-0,0005348260827404
-0,006992367922345923;0,004435243280276044;0,0016603069548910276;-0,00411770158235808;-0,0008560948726652196;0,00041438368854544716
-0,007150694750442218;0,00456729772776507;0,0008042120822258081;-0,0037033178938126327;0,0014051953885540203;0,0002311797153243117
-0,007242609300342873;0,004534644111959773;0,0022094074707798284;-0,003472138178488321;-0,0017953417777510916;0,0009611252756283606
-0,007302355366954495;0,0043538577804019705;0,00041406569302873675;-0,0025110129028599604;-0,0013071636956352162;0,003923541496404739
-0,007273725134734925;0,004034185921704635;-0,0008930980026064794;0,001412528593544779;-0,00411261738226823;0,0005971808406552703
-0,007228532274794204;0,0036140735468929023;-0,005005715384874709;0,0020097094342000493;0,0027222606063472266;0,00017675737388095358
-0,007219063334957743;0,0032504623158229598;-0,002283454778527483;0,002186466808081003;0,0024391752643456444;-0,0016199727962594168
-0,0074098230105162696;0,0029672394621210194;0,00015572048581816156;0,0005664940118215861;0,003068194110792316;0,001959444279167624
-0,007691920877215897;0,002771475280742319;0,0032239145966104776;0,0025259382909892103;0,0017547808487065053;-0,00174584572544053
-0,007967789924482797;0,002598370859836482;0,004978695445316983;0,0007800925655486804;-0,0023694529065009517;-0,004370137302123052
-0,008114702387885277;0,0025263039705702133;0,002609242538816031;-0,0035900447365743715;0,0006931224097621314;-0,0013203752704614852
-0,008062467033475079;0,0024854407839258923;0,0033023649485781625;-0,004910420007035857;0,0006348172977189703;0,00314960265988605
-0,00790586197751224;0,002300975807818596;0,003937182246297133;-0,0017608173471498068;-0,004257556108244659;0,005218339692696229
-0,007617162323606274;0,0019200940314298657;-0,00032037386194752604;0,0034575223455464224;-0,0004372898824153981;0,002245433863953074
-0,007170975379848422;0,001468779561155143;-0,0007576637443629242;0,005702956209499496;0,0008853915948154878;0,003057137931683454
-0,006737603390568472;0,0011557659847022772;0,00012772785045256363;0,00876009414118295;0,001673543929614385;-0,00231306238894307
-0,0063345379510630385;0,0010708706566293913;0,0018012717800669487;0,00644703175223988;0,0020535558122065783;-0,005369856755426956
-0,005926363397539503;0,0013363790942038233;0,003854827592273527;0,001077174996812924;-0,004879744204522793;-0,0013146317283678002
-0,0054461379728132885;0,0018597688018678507;-0,0010249166122492659;-0,00023745673155487618;0,0036954827148644454;-0,005492641249492176
-0,0048117194443961335;0,002426245509404395;0,0026705661026151795;-0,005730097981047053;-0,0008336237380796585;-0,0002937053541533785
-0,004218297580468949;0,002983223947678744;0,001836942364535521;-0,006023803335200431;-0,003453343788183058;0,0035297844201496315
-0,003518053072437158;0,0033109984667112117;-0,0016164014236475371;-0,0024940189150507996;-0,00227344535072746;0,0025312719503010894
-0,0027443308698239456;0,0033978208523356614;-0,003889846774374997;3,725303525028978e-05;0,0005000804888049305;0,002370138674099645
-0,0020352647241566346;0,0033848824813580793;-0,0033897662855700665;0,0024073917093499347;0,0023116794767406544;0,003030970725347193
-0,0014817924494643236;0,0033734342317905085;-0,001078086808829412;0,005438362434697128;0,0032437563656134635;-0,0010143906765532062
-0,0010639108261948154;0,0034582816505969354;0,0021656695567840514;0,004423971758143921;-0,0023883076603867046;-0,0009546025101059424
-0,0006891526752784835;0,0037606635667912476;-0,0002226381036026532;0,003469369248037979;0,0006268724063842792;-0,009679655408304899
-0,00022776774209078962;0,004240004353311316;0,000404234302781626;-0,00621028616026692;-0,0017973511333535443;0,0008742400812059986
0,00022471166695279814;0,004858119909752904;-0,0013931168305719183;-0,0053360460790609215;0,0005466637449688307;0,0021654815157999135
0,0006933604481076509;0,005227824019783816;-0,0008464530856030876;-0,003170564563261008;-0,0003421046213352534;-0,002755774516303794
0,001106284556039627;0,00538408628665229;-0,001188557706938341;-0,005926339079564802;-0,0018443114915924902;-0,002814715902242429
0,0014853505405474795;0,005413525970990324;-0,003032869198530831;-0,00874105498180723;-0,005904789756076875;0,00018807391225610093
0,0018168742167777984;0,005205912092145766;-0,008937658954607706;-0,00855298106955113;0,005537641876948184;0,005521639864172367
0,002027083125066884;0,004648656014028919;-0,003400017077659523;-0,0030313412053787625;-0,004036517775642977;-0,0029705664992430575
0,0018797856751716616;0,003749280693130026;-0,0074365348533025;-0,00600190770462182;0,006655995964581985;0,005329681602998751
0,0015964875421700581;0,002728651724015983;-0,0007805388887205146;-0,0006722261016230691;-0,0018318631872895133;0,007335686831827233
0,0010157280150363546;0,0014679464467170673;-0,002612402076010028;0,006663460730204164;0,006126211993554875;-0,00243078658663657
0,0004037469323538305;0,0001803521253532286;0,003513809917544847;0,004232674143567594;0,004224155770505941;0,0027341755932484488
-0,0003127302333690946;-0,0008407037668024433;0,007737965688050788;0,006966849736816043;-0,0033779535260418467;0,002503084585747821
-0,000888655002390226;-0,0016924526932154116;0,004360012162008941;0,009469934322563864;0,0009078947818292014;-0,0008147281371539555
-0,0011550611438893258;-0,002265527630155738;0,005267906943838142;0,008655206185409908;0,0013530353132572073;-0,001335484443425558
-0,001247066798908068;-0,00245980519419351;0,00662094225709535;0,00731972174198435;-0,00506669540127529;-0,006472226261684692
-0,0011283561761732844;-0,0023078745108148857;0,0015542468558200594;0,0008474954802996579;-0,002515771626175594;0,0011896160296348442
-0,0007448078631546869;-0,0018631549577568874;-0,0009615247703555346;0,002037111509934502;-0,002291877637572437;-0,0041111346173028935
-0,000299089675903287;-0,0013845355854869028;-0,0032534024079279716;-0,0020740231073683914;0,0002310800860173927;-0,006961892822151891
0,00010816752053389154;-0,0008244317528195379;-0,003022322321910579;-0,009035915929520282;0,001044726646694064;0,002165477571568729
0,0003852886206539512;-0,00034728884444690873;-0,001977595675216515;-0,006870438357951553;-0,0025864090561261883;0,002303694613988689
0,0005415168278975876;-0,0002315825732550909;-0,004564004731342703;-0,004566743743962864;0,004550698036229164;-0,002051514285217549
0,0006186412081325636;-0,0003906938363813352;-1,3306695113539033e-05;-0,006618258029180413;-0,002087026642381833;0,0009265347092739691
0,0005132053991138313;-0,000732474849266094;-0,002100333337495372;-0,005691723319906444;0,00028051977388745836;0,0015379117362696176
0,0004072373222905575;-0,0013389861833180694;-0,0018198135636079138;-0,004153811583636827;0,0013131073930877082;0,0057691158720699146
0,00021725591196746874;-0,0021731664501663025;-0,0005067061705202056;0,0016153042884330879;0,004774854535182375;0,004589296530770122
-4,551804089993652e-05;-0,003173499180360009;0,00426814836466217;0,00620460081920321;-0,0034974562624155714;-0,005045451089819339
-0,00032856024058815;-0,004109219739016391;0,0007706921022465982;0,001159149729383871;0,0013127845177210058;-0,0016436374336687015
-0,0004408765056898767;-0,004796756264904646;0,002083476619967604;-0,00048448770428483057;-0,001030778625569044;0,003115268318136799
-0,0005223650867017394;-0,005437926801617545;0,00105269799439856;0,0026307806138519685;6,813916835282825e-05;0,003802143858397916
-0,000520514602914898;-0,006098476846501838;0,0011208371627513883;0,006432924472249885;-0,0005621172514446273;0,0004145895095691021
-0,0004765561993521143;-0,006653795666832052;0,000558719911306761;0,006847513981818987;-0,0032236449882482735;-0,0026198730899427147
-0,0003877643092792749;-0,006951797508272271;-0,0026649250769415125;0,004227640891876272;0,0025333723234108986;-0,0013764056563929095
-0,00027662362275416517;-0,00697589879043973;-0,00013155275353061383;0,0028512352354833626;0,0009213192153114634;0,005154573211043262
-0,0002720799393067159;-0,006830894436932138;0,0007897664617808496;0,008005808446526624;-0,00029980325935103757;-0,0004414181711991372
-0,0002727983660004912;-0,006571840674005212;0,000489963202429812;0,007564390275327487;-0,0016559566790698439;-0,00398896158178666
-0,00024192613422303246;-0,005992554573217221;-0,0011659934766400318;0,0035754286935408275;0,0024472488769654607;-0,003224879178649359
-0,00019145537434838128;-0,005110692861416129;0,0012812554003254289;0,00035054951489146835;-0,0036362281679458357;-0,005829958307374074
-0,0001876243535393314;-0,004085814001873406;-0,002354972767620407;-0,005479408792482605;0,0011838097585549286;0,003197974017549114
-0,00013254311671726432;-0,0030469131617350234;-0,0011711630090654782;-0,0022814347749334912;-0,00036183726969539693;0,0027903872350470774
-0,0001716607906000135;-0,0022271886732959448;-0,0015330002787608751;0,0005089524601135861;0,0010182654211225934;-0,002070809811026527
-0,00025762498484538187;-0,001498721575854206;-0,0005147348576382818;-0,001561857350912941;0,0027920134318040616;-8,627762775223133e-05
-0,0004049091902411852;-0,0007498963800079239;0,00227727857416578;-0,0016481349786651722;-0,0006992520455128097;-0,000979488023779937
-0,0005727827899425198;-6,354547819815938e-05;0,00157802652865297;-0,002627623002445109;0,0008375876556224772;-0,0024612961781738385
-0,0006495652466772232;0,0005568800244649982;0,0024156141842754473;-0,005088919180618948;0,00038144226521557786;0,0025002909307573658
-0,0006632266422658079;0,0010722006070303515;0,002797056449491025;-0,002588628249861582;-0,0031910729228069442;-0,003519291740754337
-0,0005802634704833746;0,001383964422370947;-0,0003940164733159191;-0,006107919990615919;-0,0002755183182831674;0,0010180156377132474
-0,0003854180407213003;0,001592183107717079;-0,0006695347915990865;-0,005089904352902672;0,00026991428451948003;0,00335426345803487
-0,0002063332698918628;0,0015560849934385744;-0,00039962050707960644;-0,0017356408948678015;-0,0018176382954320953;0,0023659098599148297
-5,402989072638873e-05;0,0013163907050439626;-0,002217258802511702;0,0006302689650470282;0,0026224932633241767;0,0008301538518740732
8,228866815590107e-05;0,0010072707808546392;0,00040523446081247496;0,0014604228169211014;-0,002826299819072567;-0,0015699300809619227
0,0001299168749377228;0,0007233616152671966;-0,002421065358260092;-0,00010950726404082133;0,0028229094730624262;0,0008426443914063214
0,00019375446015204353;0,0004978693623565982;0,00040184411480233403;0,0007331371273655001;-0,0004269039700888701;9,067994393627352e-05
0,00016074943103596057;0,00026799681888436695;-2,5059855286536058e-05;0,0008238170713017736;0,00017875640737131373;0,0006140290823714437
0,00014381816651197097;6,744976050675569e-05;0,00015369655208477767;0,0014378461536732174;0,0016313922387531095;-0,0022217990664042788
0,00012588450777651993;-0,00010014461501878463;0,0017850887908378871;-0,0007839529127310614;-0,0021760502077522647;0,0024129739651599434
0,00011409871112446;-0,00021022514439739625;-0,0003909614169143776;0,001629021052428882;0,0015577989104563908;0,0029679717245548465
0,00017371646610591556;-0,0003516637902852504;0,0011668374935420132;0,0045969927769837285;0,0006852685395559938;0,001052109656735297
0,000217695764410796;-0,0004279415940759492;0,001852106033098007;0,005649102433719026;-0,0007792503331262223;-0,004655959143051534
0,00030834856245735696;-0,0003203396867872988;0,0010728556999717847;0,000993143290667492;-0,0023900437495979823;-0,006584570012864622
0,00047308560182783826;1,322631785011252e-05;-0,0013171880496261976;-0,00559142672219713;-0,004080889229864963;-0,0007343344380772044
0,0006807368691971908;0,0003865180541142236;-0,0053980772794911605;-0,006325761160274335;-0,00014333599835979205;0,0055925635259421215
0,0008357006145814956;0,0005361527214904494;-0,0055414132778509526;-0,0007331976343322132;0,0014132835291442592;0,00026727649427479806
0,0007747412687861539;0,0004327569424557019;-0,004128129748706693;-0,0004659211400574151;0,0006453517492889058;-0,0027310262610992413
0,0004921253918767741;0,00030003325804766576;-0,0034827779994177875;-0,0031969474011566564;-0,0002849690606315288;-0,0012544108923681356
4,438432501912661e-05;0,00014867272803733309;-0,0037677470600493163;-0,004451358293524792;0,0034138670002930843;0,0073219620419240575
-0,0005426678618152324;-0,0001305656980192659;-0,0003538800597562321;0,0028706037483992655;0,004152406525120635;0,0017392486687720123
-0,001280429931051564;-0,0005878584558168565;0,0037985264653644032;0,004609852417171278;0,003937054340492491;-0,0012702799107217506
-0,002032347202678145;-0,0009303270636784766;0,007735580805856894;0,003339572506449527;-0,0011696134139155198;-0,0056043027612739105
-0,0026323234156901496;-0,0010884015748532454;0,006565967391941374;-0,0022647302548243833;-0,0037640337047744055;-0,00479575651540275
-0,002922876396467879;-0,0011128931857700333;0,0028019336871669687;-0,007060486770227133;-0,0031510649288083864;0,006780152862471411
-0,002950790681567953;-0,0012279740068797964;-0,00034913124164141773;-0,00028033390775572195;0,0005588023532011321;0,0020882462055155683
-0,002866627619181348;-0,001625474298798645;0,0002096711115597144;0,0018079122977598464;-0,004106350638472478;-0,0038826998609037405
-0,0027964298064604;-0,002034187947027722;-0,0038966795269127635;-0,002074787563143894;0,0017177526119350611;0,00376640145652421
-0,002717845149277064;-0,002370585103346406;-0,0021789269149777024;0,0016916138933803157;0,003224715641776621;0,002601832586217108
-0,002795127673170238;-0,002789973762190845;0,0010457887267989185;0,004293446479597424;0,0010281421972605648;0,002257050844729963
-0,00295956727366252;-0,0031416978653000718;0,0020739309240594833;0,006550497324327387;0,0013098125706525326;-0,00010211485288771915
-0,0030821753250828456;-0,0033216841092254014;0,003383743494712016;0,006448382471439668;-0,0009710337388498386;-0,005146307598494798
-0,0031218261395407915;-0,0032396504601776357;0,0024127097558621774;0,0013020748729448695;0,0007878501551889655;0,0007055973124482709
-0,0030261272142102567;-0,002899681512272283;0,003200559911051143;0,0020076721853931404;7,71064021781731e-06;0,0002111148836173235
-0,0028339198986452353;-0,002507629569449136;0,00320827055126896;0,002218787069010464;-0,004808991929127995;-0,00029018218149745936
-0,002513690186638168;-0,002035270739210263;-0,0016007213778590351;0,0019286048875130045;-0,0005860639861499858;0,00014720282120916917
-0,002065129652580342;-0,0014741604262109714;-0,002186785364009021;0,0020758077087221737;0,0022782092580083887;-0,002696709668779794
-0,0016805979736368775;-0,0008359059177111598;9,142389399936779e-05;-0,0006209019600576203;-0,003479798305493543;-0,0033171882657414085
-0,001383537709253774;-0,00011461910086246125;-0,003388374411494175;-0,003938090225799029;0,0030322678798883826;-0,001404867131130319
-0,0010828204891106957;0,0005818316375839326;-0,0003561065316057925;-0,005342957356929348;-0,0017398987354790285;-0,001228126148384705
-0,0009176382454273845;0,0011207587669983651;-0,002096005267084821;-0,006571083505314053;-0,0008264382611392479;-0,0011378425279996648
-0,000766700263008305;0,0014459676021356237;-0,002922443528224069;-0,007708926033313718;0,0008724259849204954;0,002712405564812375
-0,0006996024912726182;0,0015083330970603204;-0,0020500175433035735;-0,004996520468501343;-0,0008887560984755585;0,00036476152564326667
-0,0007494024606658942;0,0012623415506524682;-0,002938773641779132;-0,004631758942858076;0,005787848830651365;0,0018445687564260412
-0,0008812031317913131;0,0008164891855045623;0,0028490751888722333;-0,002787190186432035;-0,0026066183619026656;0,006282954622307232
-0,0011305547485878974;0,00018536646264233347;0,00024245682696956775;0,003495764435875197;-0,00023664250406991647;0,0032645685980399915
-0,0012659433578295924;-0,0005572438676771769;5,814322899651281e-06;0,006760333033915189;0,002678682475974456;-0,002866782259558864
-0,0013916336939925045;-0,0011600236205616793;0,0026844967988741072;0,0038935507743563247;-0,003894322486266269;-0,006405652911172184
-0,0015170914572394307;-0,001492390052089574;-0,0012098256873921617;-0,0025121021368158594;0,0013143133443959884;-0,001302273794899951
-0,0015351693485313926;-0,001669014452643216;0,00010448765700382667;-0,0038143759317158105;-0,004732706375776954;0,0030536553965961333
-0,0016016402673190407;-0,0019461229386694924;-0,004628218718773128;-0,0007607205351196772;0,0041959327219869835;0,0016214081657038582
-0,0016639316798265362;-0,002375806461964401;-0,0004322859967861442;0,000860687630584181;-0,0007566180465496952;-0,00331905690605544
-0,0019113518410849564;-0,002835918806664097;-0,0011889040433358394;-0,002458369275471259;-0,004038416763686943;-0,00018450833124825095
-0,0021760634422148227;-0,003261603646140425;-0,0052273208070227825;-0,0026428776067195098;0,007009117979931284;0,004352834747071696
-0,0024883312050781223;-0,003785623256635604;0,0017817971729085016;0,0017099571403521863;-0,0015766675099866331;0,003731230568682062
-0,0030096918002223334;-0,004415357971399563;0,00020512966292186852;0,005441187709034248;0,0006482758000374567;-0,003134046527047088
-0,0034597805084502042;-0,004976694400549435;0,0008534054629593252;0,00230714118198716;-0,003239536216499153;-0,004913499633072832
-0,0039016640301612004;-0,005320383321337937;-0,002386130753539828;-0,002606358451085672;0,002943420849450193;-0,00055953309422202
-0,004309411333353824;-0,0055717865948469525;0,0005572900959103649;-0,003165891545307692;0,000867812356406053;0,006081604926853307
-0,00481260386668804;-0,005927444206399395;0,001425102452316418;0,002915713381545615;0,0013336491462488387;6,507541850930831e-05
-0,005293504796185842;-0,0064097374797641455;0,0027587515985652566;0,002980788800054923;0,0022827560884961795;0,0037918711031201813
-0,0057174016275909866;-0,0067754022178670706;0,005041507687061436;0,0067726599031751045;0,0004945829452722428;0,0019201485677007857
-0,0060309483950535215;-0,007021835403967799;0,005536090632333679;0,00869280847087589;0,0024060513024045938;-0,003104363195238685
-0,006142834855033599;-0,0069973621939415235;0,007942141934738273;0,005588445275637205;-0,0035873370050059916;0,001768169467034203
-0,006033277689720329;-0,006625176645080212;0,004354804929732281;0,007356614742671408;-0,002381371719524253;-0,005602218914848189
-0,005606034847017528;-0,006029453285193413;0,001973433210208028;0,0017543958278232186;-0,002520967588366216;-0,003892093283559467
-0,005004599807125436;-0,0051394653355997565;-0,0005475343781581876;-0,0021376974557362483;-0,0035582573903870374;-0,005066849768498957
-0,004324227438825023;-0,004179301552893172;-0,004105791768545225;-0,0072045472242352054;-0,0007370013477753512;-0,0035716540587979045
-0,003665756445650937;-0,0033046456684160375;-0,004842793116320576;-0,01077620128303311;0,0005456480141100006;0,00589871593342732
-0,0031715171232186605;-0,0027181716729083112;-0,0042971451022105756;-0,00487748534960579;0,003315502181940183;0,0006382910804989816
-0,0028709895254392073;-0,002562745728721909;-0,0009816429202703925;-0,004239194269106808;0,00011044226212128527;-0,0007456050622295235
-0,0027423477317481764;-0,0026024191985197388;-0,0008712006581491072;-0,0049847993313363315;-0,0027890769026745893;-0,0009782957125550606
-0,0026529716548679616;-0,002811660439081841;-0,0036602775608236965;-0,005963095043891392;0,0015405602757134207;0,005606244663903262
-0,002598443604313711;-0,003220293652897396;-0,002119717285110276;-0,0003568503799881301;0,0044441147025973265;0,003779673989091542
-0,0026903266561924084;-0,0038674506684686066;0,0023243974174870508;0,003422823609103412;-7,592663270480915e-06;-0,0003337014613400968
-0,0028669983994755164;-0,004528881699239343;0,00231680475421657;0,003089122147763315;-0,004365200540348335;-0,004768319203346402
-0,002950694246059143;-0,0050533997856459425;-0,0020483957861317653;-0,001679197055583087;0,0020784842877545895;0,002469669498263327
-0,0029417179024741062;-0,005454352986142009;3,008850162282417e-05;0,0007904724426802401;0,0022240419759645552;-0,0010095247413412223
-0,0030146773903343403;-0,0059224740688614;0,0022541304775873794;-0,0002190522986609822;-0,0003963259271044517;-0,00047158385529999514
-0,003086433338129662;-0,006358976253873581;0,0018578045504829277;-0,0006906361539609773;-0,0023461393652248197;0,0014079950837162236
-0,0030680240668214875;-0,006804240530832201;-0,000488334814741892;0,0007173589297552463;-0,002029253031658504;0,0004151122213296443
-0,0029753026134939965;-0,007277130253949261;-0,002517587846400396;0,0011324711510848906;0,0073570304145926385;0,002708086648628788
-0,002902114552756181;-0,00772132561987611;0,004839442568192243;0,0038405577997136786;-0,006294030140707729;-0,003242197444347117
-0,002929630005874381;-0,008120222139759563;-0,0014545875725154866;0,0005983603553665617;0,001312403014025576;-0,00041113316956253865
-0,002763567756264892;-0,00836549634765447;-0,00014218455848991063;0,0001872271858040231;0,0017331305001706404;0,00311540317703482
-0,0026556890095560223;-0,008586836141334713;0,0015909459416807298;0,003302630362838843;-1,997824686933436e-08;0,0014526072146074653
-0,0025534976451867487;-0,008800686847582798;0,0015909259634338604;0,0047552375774463085;-0,00045594072233695604;-0,004297058295941736
-0,002387668443150246;-0,008882432339317327;0,0011349852410969044;0,00045817928150457266;-0,002224406515318321;-0,0013476724270037599
-0,002158202202576389;-0,008773968327954004;-0,0010894212742214165;-0,0008894931454991872;0,002475133581901101;0,0004216347800210518
-0,0018833365523586558;-0,008647177145330498;0,0013857123076796846;-0,0004678583654781354;-0,0021146226358678202;0,006398400578288332
-0,0016520477531097792;-0,00855596568852696;-0,0007289103281881357;0,005930542212810197;-0,00025515819720847016;-0,002453182584290392
-0,0013653304615537153;-0,008483468566342547;-0,0009840685253966058;0,003477359628519805;-0,0007892329959128357;-0,005239860111438455
-0,0011077695831251766;-0,008173749755645726;-0,0017733015213094415;-0,0017625004829186497;0,002187100227262104;-0,0005578472801832657
-0,0008895714457125023;-0,007724936559808113;0,0004137987059526626;-0,0023203477631019154;-0,0020635826922641605;-0,0002938205415741746
-0,0007423053691522057;-0,007346623383287247;-0,001649783986311498;-0,00261416830467609;0,001028130981211902;0,0032088411388125904
-0,0005784873443538026;-0,007061124117290456;-0,0006216530050995959;0,0005946728341365004;-0,0018758707321058967;-0,0024687126826985484
-0,00048066067900785927;-0,00688019158348071;-0,0024975237372054926;-0,001874039848562048;0,002413297564211511;-0,0008701830244016717
-0,0004077001338658999;-0,0066754721363055025;-8,422617299398173e-05;-0,0027442228729637197;-0,0013072236437827595;0,0024415443759098765
-0,0004346405382121602;-0,006545714283072778;-0,0013914498167767412;-0,0003026784970538432;-0,0031875544404476285;-0,00047242817145193294
-0,0004649499894781798;-0,006525725344758602;-0,00457900425722437;-0,0007751066685057761;0,0022930907296541975;-0,0005781736178793462
-0,000550917433415269;-0,006517843546326579;-0,002285913527570172;-0,0013532802863851223;0,0005554043117080298;0,001527410444826821
-0,0008200450476413331;-0,006540966014634789;-0,0017305092158621423;0,00017413015844169877;-0,0001823741543036904;0,0011748645981496941
-0,001180609202970204;-0,006618219694398402;-0,0019128833701658327;0,001348994756591393;0,0024075967549664207;0,0019051307031017761
-0,0016103937269335605;-0,006688508167824347;0,000494713384800588;0,003254125459693169;0,0012452998322168493;-0,002591943356226506
-0,0021166935857035506;-0,0067048368509866375;0,0017400132170174373;0,0006621821034666631;-0,001731089023382544;0,0033908724954065106
-0,002603204909081517;-0,006591000515761201;8,924193634893274e-06;0,004053054598873174;0,0019440924434137308;0,0019306483888900938
-0,003020115703778786;-0,006450676896397097;0,001953016637048624;0,0059837029877632675;-0,0005226518806435848;-0,002247829632669354
-0,003436669530730659;-0,0061482310930780675;0,0014303647564050392;0,0037358733550939133;0,003126704229771682;-0,0019760579263687073
-0,003775102692200587;-0,005606437170248506;0,004557068986176721;0,001759815428725206;-0,0012210652710561848;-0,00420561984157905
-0,004056321263414314;-0,004915208313215189;0,0033360037151205363;-0,002445804412853844;-0,001684365342274341;-0,00016511978032036911
-0,0041552570751809716;-0,004153586839032863;0,0016516383728461953;-0,0026109241931742133;0,002192547833664113;0,0016492840077389284
-0,004120752738342808;-0,003489797541364691;0,0038441862065103083;-0,0009616401854352849;-0,0016535210815248336;-0,001747487206461347
-0,004020182866590796;-0,0029304452114234875;0,0021906651249854747;-0,002709127391896632;-0,0019827168238129994;-0,003013240428841428
-0,0037658455465783723;-0,0024095584888996955;0,00020794830117247531;-0,00572236782073806;-0,0007411566145284487;0,0035847930098339975
-0,0034238816215665297;-0,0019970368620517687;-0,0005332083133559734;-0,0021375748109040624;-0,00280979269882968;0,0016520107938006456
-0,003073599764507788;-0,0018134099480333645;-0,0033430010121856535;-0,00048556401710341673;0,0022344203938603133;0,000762591191121556
-0,002744646239983285;-0,0017152860264511224;-0,0011085806183253402;0,0002770271740181393;0,002027660198686769;-0,002770272157965395
-0,002549412755946208;-0,0016365846655530172;0,0009190795803614288;-0,0024932449839472556;-0,0001353137863201112;0,0016910385637361539
-0,002398522496642145;-0,0015468022176941864;0,0007837657940413176;-0,0008022064202111018;0,00011922821310553916;0,0076931302849595345
-0,0022108690541236247;-0,001556749569193246;0,0009029940071468567;0,006890923864748433;0,0011709194050495003;-0,0080343054829521
-0,001991864979843452;-0,0015987851775007495;0,002073913412196357;-0,0011433816182036677;-0,0005388274763677287;-0,002358402757021951
-0,0017367411452774047;-0,0013651838312183158;0,0015350859358286284;-0,0035017843752256188;-0,0008982630335500116;0,0011398824186782917
-0,001398660774223503;-0,0011773177496640285;0,0006368229022786168;-0,002361901956547327;-0,005056283711864139;2,6916416220140044e-05
-0,0009991769657364564;-0,0011295230431187663;-0,004419460809585522;-0,002334985540327187;0,0010115410953925041;-0,0011155642322154442
-0,000574220241158265;-0,001176204414835397;-0,003407919714193018;-0,0034505497725426312;0,0031437115428839;-0,004291707255075362
-0,0003260419489634945;-0,0013162852081651153;-0,00026420817130911765;-0,007742257027617994;-0,003060691600302772;0,009034751654449641
-0,00021418044533644474;-0,0015943879923965387;-0,0033248997716118895;0,0012924946268316473;0,004641332951088262;0,007320527422139518
-0,00011288726856175968;-0,002182181057732682;0,0013164331794763718;0,008613022048971165;-0,0004958078741374142;-0,009066891746617532
-0,0001445900826515502;-0,002718274337995559;0,0008206253053389576;-0,00045386969764636687;0,0007036840499770477;-0,0014975787854975275
-0,00012363556956228585;-0,00290984673629959;0,0015243093553160053;-0,0019514484831438944;-0,000877414986925074;0,002036157655342624
-6,98560442594632e-05;-0,0031195739225094755;0,0006468943683909313;8,470917219872975e-05;-0,002785031079251441;0,004652325108836022
4,489585525599966e-05;-0,0034073590480451165;-0,0021381367108605095;0,004737034281034752;0,001060980242273114;-0,009004395653776087
0,00018552352950709978;-0,0036917558066928086;-0,0010771564685873956;-0,004267361372741335;-0,0003317041373106901;0,0015055003468147782
0,00024062573532377952;-0,0037866711940991106;-0,0014088606058980857;-0,002761861025926557;0,0006001052783621789;0,010866227637413975
0,00025264168239696344;-0,004052281036415066;-0,0008087553275359068;0,008104366611487418;0,003752688476298364;0,0015151107179415951
0,00020830320523422392;-0,004428365319768084;0,0029439331487624574;0,009619477329429013;0,0005465782391936708;-0,002449043293750827
0,00013161451497004814;-0,004480274938661604;0,003490511387956128;0,007170434035678186;0,0007488944229850575;-0,006826316718693659
0,00017268315065637065;-0,004147405464377965;0,004239405810941186;0,00034411731698452686;-0,0019849999950650697;0,0007615948402882253
0,0003533722418609383;-0,0035277186286671973;0,002254405815876116;0,0011057121572727521;-0,005033411036862856;-0,003948914518911932
0,0007036375655031533;-0,002894267100277049;-0,0027790052209867404;-0,00284320236163918;0,004517289561642313;-0,004417357612210404
0,0011440791217804131;-0,002216587085595991;0,0017382843406555729;-0,007260559973849584;-0,005819091276129965;-0,0044348102778480405
0,001473360469218203;-0,0016526351653805;-0,004080806935474392;-0,011695370251697625;0,004065196768027822;0,004887131753348144
0,0018721731902822162;-0,0013791056441189923;-1,5610167446569734e-05;-0,006808238498349481;-0,005470321370593681;0,007527482065036083
0,0021077536339272535;-0,0015733909329253895;-0,005485931538040251;0,0007192435666866018;0,0062299157968470215;0,001389655131113554
0,002342709670874428;-0,002040005761665766;0,0007439842588067708;0,002108898697800156;-0,0010453869761068019;-0,0013906887808921228
0,0023582284462999926;-0,0024778508477386785;-0,0003014027173000311;0,000718209916908033;0,00016819510618766575;0,0015906120015351521
0,002403506592077828;-0,0028313399858995846;-0,00013320761111236534;0,002308821918443185;0,0006612323444634555;0,004401009935466119
0,002436728629163662;-0,0031561007273841696;0,0005280247333510901;0,006709831853909304;-0,0007609273072912773;-0,0003932837578334708
0,0024646223618050014;-0,003388508592131027;-0,00023290257394018715;0,006316548096075833;0,0010807042973503614;-0,008672143043514213
0,0025136370837803845;-0,0033525231827215124;0,0008478017234101742;-0,0023555949474383803;-0,0027481617133627984;-0,0021791368577322445
0,0025533357027981603;-0,0030638758494689645;-0,0019003599899526241;-0,004534731805170625;0,0020634494393781955;0,006642250081545509
0,002626946390752343;-0,0028694523141139516;0,00016308944942557135;0,002107518276374884;-0,0009442365026833266;0,002796563024778674
0,0026245426791084206;-0,002856418050965764;-0,0007811470532577552;0,004904081301153558;0,0006699454110523084;-0,0031890603601809134
0,002628662545441521;-0,0027590830567625806;-0,00011120164220544682;0,0017150209409726447;-0,0014754622075491483;0,003470323100233909
0,002601536529644311;-0,0024655848105132553;-0,0015866638497545951;0,0051853440412065535;0,0006905116754439417;0,0008837632008257407
0,0025699624481588836;-0,002103485726625024;-0,0008961521743106535;0,006069107242032294;0,0016019657140776689;-0,005644882693793669
0,002474921812683272;-0,0015339728810885307;0,0007058135397670154;0,00042422454823862546;0,001888263443699023;-0,004256327538923854
0,0023440350902352346;-0,0007216957458707454;0,0025940769834660385;-0,0038321029906852287;-0,00314261921421273;-0,0026934749922734834
0,0022413809093778775;0,00010755037127658471;-0,0005485422307466917;-0,006525577982958712;-0,0008934469797131986;0,0031089852568352873
0,0022424898078591622;0,0007835123687965058;-0,0014419892104598903;-0,003416592726123425;-0,0023863453496848416;-0,00289384251276565
0,002221657017110579;0,0011984512469980784;-0,003828334560144732;-0,006310435238889075;0,0007909285766622837;-0,001021515696070452
0,0021431446579436002;0,001476726416154714;-0,0030374059834824482;-0,007331950934959527;0,0026725362099532315;0,00412953271693875
0,0019114989163708323;0,0015025841757557866;-0,0003648697735292167;-0,003202418218020777;0,00014351995854858246;0,0011137881888427167
0,0015583569354587665;0,001235163897958478;-0,00022134981498063422;-0,0020886300291780603;0,0002102679523177456;0,0018009336188235178
0,001190620163605532;0,0008396468914403384;-1,108186266288863e-05;-0,0002876964103545425;-3,5929774579756754e-05;0,0047265300496600205
0,000814029399153072;0,0003605846837550764;-4,7011637242645385e-05;0,004438833639305478;0,003619821079467199;0,00105819676269075
0,0004369953601940965;-0,00012998538034436738;0,0035728094422245536;0,005497030401996228;-0,00046682536989952044;0,0005047071801274911
5,808085574541526e-05;-0,0004430020988715919;0,003105984072325033;0,006001737582123719;-0,003943660683663388;0,0014901795862310597
-0,00017792127101428387;-0,0005361376013189674;-0,0008376766113383548;0,007491917168354779;0,0005238920553302983;0,0032443905920825147
-0,0002896840348809817;-0,0003892036004813941;-0,00031378455600805655;0,010736307760437293;0,002519069464401072;-0,003468452723127482
-0,0004349538632012137;5,7407087090370385e-05;0,0022052849083930154;0,007267855037309812;0,0031435146475560557;-0,009731478192444555
-0,000592775073761768;0,0009334700850796265;0,005348799555949071;-0,0024636231551347434;-0,003220043099892304;-0,009519973431837754
-0,0006623848879866016;0,002100247284561275;0,002128756456056767;-0,011983596586972498;0,0028175066969699306;-0,0009866790049153779
-0,0005180427199734725;0,003168479557837534;0,0049462631530266974;-0,012970275591887875;-0,002277936739758935;0,0060300501524086225
-0,0002885502937180726;0,0037573679676348934;0,0026683264132677624;-0,006940225439479253;-0,003105558799024447;0,0036701443940246464
0,00013879265865839518;0,003827445353756737;-0,0004372323857566845;-0,0032700810454546064;-0,003258912285422232;0,001127919127889787
0,0006728686675655734;0,003619913722299411;-0,0036961446711789164;-0,0021421619175648193;0,0016834909593080663;-0,005314085488177696
0,0011894553810424843;0,0032815788490239005;-0,00201265371187085;-0,007456247405742515;-0,0006128254021085522;0,009108286570003898
0,0015581963076722386;0,0028575574990457975;-0,0026254791139794023;0,0016520391642613833;-0,0017913057375322783;0,006406928244248315
0,0018464310858271587;0,0021352862528379937;-0,004416784851511681;0,008058967408509699;0,0024987840218107515;-0,0032092085483177747
0,002029646699422903;0,0014790965732006454;-0,001918000829700929;0,004849758860191924;0,0024203914017102077;-0,006732986865814677
0,0020361909189581797;0,0011452655899036848;0,0005023905720092786;-0,001883228005622753;0,0003402967290763656;-0,0005379553450678073
0,0019660151053054195;0,0010054249610144013;0,0008426873010856442;-0,0024211833506905603;-0,004688924325876101;0,010462312031960058
0,0019159349145330305;0,0007902552119002077;-0,0038462370247904568;0,008041128681269497;0,0019266675182958784;-0,0017766068121930108
0,0018995622158040671;0,0004782381287583916;-0,0019195695064945784;0,0062645218690764864;0,0030163014293813767;-0,005451969856014129
0,0017293400360834854;0,00048786619286735544;0,0010967319228867983;0,0008125520130623579;-0,00029517083979283334;0,0011168150419870078
0,0014823350761031208;0,0007480751317393787;0,000801561083093965;0,0019293670550493656;-0,0039843445668707456;1,588670977480111e-05
0,0012791993930382278;0,0010407861511338963;-0,0031827834837767806;0,0019452537648241668;0,005474927873780304;5,698134305629973e-05
0,0011081261532970936;0,0014106718527303885;0,0022921443900035237;0,0020022351078804665;0,0005769873239229329;-0,002913940245322294
0,0008097415742048882;0,0018583677049198474;0,0028691317139264566;-0,0009117051374418275;-0,0007540090974659432;-0,001126505989898538
0,0006030427707128237;0,002386152961424525;0,0021151226164605134;-0,0020382111273403655;-0,006069351240229904;-0,00292218710366373
0,0005111092357778175;0,0028774700124315294;-0,003954228623769391;-0,004960398231004096;0,004323954241591643;-0,0005427465139760113
0,0005037806055012317;0,0032872586183449195;0,0003697256178222521;-0,005503144744980107;0,000678608364805561;0,003934904439244782
0,00033828283027387035;0,0034986312950181456;0,0010483339826278131;-0,0015682403057353245;0,0010281304534355915;0,0016459755261616776
0,00018757407975939912;0,003489878181892167;0,0020764644360634047;7,773522042635317e-05;-0,001969017718553485;-4,678599275720341e-06
7,87986885500404e-05;0,0034183954565367757;0,00010744671750991994;7,305662115063283e-05;0,004835353341060839;0,00248489665853939
5,308187478321786e-05;0,003350022139998439;0,004942800058570759;0,002557953279690023;0,0003269913670244859;0,0014327537921285938
3,1662929716792115e-05;0,003284571088306127;0,005269791425595245;0,003990707071818617;-0,002547039066699032;-0,0006107703921822694
0,00020795598699319674;0,003321438167801416;0,0027227523588962133;0,0033799366796363473;0,0010333417458110242;-0,0016853323808030118
0,0005950407012934112;0,00351793353016945;0,0037560941047072374;0,0016946042988333354;-0,004905729580440856;0,00011279864367878811
0,001091035509949474;0,0038496263597229377;-0,0011496354757336187;0,0018074029425121235;-0,00038952107553549484;-0,0007596462416339378
0,0017372740827938267;0,0042491033612297585;-0,0015391565512691135;0,0010477567008781857;-0,0022635501303529607;0,0004834045842349033
0,0023375272366088344;0,004720876480437065;-0,003802706681622074;0,001531161285113089;-0,0019345606047001182;-0,0028440765212528613
0,0028762141283730776;0,005234559867679498;-0,005737267286322192;-0,0013129152361397722;0,0014940582226503352;-0,0025801848810600714
0,0032627927528724376;0,005809489706326455;-0,004243209063671857;-0,0038931001171998436;0,0019717961690077918;0,0015957895211835826
0,0034198806859189104;0,006331902935527821;-0,0022714128946640655;-0,002297310596016261;-0,002832208138450712;0,0003512293153933588
0,0034072402564185086;0,006698592160041194;-0,0051036210331147774;-0,0019460812806229022;0,003298318338217726;-0,0019266549348642692
0,0033037433111315438;0,006973388960713916;-0,0018053026948970513;-0,0038727362154871714;0,003140921618439388;-0,0026627140687830175
0,0029961015245199884;0,007170342510161722;0,0013356189235423366;-0,006535450284270189;-0,0007588413373783714;-0,00017346409454108147
0,002616247630112551;0,007212386610990041;0,0005767775861639651;-0,00670891437881127;0,0010858182010221318;0,004541380943207579
0,002289818492646807;0,006993012700447551;0,001662595787186097;-0,0021675334356036913;-0,0022801349526192435;-0,0013130333985556797
0,0019864604586276213;0,006505282214752613;-0,0006175391654331466;-0,003480566834159371;0,002128855881233918;0,002989607665505961
0,0017496062560958797;0,005930850391633526;0,0015113167158007715;-0,0004909591686534098;-0,0005120965659410684;9,217798626186269e-05
0,0014880504869468124;0,005217195895148063;0,000999220149859703;-0,00039878118239154714;-0,0016604118460602606;0,00022650450977718117
0,0012869473864297756;0,004483903031916465;-0,0006611916962005575;-0,00017227667261436597;0,0009873246833332489;0,005371160750081018
0,0011258130919071271;0,003734658921389205;0,00032613298713269137;0,005198884077466652;0,0009606579891677063;0,0012573690957679712
0,0009382311295364563;0,0029785237439573704;0,0012867909763003976;0,006456253173234623;-0,0005753493403061957;0,0017307941949436037
0,0007636944866510932;0,0024303439296242016;0,0007114416359942019;0,008187047368178227;0,000627687416763046;-0,005448583154105409
0,000640629482817746;0,002140414242220418;0,0013391290527572479;0,002738464214072818;0,0007842655479834461;-0,001239971260418457
0,0005460221444241668;0,0021779664495437633;0,002123394600740694;0,001498492953654361;0,0026358667015763497;-0,00042077015038893134
0,0005049799681408776;0,002325057225430021;0,004759261302317044;0,0010777228032654296;-0,005160156860991541;-0,0018347580760275234
0,0005488735758872161;0,0025320877194624537;-0,00040089555867449736;-0,0007570352727620938;-0,0011115725342104692;-0,0007277904741123803
0,0007831376357262365;0,0027822271256255035;-0,0015124680928849665;-0,001484825746874474;0,0013721759797083802;7,780320502132065e-05
0,0010013658732182767;0,003002085120878069;-0,00014029211317658635;-0,0014070225418531535;-0,0017070050956389908;-0,00279475692235763
0,0011590953869949185;0,003162550086255656;-0,0018472972088155772;-0,004201779464210784;0,005019673854409549;0,0017057215495122485
0,0013112132162444968;0,003266734149959117;0,0031723766455939717;-0,002496057914698535;-0,0071779737617929315;0,0010469034527216398
0,0013894391571414519;0,0032028470350941463;-0,00400559711619896;-0,0014491544619768953;0,00026134714908113144;-0,00022090123966057862
0,0015945601638621659;0,0030391176036412343;-0,0037442499671178284;-0,001670055701637474;0,0014345715538166617;-0,0006481597576535741
0,0016394572859349216;0,0028174219937092465;-0,0023096784133011666;-0,002318215459291048;0,0004234066921712451;-0,0009000360821087364
0,001534584409322964;0,0025289241557117596;-0,0018862717211299215;-0,0032182515413997845;0,0010095025441480207;0,0017617820664235923
0,00133732439617896;0,002147697699342631;-0,0008767691769819008;-0,0014564694749761922;-0,00253708938367634;0,002301112083177176
0,001064613514189759;0,001637741181317511;-0,003413858560658241;0,000844642608200984;-0,0013083413121355025;0,0024251484493032823
0,0007568318651212819;0,0010695258842933434;-0,004722199872793743;0,0032697910575042663;0,006564137469818808;-0,0010467754813314693
0,0003124958736264752;0,000535096291597215;0,0018419375970250649;0,002223015576172797;-0,003977631255289455;0,00017935350685407882
-0,0003207281127800813;0,00013145834120125723;-0,00213569365826439;0,002402369083026876;0,0012522037762805142;0,0011315974801906596
-0,0008802745953056352;-0,00018325898614778865;-0,000883489881983876;0,0035339665632175355;0,0009087172508775582;-0,00024886469099006606
-0,0015252488241617645;-0,0004018815501757594;2,5227368893682156e-05;0,0032851018722274694;-0,0022259878724899124;0,0016040333920049124
-0,002205562648297249;-0,00047914545167502886;-0,00220076050359623;0,004889135264232382;0,004795149656515563;0,002711222777352234
-0,002884867377676986;-0,00042500527828519946;0,0025943891529193325;0,007600358041584616;0,00022395509601541574;0,0008337404222365143
-0,0036522025272005725;-0,00017529969432607476;0,0028183442489347482;0,00843409846382113;0,004528626485221593;-0,009683876077492796
-0,004315762110607386;0,00037842021129643453;0,007346970734156341;-0,001249777613671666;-0,0025808984697403697;0,0005320253876090787
-0,004866587924056809;0,0012695040554717891;0,004766072264415971;-0,0007177522260625874;-0,00017314993132555578;0,0063219237993924066
-0,005123534908139978;0,002110596795100277;0,004592922333090416;0,005604171573329819;-0,003459709054721538;-0,0010561581002979936
-0,005189839001646509;0,0029229794456862614;0,0011332132783688775;0,004548013473031826;-0,00279128851601787;-0,010219912605894443
-0,005072426201829423;0,0039595289592054385;-0,0016580752376489927;-0,005671899132862618;0,0009546183347654558;-0,0028721960097467525
-0,004909684870877582;0,005177999011645889;-0,0007034569028835369;-0,00854409514260937;0,001376280234271554;0,007383932354625644
-0,004813266549431701;0,006169593098771834;0,0006728233313880172;-0,0011601627879837262;-0,0013063803131980606;0,0010060238659564402
-0,004744986504101161;0,006819423380193404;-0,0006335569818100434;-0,00015413892202728596;0,0008781082784395239;-0,009464905749082209
-0,0046497935255151;0,007422847150095626;0,0002445512966294805;-0,009619044671109495;-0,0006122761979990565;-0,004500705520912002
-0,0045799428262014415;0,008020105363116757;-0,00036772490136957603;-0,014119750192021496;0,003135049712248622;0,003365971831326253
-0,004500310075022603;0,008232601789293506;0,002767324810879046;-0,010753778360695243;0,0009316881341403793;0,008667463504027778
-0,004435386319898548;0,007880308207789398;0,0036990129450194253;-0,002086314856667465;-0,004966019556887441;-0,0013535330676691937
-0,004259769572339331;0,007097863491857478;-0,0012670066118680157;-0,0034398479243366586;0,0025549442664948158;-0,00033702587092257486
-0,003936192306979338;0,00623196618165886;0,0012879376546268;-0,0037768737952592335;-0,0027607799872507027;0,0042216370000920656
-0,003663295306094064;0,0052284749544867755;-0,0014728423326239026;0,00044476320483283205;0,0008038209358322002;0,0009612394786300757
-0,003338880799023719;0,0040739087755043224;-0,0006690213967917025;0,0014060026834629077;0,0032720512657104725;0,002819904680173003
-0,00307337998525833;0,0029371331247151824;0,00260302986891877;0,0042259073636359105;-0,0046651237924351455;-0,0015718294382602999
-0,002834640027364609;0,0018565975812645584;-0,0020620939235163754;0,0026540779253756107;0,0032862446970876105;0,0003158851321303259
-0,002491778874714137;0,0009450983323593707;0,001224150773571235;0,0029699630575059366;-0,000702655188509628;0,002519124534127082
-0,00223140147900432;0,00013976220046920768;0,0005214955850616071;0,005489087591633019;0,0012470788123704474;0,0008137760370922793
-0,001922058052351654;-0,000546775409120718;0,0017685743974320545;0,006302863628725298;0,0019887254010700177;-0,0018625753253933997
-0,0015918548022965235;-0,0010137495150453228;0,003757299798502072;0,004440288303331898;-0,002201460007051414;-0,0019046372627452603
-0,0011909085763441107;-0,0012286090758209158;0,0015558397914506583;0,002535651040586638;-0,001655816983783297;0,00020767941289233371
-0,0006396703584516151;-0,0012658571044632328;-9,997719233263876e-05;0,002743330453478972;-0,00014259796693013964;-0,0030355950178443357
-2,619854890109322e-05;-0,0012016790914820843;-0,0002425751592627784;-0,0002922645643653639;0,00013932546389897917;-0,0018865392106078814
0,0005832741729561231;-0,0010277678603617768;-0,00010324969536379923;-0,0021788037749732453;-0,003036806108551752;0,00044306122213351104
0,0011830438884428284;-0,0008655472118160839;-0,0031400558039155514;-0,0017357425528397342;-0,001299827306396533;-0,0006718700179318519
0,0017786836161149816;-0,0007904787142693209;-0,0044398831103120845;-0,002407612570771586;0,0035674762435713575;0,0010048417805758117
0,002248721111630513;-0,0007848399188361472;-0,000872406866740727;-0,0014027707901957745;-0,004312200460849777;0,0027570548100929043
0,002541163282733561;-0,0008755056262338371;-0,005184607327590504;0,0013542840198971298;0,0018251441259568985;0,002455902184117547
0,0027987091791669793;-0,0010222821652393578;-0,0033594632016336057;0,003810186204014677;9,730369587229726e-05;0,0032274987680074134
0,0028488707824967778;-0,0011148873434489934;-0,0032621595057613084;0,00703768497202209;-0,0006185051772153935;-0,004455906693625129
0,0027646538577612324;-0,001055085073498042;-0,003880664682976702;0,0025817782783969616;-0,0027202498038964643;-0,00420053037861721
0,002549950552795234;-0,0007137754046662068;-0,006600914486873166;-0,0016187521002202481;0,002470983467822256;0,003022878401288464
0,0021800206605101682;-0,00026919460469849315;-0,00412993101905091;0,0014041263010682158;0,0011389885769040528;-0,005186815420413634
0,0015460541887501757;0,0001106361112604105;-0,0029909424421468572;-0,0037826891193454178;0,006912514746038382;-0,0023468638011231516
0,0007468904762281464;0,0005466318792620428;0,003921572303891525;-0,006129552920468569;-0,0037570876692035217;-3,162247596084217e-05
-0,00017191093397975698;0,0008313200824898583;0,000164484634688003;-0,0061611753964294115;0,003192234654251818;0,0010909960522776756
-0,0009338494520319994;0,0008708261688989312;0,003356719288939821;-0,005070179344151736;0,004499305200150305;0,003963082148293249
-0,0016892085846967218;0,0006638852394508276;0,007856024489090126;-0,001107097195858487;-0,00031907304420331073;0,00016904022864321078
-0,002310298945803851;0,0002541371362366545;0,007536951444886815;-0,0009380569672152762;-0,0018610021264630905;0,0049170511538810975
-0,002617148327347376;-0,00019989485481185812;0,0056759493184237245;0,003978994186665821;-0,0024141634103341664;-0,0002978893518547632
-0,0026225196510954274;-0,0006914491245489818;0,003261785908089558;0,003681104834811058;-0,0019748742249711057;-0,004554558771817971
-0,0024008530021065303;-0,0010238436268194726;0,0012869116831184524;-0,0008734539370069128;0,0005630517220876416;6,632570299047041e-05
-0,002048714916794051;-0,001208993935697521;0,001849963405206094;-0,0008071282340164423;-0,0015139673346898953;0,0052916093069608275
-0,0016451003641568332;-0,001429082402055846;0,00033599607051619865;0,004484481072944385;-0,0014586538960378592;0,002256057968458916
-0,0011674872753113718;-0,0016814559977748288;-0,0011226578255216606;0,006740539041403301;0,0030402524579466374;-0,005692239936307984
-0,0006764343436452626;-0,001754450350576036;0,0019175946324249769;0,001048299105095317;-0,00848963546520589;0,0012430575930753307
-0,0002302877250000198;-0,001557823141721111;-0,006572040832780912;0,0022913566981706476;0,005938920699183966;0,0020535755726641246
0,00029256267894222217;-0,0013192639686623736;-0,000633120133596946;0,004344932270834772;0,002179517043775091;0,0006844938768595238
0,0005525314495732276;-0,0009890505276768102;0,0015463969101781449;0,005029426147694296;-0,002725393169862698;-0,007343819681748869
0,0007871754148603551;-0,000485039795857856;-0,0011789962596845532;-0,002314393534054573;0,0005858301647968696;-0,0017432646823289412
0,0010836752565546086;0,00022014798186887014;-0,0005931660948876837;-0,004057658216383514;-0,0004112328803463107;0,0019459125814969974
0,00133301524786148;0,0008327600182334134;-0,0010043989752339944;-0,0021117456348865166;0,004277614376925705;0,0013192790347409458
0,0015586285953728437;0,001283065725942616;0,0032732154016917106;-0,0007924666001455707;-0,00039253149290919415;0,0010927491400431408
0,0017440659838748479;0,001648901608256358;0,0028806839087825165;0,00030028253989757003;-0,003087509730119259;-3,2764908675562976e-05
0,0020604319884445204;0,001983038826564277;-0,00020682582133674243;0,00026751763122200706;0,0025986446072191055;0,0010014997514231835
0,0024920253493654937;0,002329187346468099;0,002391818785882363;0,0012690173826451906;0,0017969257791436433;0,0028817242793706677
0,0029153456774329975;0,002686036571620801;0,004188744565026006;0,004150741662015858;-0,005198454621255275;-0,000451702055422748
0,0034343387569357956;0,003093646492079311;-0,0010097100562292682;0,0036990396065931103;0,0017814421041023043;-0,002316123257172481
0,004120881619039634;0,0036672860790184555;0,0007717320478730361;0,0013829163494206292;-0,005880771778370292;-0,0013710009986550725
0,004767036078894301;0,004388887250221324;-0,005109039730497256;1,191535076555672e-05;0,0008725556350874519;-0,00030831542866255335
0,00544405982066389;0,005165805075401018;-0,004236484095409804;-0,00029640007789699663;-0,0007629618449982722;0,0004723257752960175
0,005916721973213589;0,005943199514611333;-0,004999445940408076;0,00017592569739902086;0,0032828344967043566;-0,0062616213402321985
0,006219924761946896;0,0067087379507057695;-0,0017166114437037194;-0,006085695642833178;0,00014784689304364607;0,00093313084123961
0,006323149713063879;0,007481313414696167;-0,0015687645506600734;-0,005152564801593568;-0,0005543146745962679;0,0020551132127333283
0,006357710206432714;0,008010461052973237;-0,0021230792252563413;-0,0030974515888602394;0,00390726155234114;8,076424072450683e-05
0,0063295201177751455;0,008333506099186564;0,001784182327084799;-0,0030166873481357326;-0,0011782007027514307;-0,0049082590022444805
0,006216406860107325;0,008532653081845481;0,0006059816243333682;-0,007924946350380213;0,001501572834231163;-8,158065729743647e-05
0,006174660895522895;0,00861113257057897;0,002107554458564531;-0,00800652700767765;-0,0026390330421297015;0,005395373640694062
0,0061571541959117996;0,00837261420529725;-0,0005314785835651703;-0,0026111533669835874;-0,000623482930869057;0,006699115549760437
0,006223949674643285;0,007813834759708423;-0,0011549615144342273;0,00408796218277685;0,001631453918602005;-0,004546821433647041
0,006269486010032165;0,007150609179440254;0,0004764924041677776;-0,00045885925087019164;-0,0026205420072629437;-0,001156121957586187
0,0062688238848436755;0,0066509020864831585;-0,002144049603095166;-0,0016149812084563786;0,004733009435396923;0,0030945295716132692
0,006287221455821897;0,006132840623491255;0,002588959832301757;0,0014795483631568906;-0,003293798971596651;0,004046500591442431
0,006219857042676311;0,005550179912161096;-0,0007048391392948938;0,005526048954599322;-0,0015624099522471013;0,004983247874569899
0,006256051022822796;0,005026701135357214;-0,002267249091541995;0,01050929682916922;0,0003433397333090782;-0,007062304342210876
0,006264051437397486;0,004724264316737304;-0,001923909358232917;0,0034469924869583446;0,002352195319926642;-0,0021732289108739727
0,006181361888310494;0,004842199371284162;0,0004282859616937251;0,0012737635760843719;-0,0006659700704068627;0,0032484943958002027
0,0060217159648941875;0,005098014125309355;-0,0002376841087131376;0,004522257971884575;-0,004557622992526711;0,0004989461583835841
0,005879201479945629;0,005404779422377922;-0,0047953071012398485;0,005021204130268159;0,004452624268457411;-0,007067472913412309
0,005727179630648546;0,005892435038321873;-0,00034268283278243716;-0,0020462687831441506;0,0028999394903425485;-0,002242282600122658
0,005383345497301868;0,00658093881947655;0,0025572566575601113;-0,004288551383266809;-0,0014426649586190693;0,001253413125135383
0,005025804050643893;0,00718759184930546;0,001114591698941042;-0,0030351382581314257;-0,002330042119218778;0,0035902308405529326
0,004770552870288322;0,007622702823803698;-0,001215450420277736;0,0005550925824215069;0,0002222772886745772;0,0012185026340668093
0,004559885357890393;0,00793640826797668;-0,000993173131603159;0,0017735952164883162;0,0027298602216498935;-0,0038349821215038216
0,004300599828681355;0,008272317415446522;0,0017366870900467346;-0,0020613869050155054;-0,00024125343617910355;0,002636956436614296
0,00400158737420819;0,008679170371575897;0,001495433653867631;0,0005755695315987908;0,002336591867355811;0,0005189298193666037
0,0037720424033368945;0,00900356785150465;0,003832025521223442;0,0010944993509653944;-0,006577199341798359;-0,005564853334153241
0,003602314778620304;0,009350988112697356;-0,002745173820574917;-0,004470353983187847;0,0036772613358844047;-0,0013395592496730224
0,003585868174752652;0,009742188347928678;0,0009320875153094876;-0,005809913232860869;-3,921107201990126e-05;0,0008489469671560945
0,0034596146180620024;0,009954574423832485;0,0008928764432895864;-0,004960966265704775;-0,0014364537136403732;-0,00014910809589277485
0,003370644561983733;0,009934563970421858;-0,0005435772703507868;-0,00511007436159755;0,0016198463439942717;0,0048211127568204
0,0033173895636370468;0,00971611486638304;0,001076269073643485;-0,00028896160477714927;-0,004962806924467475;-0,0029131121658676484
0,0032423914744763287;0,00929326278788032;-0,00388653785082399;-0,0032020737706447977;0,003175837220425401;0,0069614226302824045
0,0032104441482613505;0,008858852245186514;-0,0007107006303985891;0,003759348859637607;0,00020023299638709247;-0,002156266046791089
0,003023035308013413;0,008296358751666916;-0,0005104676340114966;0,001603082812846518;0,0010074869996667193;-9,665783402554307e-05
0,002807198442549531;0,007884239212532822;0,0004970193656552227;0,001506424978820975;0,001536711791888301;-0,0005145507860131737
0,00257094287172519;0,00753624298591259;0,002033731157543524;0,0009918741928078012;-0,004306365148303064;0,0018679583996260019
0,0023545680755270573;0,007248503758445195;-0,00227263399075954;0,002859832592433803;0,0006138658454255819;0,004455364548009294
0,002219542525630666;0,007000439498690113;-0,0016587681453339581;0,007315197140443097;0,006017741569724608;-0,0019874137335609277
0,001993611616103893;0,006866768542632383;0,00435897342439065;0,0053277834068821694;-0,0026598183089741254;-0,0009753535561785875
0,0017013299807637613;0,007025705472192377;0,0016991551154165244;0,004352429850703582;0,0025919089798660533;-0,002942233430650587
0,0015834072823992559;0,007397753738027658;0,004291064095282578;0,0014101964200529948;-0,004759424801135788;-2,1460752493457358e-05
0,0015334507886514115;0,007943899197891083;-0,0004683607058532102;0,0013887356675595375;0,002495673775702187;-0,003757958580095977
0,0016551368587148702;0,008546452514556626;0,0020273130698489766;-0,0023692229125364395;-0,004229190983562982;-0,0023547779692670856
0,0017580885005442004;0,009204555257924551;-0,002201877913714005;-0,004724000881803525;0,0023747314584679977;-0,001370572322385133
0,0019421326651674897;0,00976788908479102;0,0001728535447539925;-0,006094573204188658;-0,004029202987505781;-0,0003343548067628599
0,002038101713242219;0,010142262876385347;-0,0038563494427517886;-0,006428928010951518;-0,001106220758075635;0,0005023061911786086
0,0021409849031071076;0,010272853739812127;-0,004962570200827424;-0,005926621819772909;0,003848678596196406;0,004838692520588689
0,002089614115261925;0,010146287482800847;-0,0011138916046310177;-0,0010879292991842204;0,0004600590961606442;0,001319346317370046
0,0018397405193836453;0,00978265635299865;-0,0006538325084703735;0,0002314170181858255;0,005746622856151885;-0,0030472749795671106
0,001545311259320125;0,009375508051229085;0,005092790347681512;-0,002815857961381285;-0,004761018871551434;-0,00033846439283252705
0,0012247286989177895;0,008977616430186953;0,0003317714761300779;-0,003154322354213812;0,003399516587470959;-0,003437106609063767
0,0011078577524227147;0,008467090490689569;0,003731288063601037;-0,006591428963277579;0,0008289308799922408;0,005180359645053173
0,001004257664972843;0,007830391657023632;0,004560218943593278;-0,001411069318224406;-0,0008331425846515167;-0,005879070153453833
0,0010499091000670127;0,006930035664826593;0,003727076358941761;-0,007290139471678239;-0,004118889456142631;0,004192333010640342
0,0012779692929049135;0,0059732368999005775;-0,00039181309720087015;-0,003097806461037897;-0,0018099393452527882;0,005492435828118411
0,001655112540100485;0,004724832556107432;-0,0022017524424536583;0,002394629367080514;0,0025791240444765426;0,00022217835976742067
0,0020165832634080213;0,0033525159538727706;0,0003773716020228843;0,0026168077268479348;-0,0004889182597643399;0,0014612799629503542
0,0022899838890174115;0,00207598452632133;-0,00011154665774145561;0,004078087689798289;-0,0005420173446851959;0,0004159725264423382
0,002578479378707717;0,0009041254078438069;-0,0006535640024266515;0,004494060216240627;-0,0027372689583132076;0,004403308613144235
0,0028625130020883643;-0,00010461020304178476;-0,003390832960739859;0,008897368829384862;0,0002600476855674355;-0,002031833650418143
0,0031204040653719455;-0,0009335834052777512;-0,0031307852751724236;0,006865535178966719;0,004235054818714418;-0,005880284949535058
0,0032426618102259323;-0,0014066618543383232;0,0011042695435419941;0,0009852502294316612;-0,005044825220059446;0,001662752358278237
0,0032396881440730227;-0,0016051188962402266;-0,0039405556765174515;0,002648002587709898;-0,002644979609607495;0,00425608435751481
0,0032808852596617924;-0,0017641659289648634;-0,006585535286124947;0,006904086945224708;0,0017031486527592996;-0,004813490562869935
0,003164460148189864;-0,0018172928581811044;-0,004882386633365647;0,002090596382354773;0,0005252268333740678;-0,005869473324181099
0,0027846136252729376;-0,001594256309588357;-0,004357159799991579;-0,0037788769418263257;0,0016053887965125288;-0,00106884099903121
0,0022094716370213855;-0,0012875959057014187;-0,0027517710034790505;-0,004847717940857536;0,001986217316981037;0,001003873546348396
0,0014600432567701703;-0,0011320905794875334;-0,0007655536864980134;-0,0038438443945091397;0,0025810129295164817;-0,0013355512721477357
0,0006005440363797929;-0,0011704939709079494;0,0018154592430184684;-0,005179395666656875;0,0007283127617547618;-0,0033652939835702896
-0,0002895773314705049;-0,0013626511381087311;0,00254377200477323;-0,008544689650227165;0,003738441204403798;0,006545729787583741
-0,0011070803296000641;-0,0017619841319757878;0,006282213209177028;-0,0019989598626434235;0,0015521932751915886;0,0077758712079566555
-0,001822832447538694;-0,0025031047118519315;0,007834406484368617;0,005776911345313232;-0,0027316565711310997;0,003592791037578022
-0,0022872960371102427;-0,0033241836862338116;0,005102749913237517;0,009369702382891254;-0,00045514539174401625;0,002046358633386758
-0,002438383367307047;-0,003914186206803162;0,004647604521493501;0,011416061016278012;-0,0015155648626424892;-0,0008644609257166536
-0,00238536070097435;-0,0041294006320568635;0,0031320396588510116;0,010551600090561358;0,0006706762273672034;-0,0019073698996167204
-0,0021464338537819138;-0,0038879726166594435;0,003802715886218215;0,008644230190944638;-0,004614085609910681;-0,0035021155113239034
-0,0017822254202354364;-0,00322448059763957;-0,0008113697236924663;0,005142114679620734;-0,0038760789351244707;-0,004428066035408792
-0,0012659083512402307;-0,00221521937098191;-0,004687448658816937;0,0007140486442119426;0,005451515362422351;-0,003989891990453829
-0,0007820460711927238;-0,0010002735571394213;0,0007640667036054143;-0,0032758433462418864;-0,0017090441172618173;-0,012189861480395383
-0,00048568173749789426;0,0002432342024715453;-0,000944977413656403;-0,01546570482663727;0,0014518125578837906;0,004832645484064153
-0,00015875473565884812;0,0013557082282328364;0,0005068351442273876;-0,010633059342573116;-0,002320289260365084;-0,0007175723748105226
0,00013037316963394188;0,001849554060928637;-0,0018134541161376966;-0,011350631717383639;0,002340431808317128;0,0018097753409600965
0,0004397744806958274;0,0019180775199215125;0,0005269776921794315;-0,009540856376423542;0,001643126176528226;0,0005897668206929982
0,000676637627112205;0,0015325757102190426;0,0021701038687076575;-0,008951089555730544;-0,001615890585575163;0,0012417222306945648
0,0009345798812157599;0,0007654396454596312;0,0005542132831324945;-0,007709367325035979;-0,00029648426929708427;0,011749863819328701
0,001279326290067621;-0,0003597400015290021;0,0002577290138354102;0,004040496494292722;-0,0039958982192596915;0,00025637456492584587
0,0016462412302447821;-0,0017932943415190745;-0,0037381692054242813;0,004296871059218568;0,0010801896348316686;-0,000569656788855108
0,0020234653309753594;-0,003065228821737438;-0,0026579795705926126;0,0037272142703634603;0,00022238350311617333;0,002097302651638683
0,0022511626634889657;-0,004165288459587059;-0,0024355960674764393;0,005824516922002143;0,0006299106105842611;-0,0013045494843326733
0,0023725408131788674;-0,0051162595266221415;-0,0018056854568921782;0,00451996743766947;0,001303236451174361;0,0028185225574293704
0,002396495120169711;-0,005834249916777137;-0,0005024490057178171;0,00733848999509884;-0,0004551457873091247;-0,005516172696108934
0,002348222008884868;-0,006371441609425356;-0,0009575947930269418;0,0018223172989899061;0,0047225452501250265;-0,0036627686409605453
0,0022798509373713124;-0,00661509370226962;0,0037649504570980846;-0,0018404513419706392;-0,0005981571474866013;0,003867701963127912
0,002173176074136679;-0,006785853103154289;0,0031667933096114834;0,0020272506211572727;-0,0024679184172744922;-0,0009227156434160055
0,002217099229185969;-0,007030230557717782;0,0006988748923369911;0,0011045349777412672;-0,0020285108497681004;0,00012564224711608674
0,0023876941166197183;-0,0071935179874349844;-0,0013296359574311092;0,001230177224857354;-0,001183139901847298;-0,0024479472092525933
0,0025862439997469473;-0,007312624018042536;-0,002512775859278407;-0,0012177699843952394;0,004187340964316319;0,001459191981118324
0,0027316084445769316;-0,007382522959655794;0,0016745651050379118;0,00024142199672308462;-0,00368732112460822;-0,001605093517459133
0,00277646185503578;-0,007501132700644861;-0,002012756019570308;-0,0013636715207360484;0,0023284971407505906;-0,002220540599559645
0,0028882978696961447;-0,007610085561765006;0,0003157411211802824;-0,0035842121202956934;0,0002945203897477544;-0,0007959788812089696
0,0029196236435736975;-0,007773585283714591;0,0006102615109280368;-0,004380191001504663;0,003734814057117536;0,002340685875681009
0,002963579062298461;-0,008080453490476005;0,004345075568045573;-0,002039505125823654;-0,002534790035190068;0,002410746626460708
0,0030319449414603463;-0,008562529337297606;0,0018102855328555045;0,00037124150063705397;-0,003319915591301431;-0,0034204199844346805
0,0032741138433440542;-0,009126185389152152;-0,0015096300584459266;-0,0030491784837976266;0,0026428637400016525;0,0016774051796991096
0,0035886941665419824;-0,009674991780981216;0,001133233681555726;-0,001371773304098517;-0,0028223596033924297;0,0077844827441569675
0,003842889287402074;-0,010345765312162185;-0,0016891259218367038;0,0064127094400584506;8,359449898413807e-05;-0,0006063620999554042
0,004142413755524394;-0,011071409775507095;-0,0016055314228525658;0,005806347340103046;0,0010803413817820767;0,0015024103857878002
0,004374373186773246;-0,011540545861249668;-0,0005251900410704891;0,0073087577258908465;-8,672789892880117e-05;-0,0007080676626218807
0,004542111361107996;-0,011777428053388118;-0,0006119179399992902;0,006600690063268966;0,0025385085528061846;0,004116362033430465
0,004688841933799925;-0,011721959936490934;0,0019265906128068944;0,010717052096699431;-0,0038970007225418157;-0,003951723768523208
0,004811095788891884;-0,01140246421706299;-0,0019704101097349214;0,006765328328176223;0,003838935637631574;-0,006226993894999117
0,005010413268496118;-0,010654286413767072;0,0018685255278966528;0,0005383344331771067;-0,0012401770259047318;0,0008576346666980539
0,005130914343710955;-0,009635495477344103;0,000628348501991921;0,0013959690998751606;-0,002558250081807989;0,002172457241179676
0,005326156440041659;-0,00859517116359405;-0,001929901579816068;0,0035684263410548367;0,0020932118435518787;-0,004095372346444082
0,005546532476452038;-0,007499008085848991;0,0001633102637358108;-0,000526946005389245;-0,0007285589314693641;0,0005104056195986972
0,005689712449669776;-0,006260107954461738;-0,0005652486677335533;-1,654038579054773e-05;2,0103848152680515e-05;0,0009044138413963343
0,0058394248334369455;-0,005042285663290055;-0,0005451448195808728;0,0008878734556057866;0,002825821744806417;-0,0007578062502243965
0,005966527270494773;-0,003825124987549994;0,0022806769252255443;0,00013006720538139005;-0,002352102454350552;-0,005645067601757276
0,006071823914769367;-0,002572449373585701;-7,142552912500766e-05;-0,005515000396375886;;
0,006268347636052982;-0,0013145710714061532;;;;
0,006462014336171595;-0,0002772927850816405;;;;
