y;x;acc_x;acc_y;jerk_x;jerk_y
-4,175940754100766e-05;-0,00037730842134025975;0,0026609370969411655;-0,00011873059175891276;-0,0018694432423187468;-0,0003347674121298178
5,487947508624712e-05;-0,000584789739222494;0,0007914938546224187;-0,0004534980038887306;0,001192541148969193;0,0005957200606148071
0,0001467691340431454;-0,0006858335732270817;0,0019840350035916117;0,00014222205672607654;-0,0014935374320707677;-9,425120451927527e-05
0,00022051887284449444;-0,0007552176530467728;0,000490497571520844;4,7970852206801265e-05;-0,0006675252804809358;-0,0004643411460972099
0,00029995749391488653;-0,0007452403327227993;-0,00017702770896009176;-0,00041637029389040865;0,002518361039578273;0,0005838901619147985
0,0003813149490735507;-0,000715643109537992;0,0023413333306181814;0,00016751986802438987;-0,0028254402566726417;0,0016852577957235226
0,0004460175924765985;-0,0006931269947115883;-0,0004841069260544603;0,0018527776637479124;0,0009879443494550492;0,0005799697605057847
0,0005174210306006219;-0,0005769575466604576;0,0005038374234005889;0,002432747424253697;-0,0015106850594677227;-0,0015278546847881623
0,0006629355752745618;-0,00048015237565150515;-0,0010068476360671338;0,0009048927394655348;-0,00014755434764032824;-0,0007374964926912288
0,0009057600169186496;-0,0003631937077065291;-0,001154401983707462;0,00016739624677430606;0,002582518876500345;0,0004594823593885716
0,0011847801681413588;-0,0002865089452042385;0,0014281168927928831;0,0006268786061628777;-0,002806193205818551;-0,00018426945557278515
0,0014704961692350402;-0,00025600026205024635;-0,0013780763130256677;0,00044260915059009254;0,0026701290462427217;-0,0006567823753803811
0,0017812873145752366;-0,00016836690318453886;0,001292052733217054;-0,0002141732247902886;-0,002619989294351173;-0,0014397611106349018
0,002109782825939037;-0,0001358565968398581;-0,0013279365611341188;-0,0016539343354251904;0,0021135761748185423;0,0004896725373075561
0,0024297114083112257;-5,166418116649516e-05;0,0007856396136844234;-0,0011642617981176343;0,0005691184198710742;0,00020542340038278567
0,002683482617266407;-2,0589227938496978e-05;0,0013547580335554975;-0,0009588383977348486;-0,0011682328010587505;0,0012130625150098134
0,0028906833542968824;4,1911309836878145e-05;0,000186525232496747;0,00025422411727496486;-0,0007798117562805725;9,989227388033928e-05
0,003059530555417964;0,00015860216895447317;-0,0005932865237838255;0,00035411639115530413;0,0010732676125537527;0,0005948607193123345
0,0032385467212300446;0,0002827540373719381;0,00047998108876992716;0,0009489771104676387;-0,0015198359755567948;-0,0008680442689684154
0,003431727542688337;0,00038317444483805;-0,0010398548867868677;8,093284149922331e-05;0,0029233321895872494;-0,0021478990813942334
0,0036628674485653353;0,0005027940958549589;0,0018834773028003817;-0,00206696623989501;-0,001856707923161267;0,0022739092601051086
0,003897244668102302;0,0005808195514003932;2,6769379639114688e-05;0,00020694302021009858;-0,002015846176050825;-0,0016242570357976605
0,004048943238043469;0,0007341840990578427;-0,0019890767964117102;-0,0014173140155875619;0,0028726485797186466;-0,0015470073462227202
0,004208919528793039;0,0008886194219008569;0,0008835717833069363;-0,002964321361810282;-0,001700004862165417;-0,0003847046816107952
0,004312203258919107;0,0009634916728874026;-0,0008164330788584806;-0,0033490260434210772;0,0009364661990766097;-0,0002388953707903041
0,004296914134572764;0,0010737067952062257;0,00012003312021812915;-0,0035879214142113813;-0,0021208602699116785;0,004017157470620411
0,004147663968489578;0,0011512645943707097;-0,0020008271496935494;0,00042923605640902973;0,002206213915795407;-0,0023830070995495972
0,003854896945837936;0,0012336237183439187;0,0002053867661018574;-0,0019537710431405675;-9,878833621496108e-06;0,0009990390833499868
0,003579299365442656;0,001235949756329386;0,0001955079324803613;-0,0009547319597905807;0,0004556202823599899;0,0009008613799364115
0,003225550943321753;0,0012464912649589274;0,0006511282148403512;-5,3870579854169154e-05;-0,0005861256833504074;0,0008384362941395093
0,0028336132428092263;0,0012648530908876833;6,500253148994384e-05;0,0007845657142853402;-4,901215090334643e-05;0,001710719448517438
0,0024395207191025333;0,0013092600454100531;1,5990380586597408e-05;0,002495285162802778;0,00024669127673369873;-0,00041779623023788237
0,002076810823967254;0,0013562671011920209;0,00026268165732029614;0,0020774889325648957;-0,0013544681483665041;0,0005725704819924335
0,0018139123353440856;0,0014039137721974524;-0,001091786491046208;0,002650059414557329;0,0016957308635574125;0,00046001456262383805
0,001634113404023513;0,0014620677094956958;0,0006039443725112045;0,0031100739771811672;-0,0030431208061608914;-0,00021532866838796377
0,0015603168492852337;0,0014765501871520908;-0,002439176433649687;0,0028947453087932035;0,00019493930148400257;-0,002501423517614558
0,001610923253634201;0,0015151904397089342;-0,0022442371321656843;0,00039332179117864546;0,002555874057892319;0,00019547498537146601
0,0017773194703348965;0,00145626363491979;0,0003116369257266348;0,0005887967765501115;-0,00022036795688224614;-0,00013620695090040685
0,001959448558682738;0,0013075673448440183;9,126896884438865e-05;0,0004525898256497046;-0,001227599174649461;0,00039522861654247426
0,0021651295180925836;0,0011713365317973122;-0,0011363302058050723;0,0008478184421921789;0,0004921625357046516;0,00040722868841469584
0,0023889140705284175;0,0010387564775043816;-0,0006441676701004206;0,0012550471306068747;0,0015652730635482993;0,0006404382983605308
0,002646611360651939;0,0008607232149792481;0,0009211053934478786;0,0018954854289674056;0,001352270844050183;-0,0009967380304066326
0,0029545105359997346;0,0006569232456500977;0,0022733762374980617;0,000898747398560773;-0,0027136401869774576;0,0011177231499683443
0,003338229128506227;0,0004899674920588625;-0,0004402639494793959;0,0020164705485291173;0,0009521306928743081;-0,002252801143979799
0,0037578976169551507;0,0004139467879675498;0,0005118667433949122;-0,0002363305954506817;0,0011617168886094336;-0,00183826968280687
0,0042582249273452385;0,0003203155258970612;0,0016735836320043457;-0,0020746002782575518;-0,0013986943278334347;-2,742466428545809e-05
0,004749099013917299;0,00024715893356236915;0,00027488930417091106;-0,00210202494254301;0,0002660106830706301;-0,0012874957812241544
0,005156989089359057;0,0002409456865078509;0,0005408999872415412;-0,0033895207237671643;-0,0010032751846715746;0,0029660306571812067
0,005480798167099096;0,0002457280116201691;-0,00046237519743003337;-0,00042349006658595756;0,0018470470752067706;-0,001506256999107669
0,0056690264158884476;0,00027214633622214894;0,0013846718777767372;-0,0019297470656936266;-0,002657821191394033;0,00024430796959565293
0,005840315062014361;0,00028006965292692745;-0,0012731493136172957;-0,0016854390960979737;-0,0003389270722613316;0,0006208758314148466
0,005934413825512529;0,00034337984474277545;-0,0016120763858786273;-0,0010645632646831271;0,0012969372704263807;0,0006335234184907945
0,005961095025166778;0,0003557640640139316;-0,0003151391154522466;-0,0004310398461923326;0,0007542353853317012;7,311549459265709e-06
0,005945193694233702;0,0003036652278499427;0,00043909626987945465;-0,0004237282967330669;-0,001773390047747788;0,0012731835706604744
0,005912050769452934;0,00023896082706786388;-0,0013342937778683334;0,0008494552739274075;0,0006834773870026765;0,00038066954400531317
0,0058619587128028415;0,0001918202770809633;-0,0006508163908656569;0,0012301248179327207;0,002379115537063354;0,00040520636740851157
0,005845844867109847;9,130797597932936e-05;0,001728299146197697;0,0016353311853412322;-0,00025700225146721694;-0,00011012485556191609
0,0058789360141341595;-3,523698075693087e-05;0,00147129689473048;0,0015252063297793161;0,000569905348110858;-0,0012141931845605636
0,005977440408572122;-9,264997164528321e-05;0,002041202242841338;0,00031101314521875256;-0,0014941338872507693;-0,0005918526894077292
0,006136953056201258;-9,121108674441634e-05;0,0005470683555905687;-0,0002808395441889766;0,0006237791718428534;-0,0025915737851989196
0,006308906229639143;-8,12411212989595e-06;0,001170847527433422;-0,002872413329387896;-0,00018397808950823677;-0,0009438513512484425
0,00646962582130947;9,684559670824718e-05;0,0009868694379251853;-0,0038162646806363387;0,0004007861705301293;0,001085324465574411
0,00651544887980428;0,0002486492066437272;0,0013876556084553146;-0,0027309402150619277;-0,002274726470286291;-0,0003556224208238479
0,006408621351073637;0,0004399275940962146;-0,0008870708618309766;-0,0030865626358857756;0,0007350796569147392;0,00012005254745908744
0,006192556213740517;0,0006867122058869146;-0,00015199120491623738;-0,002966510088426688;0,00024720593490847736;0,0025814375645377696
0,005853028570971966;0,0008980139832043756;9,521472999223998e-05;-0,00038507252388891855;0,00018913889668852046;-2,904155080968307e-05
0,0053948405246663465;0,001103236112325187;0,00028435362668076045;-0,0004141140746986016;-0,0020561891984866125;0,002192899479684776
0,004921249577405171;0,0013122668306456882;-0,001771835571805852;0,0017787854049861745;0,0015965244515871654;0,0002958208283630054
0,0044310940671560516;0,0015326716940334195;-0,0001753111202186866;0,00207460623334918;0,00028583107513999173;-0,002087228425669871
0,004012089973106379;0,0016822031345489169;0,00011051995492130512;-1,262219232069095e-05;-0,0006369831484392408;0,0034184811872196436
0,003676070128390674;0,001824722130255667;-0,0005264631935179356;0,0034058589948989526;-0,001031977526964864;-0,0025131940901789857
0,003339545395982141;0,001971661924159269;-0,0015584407204827996;0,000892664904719967;0,0024133341342764472;0,0005616027307238369
0,003139255023369566;0,0020975431903221538;0,0008548934137936476;0,0014542676354438039;-0,0008069419637155573;-0,0003919503909993599
0,0029746712469457897;0,0021610868276657263;4,795145007809032e-05;0,001062317244444444;-0,002909406254628419;-0,0005805022285563094
0,0028682581759397656;0,002258826201561045;-0,0028614548045503285;0,0004818150158881346;0,0029868325210015007;0,0012803704322070925
0,0028043377947115193;0,0023584836334594873;0,00012537771645117213;0,001762185448095227;0,000461676824246908;-0,0007986326416991457
0,0027596900141187986;0,0023436828731759163;0,0005870545406980801;0,0009635528063960813;-0,0012281124789690415;-0,0009854600065019176
0,002785529651449887;0,0023338972215503923;-0,0006410579382709614;-2,1907200105836244e-05;-0,0007268642856018415;0,00047226264828502396
0,0028499114010368184;0,0023475937515527916;-0,0013679222238728028;0,0004503554481791877;0,001877414501181153;-0,0001990108621678227
0,002913416862619516;0,0023356479640243523;0,0005094922773083502;0,000251344586011365;0,00044559885873880767;-0,00026654139815728006
0,002994936542129382;0,002268985287541001;0,0009550911360471578;-1,5196812145915062e-05;-0,0014826119588726774;-0,0015190175418205581
0,003086510005079702;0,0022227023021499834;-0,0005275208228255196;-0,0015342143539664732;-0,00038463738704684614;0,001004944963429219
0,0031774755955441855;0,0022146229622008523;-0,0009121582098723657;-0,0005292693905372542;0,0021642787808576897;0,0004942186450255237
0,00320707261185001;0,0021854427893387004;0,001252120570985324;-3,5050745511730486e-05;-0,0027672721677741152;-7,111942862014775e-05
0,003215498852534344;0,002119776288081654;-0,0015151515967887913;-0,00010617017413187824;0,000922164558258505;0,0005709095001513592
0,0032225230633982096;0,0021041946096640204;-0,0005929870385302863;0,000464739326019481;0,0012421667701464842;0,0002672300758389673
0,0032253004672967993;0,0020280068673748353;0,0006491797316161979;0,0007319694018584483;-0,0010724501231762426;0,0032845654931384777
0,0032466674442361686;0,0019280996435444386;-0,0004232703915600447;0,004016534894996926;0,002062065581959427;-0,003441262133026299
0,0032973131972498762;0,00185415960897869;0,0016387951903993822;0,0005752727619706272;-0,0031756112369017986;-0,0021052501704987153
0,0035086203460634605;0,0017632887587505394;-0,0015368160465024164;-0,0015299774085280882;0,0013644770490460686;-0,000419156245443017
0,00374293840535587;0,0017379697161383643;-0,00017233899745634773;-0,0019491336539711052;0,0002867808778157857;-0,001237235660249414
0,003916057368307155;0,0016511780316660924;0,00011444188035943798;-0,003186369314220519;-0,0013854970547482678;-0,0008166619944940945
0,004011210985099597;0,0015574927872955666;-0,0012710551743888299;-0,0040030313087146135;0,002991712112148298;-0,0003054126955659292
0,003978909829323218;0,0014683852181394184;0,0017206569377594683;-0,004308444004280543;-0,0032542712384336647;0,0011501272366309934
0,003786487421198254;0,0013284354420077169;-0,0015336143006741965;-0,0031583167676495494;0,0015551270991849032;0,0036627242383966557
0,003421727252902069;0,0012573119433863943;2,1512798510706782e-05;0,0005044074707471063;0,0026269388290114278;0,0010356133754525765
0,0029306344138999014;0,0011248438727381035;0,0026484516275221345;0,0015400208461996828;-0,002006462378163345;0,0005174588591531776
0,002459717873727618;0,0009932363140302413;0,0006419892493587896;0,0020574797053528604;0,0016125185919619762;0,00012421488154219784
0,0020504021674033223;0,0009675668204232644;0,002254507841320766;0,0021816945868950582;-0,0018006855217555934;-4,262696669145305e-05
0,001723385649293141;0,000967576896790639;0,0004538223195651725;0,002139067620203605;-0,001450254367804063;-0,0010790064072465945
0,001483636914658762;0,0010577672868108442;-0,0009964320482388905;0,0010600612129570107;0,0025192934354593133;-0,0001450925185738014
0,001329450884832527;0,0011661105696136565;0,0015228613872204227;0,0009149686943832093;-0,0027811047120493843;-0,0004832136997829535
0,0012176673035245726;0,001234596570486913;-0,0012582433248289615;0,0004317549946002558;0,0004184555673816953;-0,00044009161062774985
0,0011424824699919466;0,0013639970268489866;-0,0008397877574472662;-8,336616027494054e-06;0,00015704455784087967;0,0009767948799697113
0,0010845678362433307;0,0014430677502179016;-0,0006827431996063865;0,0009684582639422172;-0,0005571111140332263;-0,0014361542026930171
0,0010263197378536152;0,001488546963288926;-0,0012398543136396128;-0,00046769593875079993;0,001207150582065608;0,0013654772691993125
0,0010068099700215882;0,0015067164483756948;-3,2703731574004746e-05;0,0008977813304485126;9,791424468971743e-05;-0,0018209510035008432
0,0009685923646395293;0,0014752917609168793;6,521051311571269e-05;-0,0009231696730523306;0,0005093832012057209;0,00150494341457676
0,0009662860124754109;0,0014425589241951035;0,0005745937143214336;0,0005817737415244294;-0,001521429196705712;0,0004792651093856806
0,0009270528733891993;0,0014124345079979562;-0,0009468354823842784;0,00106103885091011;0,0020530058966390305;-0,0008606492849142396
0,0009110906839639649;0,0014052938403736662;0,001106170414254752;0,00020038956599587043;-0,0016429315848085838;-0,001271364791797576
0,0009375700485751348;0,0013602797534540052;-0,0005367611705538317;-0,0010709752258017055;0,001494316946350542;0,0016761862971467548
0,0009720649958261397;0,001359512483104534;0,0009575557757967104;0,0006052110713450493;-0,0011065981860516744;0,0004567737890111209
0,0009637209340450761;0,0013372747659329098;-0,00014904241025496395;0,0010619848603561702;0,0005984618463154567;-0,0003655319140499422
0,0009795853151178147;0,001353339279793154;0,0004494194360604928;0,000696452946306228;0,00012991218085135758;-0,0013180988201130159
0,0010379290906048;0,0013634420972431997;0,0005793316169118504;-0,0006216458738067879;-0,00023597675005136015;0,0020751010058503924
0,0011241309839440344;0,001391521692135665;0,0003433548668604902;0,0014534551320436045;-0,00018825352852060856;0,000649971780246561
0,0011854670423309974;0,0014427745517046043;0,00015510133833988166;0,0021034269122901655;0,0005962705841963539;-0,0035029173894292887
0,0013049413059997045;0,0015077616059479633;0,0007513719225362356;-0,0013994904771391231;-0,0009776653881271233;0,0015551167540310828
0,0015085526461600183;0,0015789527137249175;-0,0002262934655908877;0,00015562627689195974;0,0002038850227503719;-9,850248260337424e-05
0,0016561843672347671;0,001680198698403321;-2,2408442840515796e-05;5,7123794288585494e-05;-0,00016194948588631186;-0,0006858625578411923
0,0018100411393851942;0,0017723929444580892;-0,00018435792872682766;-0,0006287387635526068;8,311736411639736e-05;-0,0003483377609613675
0,001966182863307165;0,0018636908527992365;-0,0001012405646104303;-0,0009770765245139743;-0,0002726412321234911;0,0005085331883809691
0,002097175036687031;0,001947614443991311;-0,0003738817967339214;-0,0004685433361330052;-0,0010530150806878566;0,0009513928236295766
0,0021890841490863388;0,002027488412598968;-0,001426896877421778;0,00048284948749657136;0,0014800635496544784;-0,0017525269716441375
0,0022622515280403257;0,0020924071093372685;5,3166672232700385e-05;-0,001269677484147566;-0,002802255052941828;0,0011836139679683028
0,002354732886494176;0,0021002499309786976;-0,0027490883807091276;-8,606351617926333e-05;0,006109249459014247;-0,0036518348490462565
0,002396427145582123;0,002110219419509435;0,0033601610783051197;-0,00373789836522552;-0,002332680886952508;0,0015060121059088175
0,0024346788640229;0,002010225372811807;0,0010274801913526116;-0,0022318862593167024;-0,0014171882814088543;0,0010295949059414833
0,002323414647854656;0,002044637769246384;-0,00038970809005624274;-0,0012022913533752191;0,0007339227147360947;0,000495805146416485
0,002122874981313744;0,002120149373335065;0,0003442146246798519;-0,0007064862069587341;0,0008642841529693732;0,000949549159743171
0,0018742436606378231;0,002180072653821497;0,001208498777649225;0,0002430629527844369;-0,001613416824357325;-0,0007700239208374808
0,0015973528916835532;0,0022537645192951226;-0,00040491804670809983;-0,0005269609680530439;0,0009574391573441074;-0,0009731439504274235
0,0013301846408406604;0,0023757963358747173;0,0005525211106360076;-0,0015001049184804674;-0,002708339215254471;0,002901297293130961
0,0010419379512756459;0,002481631430585988;-0,0021558181046184635;0,0014011923746504937;0,001868852032553582;-0,002331437026998704
0,0006936870649714127;0,002609567369722699;-0,00028696607206488145;-0,0009302446523482104;4,753625226816549e-05;5,824964891474986e-05
0,0004014838736531994;0,0026512705846746714;-0,00023942981979671596;-0,0008719950034334605;0,0003224253737710153;-0,0007477671760182832
7,207089624105756e-05;0,0026814951567440486;8,299555397429936e-05;-0,0016197621794517437;0,0005404599412344863;0,0005534708543564245
-0,0002922218813084227;0,0027021425360215573;0,0006234554952087856;-0,0010662913250953192;-0,001530081867798766;0,0024331442621617523
-0,0007213051460359727;0,0027261097374580378;-0,0009066263725899804;0,0013668529370664331;0,0015444851638378027;-0,000796150019362566
-0,0011930400637673354;0,00277501515870287;0,0006378587912478223;0,0005707029177038671;-0,0017414382133892348;0,00018557916520551762
-0,001610100864016041;0,002787655525044103;-0,0011035794221414125;0,0007562820829093847;0,0010974225786532787;-0,00014370149580794633
-0,0020043335475565917;0,0028258102430352484;-6,156843488133723e-06;0,0006125805871014384;-0,00026417311082416184;0,002258958639985667
-0,002368314947780767;0,0028198217841407377;-0,00027032995431229556;0,0028715392270871054;-0,000511973561402701;-6,998109092906657e-05
-0,002707793124520885;0,0028135870515067015;-0,0007823035157149966;0,002801558136158039;0,001442886412884592;-0,0002848661332742197
-0,0029324097321775182;0,0027965391207001736;0,0006605828971695954;0,002516692002883819;-0,0016451402047912012;0,0002672266851869165
-0,00304496401438783;0,0027481990492650454;-0,0009845573076216058;0,0027839186880707356;0,002009685796388813;-1,8757359008109153e-06
-0,0030568506164827896;0,0027262822937167016;0,0010251284887672074;0,0027820429521699247;-0,0014254531555166622;-0,0003011612613515388
-0,0029573804710549194;0,0026649832458634933;-0,00040032466674945477;0,002480881690818386;0,0019572754147235;-0,0026874482236572753
-0,0027466286075402526;0,002644689337560973;0,0015569507479740452;-0,00020656653283888937;-0,004650627829504442;0,00024793744207970286
-0,00243664147639285;0,0026083824425884752;-0,0030936770815303966;4,137090924081349e-05;0,002864062130011738;8,07057381315493e-05
-0,002134917006559003;0,0026343535775349386;-0,00022961495151865852;0,0001220766473723628;0,0006103147857193861;-0,000875418870097143
-0,0018315377003555234;0,0025365776292201863;0,00038069983420072756;-0,0007533422227247802;-0,0017142114622174243;-0,000346828589175778
-0,0015232753282571493;0,002429617082844688;-0,0013335116280166967;-0,0011001708119005582;0,001230286344125163;-0,0012304437857248648
-0,0012451466450677665;0,0023378845298372185;-0,00010322528389153374;-0,002330614597625423;-0,0008057250901696983;0,0003803748044584575
-0,001011024794354406;0,002192811511709081;-0,000908950374061232;-0,0019502397931669656;0,0014860415923072176;7,675713400517523e-05
-0,0008701275275460624;0,0020436094822252823;0,0005770912182459856;-0,0018734826591617904;0,0011746249028499883;-0,0012631100408398918
-0,0008072398524643974;0,0018580494377790344;0,001751716121095974;-0,003136592700001682;-0,0024531930535839977;0,0019263220265306746
-0,0008192914837492041;0,0016955730420626259;-0,0007014769324880238;-0,0012102706734710075;0,0014735584876935937;-0,0004890820005678219
-0,0009568068230340781;0,0016031652911900562;0,0007720815552055699;-0,0016993526740388294;0,001073695877079478;0,002445041713041187
-0,0011427329892577923;0,0014826984630179657;0,0018457774322850479;0,0007456890390023577;-0,00012668734597340997;-0,0014541123573291043
-0,0013966332624430597;0,001393114897054098;0,001719090086311638;-0,0007084233183267466;-0,0009299772515088262;0,0022794026400425466
-0,0016207059740682328;0,0013773624283816323;0,0007891128348028117;0,0015709793217158;-0,0006898325544727468;0,0005621827830548376
-0,001873115618426476;0,0014303735631616319;9,928028033006492e-05;0,0021331621047706376;0,0019576345887267615;-0,002361826723451761
-0,002062686089916087;0,0015149492113337442;0,0020569148690568265;-0,00022866461868112364;-0,000994079394828061;-0,0016250914651680728
-0,002166930077214872;0,0016034960707190587;0,0010628354742287655;-0,0018537560838491965;-0,0018157054683608093;0,0013230540512227662
-0,0022803206492609026;0,0017743195248666466;-0,0007528699941320438;-0,0005307020326264303;0,00012658267328594097;0,0025718889617632815
-0,002467861464660901;0,001987656397983385;-0,0006262873208461028;0,002041186929136851;0,00025622061115298383;-0,0024143535972429575
-0,0026766303613659564;0,0021708784713348416;-0,000370066709693119;-0,0003731666681061063;0,0005893567610280662;0,0014169166890919543
-0,002803751780905538;0,0023290490518524543;0,00021929005133494717;0,001043750020985848;-0,0014339441665920452;-9,729485832715712e-05
-0,0029457998671693635;0,002472416963982342;-0,001214654115257098;0,0009464551626586909;0,0009838551879893173;0,002893894603803862
-0,0030460979525937554;0,002624556478165628;-0,00023079892726778073;0,003840349766462553;-0,0015065516338719775;-0,0022783147421881478
-0,0031085378315117997;0,0027281098277386296;-0,0017373505611397583;0,0015620350242744052;0,0009871390191265456;-0,0020810281871780217
-0,003017363719771342;0,0028224312202209203;-0,0007502115420132127;-0,0005189931629036165;-0,00034872651823279754;0,0004631429910946505
-0,0028637082070599074;0,00284725859025762;-0,0010989380602460103;-5,585017180896601e-05;0,00030860097901912187;-0,0008442985787306401
-0,002730812420864618;0,002842077498613792;-0,0007903370812268884;-0,0009001487505396061;-0,0006077530177660828;0,0009374008102449455
-0,0026001506415416873;0,0027929388845601235;-0,0013980900989929712;3,72520597053394e-05;0,0008870241554382735;7,255137810479456e-05
-0,00250549481224034;0,002712186787257379;-0,0005110659435546977;0,00010980343781013396;0,0005693401419015892;-0,0014434098223745848
-0,00240934890055078;0,002575511085994916;5,8274198346891515e-05;-0,0013336063845644508;0,0008703326826427354;0,0008550895221280594
-0,0023088108513488145;0,002418392746990265;0,000928606880989627;-0,0004785168624363914;-0,0006344462426384478;0,0023422735196379496
-0,002261617057529427;0,0022636053759194897;0,0002941606383511791;0,0018637566572015582;-0,0004298430210631851;-0,0014589764387389
-0,0022335639382074952;0,0021459622800882993;-0,000135682382712006;0,0004047802184626581;0,001776397849197968;-0,0012955902286936397
-0,002130960552597501;0,0020400856097911564;0,001640715466485962;-0,0008908100102309816;-0,001136501993428525;0,0014999210966337717
-0,0020121659582490003;0,001928781644185533;0,0005042134730574369;0,0006091110864027902;0,0005192680605948172;0,0001558541601818092
-0,001929003764309739;0,001883106297239348;0,001023481533652254;0,0007649652465845994;-0,0018525289458183186;0,00027632618750224325
-0,0018214771269143663;0,0018575994892154606;-0,0008290474121660646;0,0010412914340868426;0,0020973660238427505;-0,002307771076936624
-0,0016833518796556095;0,0018730319425376634;0,001268318611676686;-0,0012664796428497813;-0,000985560447774536;0,00021899966882341082
-0,0015035749750333788;0,0018553024993732238;0,0002827581639021498;-0,0010474799740263704;0,00012938859039229172;-0,00016755044241838907
-0,0013744572561251395;0,0018883058006758514;0,00041214675429444153;-0,0012150304164447595;-0,0019286213538265845;-0,0022064936673676233
-0,001287238736177955;0,0019326194285345648;-0,001516474599532143;-0,003421524083812383;0,001164011998760199;0,002351555870067683
-0,0012486214328885608;0,0019934189265650563;-0,0003524626007719439;-0,0010699682137447;0,0009122770591025176;-0,0009037957260653318
-0,001346865092951662;0,001993559440614262;0,0005598144583305736;-0,001973763939810032;-0,0015691447749253962;0,00035760173100587295
-0,0014879074815645514;0,0019796014506325895;-0,0010093303165948225;-0,0016161622088041588;0,0004530846137202754;0,001761299430742637
-0,0017079004277698417;0,0019880360389841405;-0,0005562457028745471;0,00014513722193847806;0,00047042516422780845;-0,000214795181771546
-0,0019925398623272987;0,0019560974146718983;-8,582053864673866e-05;-6,965795983306794e-05;-0,0008295547568730327;0,00022096546978801757
-0,0022713738080072164;0,0019019089622446742;-0,0009153752955197714;0,00015130750995494963;0,0016895098688875232;-0,00029718829453793255
-0,002552994072080457;0,0018442876882715806;0,0007741345733677518;-0,00014588078458298293;-0,002087465302150787;0,00019673663364165594
-0,002828562035755499;0,0017500514024776962;-0,0013133307287830354;5,085584905867302e-05;0,0010450424055779839;-0,0008182485146435575
-0,003109965230813861;0,0016867804996185218;-0,00026828832320505147;-0,0007673926655848845;0,001808224406186762;-4,3381374418546836e-05
-0,003389334191909876;0,001570976367608026;0,0015399360829817105;-0,0008107740400034313;-0,003916139454026597;-0,0006775818570828318
-0,003699398859629286;0,0014444407026693283;-0,002376203371044886;-0,0014883558970862631;0,004004314175034843;0,0019239288317522002
-0,0040418944889488335;0,0013795024810498988;0,0016281108039899565;0,00043557293466593705;-0,00135172315809454;-0,002466702604920726
-0,004443924354151831;0,001219516124588674;0,0002763876458954165;-0,0020311296702547887;0,0009460095006294071;0,0016466603503214883
-0,004828531301968192;0,0011246542002870473;0,0012223971465248236;-0,00038446931993330047;-0,000775222904758472;-0,0002437514368939797
-0,0052943834365947445;0,0010408477818212374;0,00044717424176635157;-0,0006282207568272802;-0,0011542342509728402;0,0014190044760771237
-0,005775614344018628;0,0010059372492164204;-0,0007070600092064887;0,0007907837192498435;0,0011859339973031117;0,00010633714942692718
-0,006281974081715604;0,0009889136862822575;0,00047887398809662307;0,0008971208686767707;-0,0005272513563479089;-0,0001896445749908493
-0,006756702470642585;0,0009436077229798349;-4,837736825128586e-05;0,0007074762936859214;-0,0002614200872737907;0,0025153628090051616
-0,007195546024822496;0,0009174567192012774;-0,00030979745552507654;0,003222839102691083;-0,00012980475305153852;-0,0010997517884188401
-0,007606090527254969;0,0008893706206926684;-0,00043960220857661506;0,002123087314272243;0,0004404587457472568;0,00039737457613947536
-0,0078877214655798;0,0008488926239630563;8,56537170641769e-07;0,002520461890411718;-0,0004024282754335161;-0,0008891405740215907
-0,00808442891133374;0,0007908305388903797;-0,0004015717382628743;0,0016313213163901275;0,002667261070374745;0,001089622786301453
-0,008180317881471213;0,0007328027153045288;0,0022656893321118705;0,0027209441026915804;-0,0023232196008564146;0,00025378851036506056
-0,00821095399895308;0,0006587120221881628;-5,753026874454406e-05;0,002974732613056641;0,001958329996702521;-0,002227190612169111
-0,008132752352327284;0,0006752489023562717;0,0019007997279579768;0,00074754200088753;-0,001599900879101182;-0,0005000417565798609
-0,007935561401179222;0,0006894845717745987;0,0003008988488567947;0,00024750024430766904;-0,00021128328737559515;-0,0004671320620844577
-0,007708468769995659;0,0007797522303112449;8,961556148119956e-05;-0,00021963181777678864;0,0006144804643875845;-0,00020939706956266124
-0,00747147612903979;0,0008820558428021629;0,0007040960258687841;-0,0004290288873394499;-0,002355630184141661;-0,001958234829760097
-0,007243268760794991;0,0009879440777523288;-0,001651534158272877;-0,002387263717099547;0,0021655935882552366;-0,00042301735367258897
-0,007032222548043771;0,0011219961537372461;0,0005140594299823595;-0,002810281070772136;-0,00080339042760455;0,0009362271644237363
-0,006916666883976532;0,0011899868633912483;-0,00028933099762219056;-0,0018740539063483996;0,0003277420671815648;0,001973905878882576
-0,00691352246274018;0,001278539950244545;3,8411069559374234e-05;9,985197253417621e-05;-0,0016883918885784235;0,0010524568608007712
-0,006985340197757763;0,001355519797192954;-0,0016499808190190493;0,0011523088333349474;0,0019951221828493973;-9,624878374583923e-05
-0,007053163853873978;0,0014340360869237378;0,000345141363830348;0,0010560600495891082;0,0010988811629666431;-0,0010795111783592493
-0,007074895156656796;0,00144655314389376;0,0014440225267969911;-2,3451128770141105e-05;-0,0006209256549330189;0,001064706381236652
-0,00705438405745605;0,0014728758554169957;0,0008230968718639722;0,0010412552524665108;-0,0009350328545628742;-0,00034624895665030797
-0,00703481100340611;0,0015569594680121112;-0,00011193598269890193;0,0006950062958162029;-0,00039149907868871875;-0,00023191171120964804
-0,006973587739257509;0,0016739669554817857;-0,0005034350613876207;0,00046309458460655484;0,0006126615853820211;-0,0013040934384846437
-0,00688456422327626;0,001786497003643504;0,00010922652399440042;-0,0008409988538780888;0,001113968872487131;-0,0003849577442311958
-0,0067770169239107485;0,0018788896493497176;0,0012231953964815315;-0,0012259565981092846;-0,0007828752233138281;0,0031219678063481304
-0,006703109578700361;0,001975651356015707;0,0004403201731677034;0,0018960112082388458;-0,0023261417379243435;-0,0018496021223451953
-0,006678240497414344;0,002121340878540958;-0,00188582156475664;4,640908589365056e-05;0,0015306752285374203;0,0011805516203039212
-0,006577530967798773;0,002284643207992917;-0,00035514633621921976;0,0012269607061975718;0,00015656161030461885;-0,0012055269379378508
-0,006474965074747457;0,0023725126748546104;-0,0001985847259146009;2,1433768259720987e-05;0,0011569138699897633;0,0014879210275234867
-0,006323320753448238;0,002446176288267535;0,0009583291440751623;0,0015093547957832076;-0,001195428231915846;-0,00023604585210978968
-0,006170819081418631;0,0025118965126438753;-0,00023709908784068368;0,001273308943673418;-0,001227695325770578;0,0002621752892384699
-0,005957943217557694;0,0026159499027832225;-0,0014647944136112617;0,0015354842329118878;0,0014109146696975189;0,001140274770724023
-0,005694134995949822;0,002710519329408942;-5,387974391374284e-05;0,002675759003635911;-2,6050583102510405e-05;-0,001218838271553488
-0,005368907405025472;0,002746496979490211;-7,993032701625324e-05;0,001456920732082423;-0,00042900485833580193;0,0008484287606070201
-0,004936649453955688;0,002780319439814931;-0,0005089351853520552;0,002305349492689443;-0,0009651504056443355;-0,00206597909339222
-0,004446114673602606;0,002810944687059;-0,0014740855909963907;0,00023937039929722292;0,0011306210190163701;0,0011760736682160655
-0,003863365913541946;0,002821212526888987;-0,00034346457198002056;0,0014154440675132884;0,0012217299227028078;-0,0001694622843146018
-0,003271042337509398;0,0027725169430791187;0,0008782653507227872;0,0012459817831986866;-0,0024131347557329597;-0,0017758605514068514
-0,0026221009987763178;0,0027100827763900494;-0,0015348694050101724;-0,0005298787682081647;0,0019374998886986378;1,3719534746020612e-05
-0,0019233203887152903;0,0026827792237298915;0,0004026304836884653;-0,0005161592334621441;0,000776030179569967;1,9056086213487672e-05
-0,0012457349293825894;0,0025940808948693266;0,0011786606632584323;-0,0004971031472486565;5,6858409308691016e-05;0,0003187743317338322
-0,0005887958393883742;0,0025214877853563006;0,0012355190725671233;-0,00017832881551482424;-0,0005162006853976914;0,0003368188457737384
4,825912471589466e-05;0,002496041102373612;0,000719318387169432;0,00015849003025891414;-0,0005369566041520529;-0,002497736210382951
0,0006781809361995706;0,002520015182293608;0,00018236178301737904;-0,002339246180124037;0,0009682356752937077;0,0012669459245753315
0,0013144423488936031;0,0025727619977003813;0,0011505974583110867;-0,0010723002555487054;-0,0008394136194987273;0,00011551410721038352
0,001857133914382674;0,0026328032844278497;0,00031118383881235945;-0,0009567861483383219;-0,0018626422707970353;-0,0008273696638605513
0,0023569334696497968;0,002738868469487762;-0,0015514584319846758;-0,0017841558121988732;0,0018907379198633556;-0,00047343826633766684
0,002818461578983387;0,0028573810081001685;0,0003392794878786798;-0,00225759407853654;-0,001934683083896882;0,00046897264323002286
0,003208623455829022;0,002913835209433188;-0,0015954035960182023;-0,0017886214353065172;0,0005479603167739128;0,0012324660869868914
0,003508481569533195;0,0029838605902813542;-0,0010474432792442895;-0,0005561553483196258;0,00014743934504676814;-1,112535601317799e-05
0,003736794825825108;0,0029900698272887927;-0,0009000039341975213;-0,0005672807043328038;-0,0003498343979244506;-0,0004995895974588827
0,003942861868184235;0,0029543813331264594;-0,001249838332121972;-0,0010668703017916864;0,0003953529837536496;-0,00025996789741630777
0,004126237682370051;0,0028826926815962257;-0,0008544853483683224;-0,0013268381992079942;0,0008026160802106844;0,00014311763121864496
0,004266938684484199;0,0027610104967811127;-5,186926815763798e-05;-0,0011837205679893492;-0,0002718231329804019;0,001318847409092605
0,004354566158630027;0,0026051488980312672;-0,0003236924011380399;0,0001351268411032558;0,000656085431933004;-0,00155938850764048
0,004394844810056282;0,0024472125285551157;0,00033239303079496407;-0,0014242616665372243;0,00022593033130170748;0,00036235955271259057
0,004440528535126666;0,002276328463033443;0,0005583233620966715;-0,0010619021138246337;-0,0001450012449225671;0,002540698922239251
0,0044292417935355615;0,002118740118743569;0,00041332211717410444;0,0014787968084146175;8,679295855774927e-05;0,0009356480002353368
0,004375478967391472;0,001983484708937561;0,0005001150757318537;0,0024144448086499543;9,931524480576853e-05;-0,00013787976840749783
0,004380868013583967;0,001864762183818518;0,0005994303205376222;0,0022765650402424564;-0,0005131589547123436;-0,002684412464803887
0,00448283485212246;0,001766044261728749;8,627136582527867e-05;-0,00040784742456143053;-0,001305309086341827;0,0020645915064826798
0,004675864292270651;0,0016913035524604848;-0,0012190377205165484;0,0016567440819212492;0,001500257128295844;-0,0008246776456973248
0,004852579835436385;0,0016200136978252316;0,00028121940777929566;0,0008320664362239244;-0,0013233254585175158;-0,0007755096361969221
0,005095565141878969;0,0014999623343693166;-0,0010421060507382202;5,655680002700225e-05;0,0003161607898832519;-0,0015287640500224742
0,005371833105770511;0,0013911597472245736;-0,0007259452608549682;-0,001472207249995472;0,0017032630218078541;0,003138237904942498
0,005650363341663132;0,0012406729180503015;0,0009773177609528859;0,001666030654947026;-0,0025969546756460966;-0,0012910461489468172
0,005870005287555934;0,0010611482784418308;-0,0016196369146932107;0,00037498450600020883;0,0031025376197591163;0,0006388722072675768
0,006156288459646617;0,0009207163492714755;0,0014829007050659055;0,0010138567132677856;-0,0032525286329524155;-0,0011292332655280513
0,0064575710119773085;0,0007154989435133918;-0,00176962792788651;-0,00011537655226026566;0,0034558789350947585;-0,0003192222213859175
0,006799407832838712;0,0005695975659579444;0,0016862510072082485;-0,00043459877364618316;-0,0012561963000713118;-0,0007612000229560711
0,007136629591609705;0,00035291107128703646;0,0004300547071369367;-0,0011957987966022543;-0,0016699540500599895;-0,0019164326428937895
0,007456467399434849;0,00020367461690445855;-0,0012398993429230528;-0,0031122314394960438;0,0031653593351032377;0,0001877416711088542
0,0077284732553959045;7,164035080735806e-05;0,0019254599921801848;-0,0029244897683871895;-0,0015786461088200966;-0,0009722562557547554
0,007875989853777118;-0,00010998988900666454;0,00034681388336008827;-0,003896746024141945;-0,000329658292981459;0,0005589103068830981
0,007906526861422843;-0,00021460172913347975;1,7155590378629265e-05;-0,003337835717258847;-0,0005949462611631465;-0,0010525377928896351
0,0077811940281028915;-0,0003053410139258914;-0,0005777906707845172;-0,004390373510148482;0,0012255445617112724;0,0024793604000584724
0,007522347766092586;-0,0003953940751031579;0,0006477538909267552;-0,0019110131100900096;1,2098812725505267e-05;0,0006816810640205839
0,00708788656367634;-0,0005085587631118051;0,0006598527036522604;-0,0012293320460694257;-0,0008137404932285399;0,004105894343997857
0,006576984836856495;-0,0005958132954833821;-0,00015388778957627948;0,002876562297928431;-0,00011202611798099942;-0,0005641706263498636
0,006016909828193872;-0,0006566737197088685;-0,0002659139075572789;0,0023123916715785675;0,00027976818742377063;0,001297239744567441
0,005571897311448386;-0,0007236896555174063;1,3854279866491737e-05;0,0036096314161460086;0,0011725442858041314;6,707797178735764e-05
0,005219380461566043;-0,0008013421476282353;0,0011863985656706232;0,003676709387933366;-0,0011505680315282256;0,001215560694864684
0,005011248868329541;-0,0008784404685444044;3,583053414239756e-05;0,00489227008279805;0,0010051539335661844;-0,0017354038062211558
0,004950185650610373;-0,0009080828468337488;0,001040984467708582;0,0031568662765768946;-0,00013558251772828947;-0,003265735943049866
0,005084813236203128;-0,0009362920037573972;0,0009054019499802925;-0,00010886966647297158;0,00028831698332487665;-5,658405743036443e-05
0,005345715472858958;-0,0009228617819727023;0,0011937189333051691;-0,00016545372390333601;0,0015711082393662576;-0,00033152385096194004
0,005602262922855868;-0,0008732154821887957;0,0027648271726714267;-0,000496977574865276;-0,002935675561799066;-0,0004857950079372175
0,005852192223896646;-0,0007758204250726823;-0,00017084838912763932;-0,0009827725828024936;0,0011211808045429239;-0,0008400115915030149
0,006082242421942813;-0,0005678322810497119;0,0009503324154152845;-0,0018227841743055084;-0,00144086078471513;0,0009290345563011948
0,00627298171667688;-0,00036667807259184703;-0,0004905283692998455;-0,0008937496180043136;-0,0011587307967276467;-0,0007670379096882673
0,006390809644438726;-0,00012751056751737083;-0,0016492591660274922;-0,001660787527692581;0,0017989444756672602;0,0013409952531094893
0,0064728875874804;9,203580278511159e-05;0,00014968530963976791;-0,0003197922745830917;-0,0013467357198582077;9,508500927185581e-05
0,006488534029414372;0,0002456118064464943;-0,0011970504102184398;-0,00022470726531123586;0,0007748840567689584;-7,148315269209227e-05
0,006491388780365018;0,00040517522249346774;-0,00042216635344948135;-0,0002961904180033281;-0,0010342039891441841;7,94220683475455e-05
0,006485255240703216;0,0005168566221317036;-0,0014563703425936655;-0,00021676834965578262;0,000927439000989164;-0,0008314459190741919
0,006467274084321281;0,0006116513676319602;-0,0005289313416045015;-0,0010482142687299745;-0,0005096137033627907;0,0005184606159391314
0,006440622193953114;0,0006481912994284701;-0,0010385450449672921;-0,0005297536527908431;-0,0009523348444351546;-0,0019143969871802113
0,006372041732835748;0,0006635739775608001;-0,0019908798894024467;-0,0024441506399710544;-0,002676201674551457;-0,0002086080564584203
0,006282271125606749;0,0006374148538944383;-0,0046670815639539035;-0,0026527586964294747;0,0020935052998740412;0,0032811508050359928
0,006094734492778907;0,0005316205346519786;-0,0025735762640798623;0,0006283921086065181;-0,00017617491082820135;0,0002948921108096303
0,005801087512093886;0,0002391429528513628;-0,0027497511749080637;0,0009232842194161484;0,002597809615774202;0,000710913528260998
0,005532576215753127;-0,00015627767951244744;-0,00015194155913386166;0,0016341977476771463;-0,0006970921702711946;-0,002440993513074155
0,005300996288189013;-0,0006616883588725802;-0,0008490337294050562;-0,0008067957653970087;0,0012173132866583197;0,0005750239349977954
0,005134784270531985;-0,0011731767005980676;0,0003682795572532635;-0,00023177183039921334;0,00041573501651748224;-0,0011379942304285684
0,004936300422259076;-0,001718626391499757;0,0007840145737707457;-0,0013697660608277817;0,0019039309311813385;-0,0010336769005273722
0,0047285457007701995;-0,002249344900111316;0,0026879455049520842;-0,002403442961355154;0,00037862967305640066;-0,0026224442065185816
0,004466000336848211;-0,0027487028257720454;0,003066575178008485;-0,0050258871678737355;-0,003323680161033696;-0,00027243974961807527
0,0041073172544720165;-0,003140542931234691;-0,0002571049830252109;-0,005298326917491811;0,000726074596128834;0,0026936610566011612
0,0035475986853808726;-0,0034097200295769973;0,00046896961310362306;-0,0026046658608906495;-7,707297898600085e-05;0,0030090922965870896
0,0027759470395900565;-0,0036891813272403122;0,0003918966341176222;0,00040442643569644013;0,0011536109976189313;0,0004671919271389477
0,0019001087593636143;-0,0039498838403794825;0,0015455076317365535;0,0008716183628353878;-0,002662453744226634;-7,117995817144951e-06
0,0010404475365650297;-0,004194910488153947;-0,0011169461124900804;0,0008645003670182429;-0,00014315942214261634;0,003286943323767798
0,00021565104827986055;-0,00437811683065895;-0,0012601055346326967;0,004151443690786041;0,004614494910446798;0,0009909107952277459
-0,0005745654253245788;-0,004606001017663557;0,0033543893758141013;0,0051423544860137865;-0,0009820736958410237;0,00031739629802007147
-0,0011987241512975767;-0,00488428942605347;0,0023723156799730777;0,005459750784033858;0,00016146461429718262;-0,0023243791279481743
-0,001617188697830023;-0,0050284022594108205;0,0025337802942702603;0,0031353716560856837;-4,445074788413106e-05;0,0012436413759828041
-0,001817263213001115;-0,005077622465569247;0,0024893295463861292;0,004379013032068488;0,002374200239888005;-7,696323837844826e-05
-0,0018919228619287795;-0,005025491459956863;0,0048635297862741345;0,0043020497936900395;-0,001972791569465532;-0,004126041889320253
-0,0017914219895737047;-0,004873787272489035;0,0028907382168086027;0,00017600790436978625;-0,0018337380656421598;-0,0008604338956415894
-0,0015188391254710282;-0,004527541893570241;0,0010570001511664429;-0,0006844259912718031;-0,001660402428207322;0,001008153203374336
-0,0012392159451935602;-0,004065666985979102;-0,0006034022770408792;0,0003237272121025328;0,0026022238745927323;-0,0006840083922349405
-0,0009869698045669646;-0,0035615120723413063;0,001998821597551853;-0,00036028118013240774;-0,003607131965467747;0,0010878819941832494
-0,0007217745754562674;-0,0030814932497851455;-0,0016083103679158939;0,0007276008140508416;0,0018668821767389224;-0,0014757167358257573
-0,0004709905935508666;-0,002521521563326911;0,0002585718088230285;-0,0007481159217749157;-0,0012805919257084068;-0,00015084147432042633
-0,00019110257908343215;-0,0020258822915853116;-0,0010220201168853783;-0,000898957396095342;2,9376294854555063e-05;0,00015110926154736273
5,886079851300568e-05;-0,001519900147490791;-0,0009926438220308233;-0,0007478481345479793;-0,0007021148815892723;-0,002315677381698314
0,0002728658802656298;-0,001054798808071686;-0,0016947587036200955;-0,003063525516246293;-0,002836546977159073;0,0009133726489763735
0,00045695703663633483;-0,0006294032215338137;-0,0045313056807791685;-0,0021501528672699197;0,0013836842883313484;-0,0021077968089669163
0,0005185071723571881;-0,0002717979831407453;-0,00314762139244782;-0,004257949676236836;-0,000976737503234576;0,0010207120937120416
0,0004940511933872445;-9,544497197884363e-05;-0,004124358895682396;-0,0032372375825247945;4,2366673769726054e-06;0,0015278278122772843
0,0002992772273678275;-4,499681651485475e-05;-0,0041201222283054235;-0,0017094097702475101;0,0028619774945724706;0,0015100835456938657
-2,4986241952581296e-05;-0,0001595230168781617;-0,001258144733732953;-0,00019932622455364445;-0,0026402302134616714;0,0006380648508193341
-0,00041762610208289047;-0,0004388541063736856;-0,0038983749471946244;0,00043873862626568963;0,0039616138786464986;0,0011005391811511611
-0,0008182390111953454;-0,0007685109852185277;6,323893145187415e-05;0,0015392778074168507;0,00044396574354481355;-0,00028177549692020784
-0,0012013023752571728;-0,0012541028619511545;0,0005072046749966877;0,001257502310496643;-0,0009178243753950946;9,91317958496038e-05
-0,001522794627022326;-0,0017371651814257066;-0,0004106197003984069;0,0013566341063462467;0,0018566290122552023;0,0007502061718241693
-0,0017939867863676138;-0,002199939313900391;0,0014460093118567954;0,002106840278170416;0,00016362061498436525;-0,0012324146633142796
-0,0020109135814590515;-0,002679138234391012;0,0016096299268411607;0,0008744256148561363;0,0006483257234782269;-0,0006148271340521427
-0,0021435667654236728;-0,003100496782407361;0,0022579556503193876;0,0002595984808039936;-0,0015707170775124402;-0,002630355411103881
-0,0022412429247940483;-0,0034574701333500634;0,0006872385728069474;-0,0023707569302998874;-0,001108503620415105;0,0009241721503560202
-0,002328535144932264;-0,0037241252582799907;-0,00042126504760815753;-0,0014465847799438672;0,0012702584252950594;-0,0006561041345155214
-0,002510657642282476;-0,00396329084029764;0,0008489933776869019;-0,0021026889144593885;-0,0004905830140658068;0,0006130282938232173
-0,0027506435308304418;-0,004219307024219615;0,000358410363621095;-0,0014896606206361712;1,2503828170834508e-05;0,00037074792228301845
-0,0030747369759567835;-0,004441363473034115;0,0003709141917919295;-0,0011189126983531528;-0,0019699380540959266;0,0002961836454689615
-0,0034584168459085717;-0,00464908350730377;-0,001599023862303997;-0,0008227290528841913;0,001459514380799054;0,002777233828245698
-0,0038868532237944864;-0,004841966973901749;-0,00013950948150494302;0,001954504775361507;0,003272919551009071;0,0012818078715168268
-0,004348198763795769;-0,005098811394991887;0,003133410069504128;0,0032363126468783338;-0,0025004247161778126;-0,00042972464039370273
-0,004731364112782591;-0,0053612361953422226;0,0006329853533263152;0,002806588006484631;0,0005259542142702633;-0,002308178289627566
-0,004985076955894279;-0,005498324592912393;0,0011589395675965786;0,000498409716857065;-0,0009091935577967003;0,0009935081505098725
-0,005126526278746582;-0,005610093576349512;0,00024974600979987827;0,0014919178673669375;0,0017672940862713538;0,0013770986965599696
-0,005248039212924604;-0,005675504977082767;0,002017040096071232;0,002869016563926907;-0,0010310720345121926;-0,0006076948017215422
-0,005309875432407947;-0,005730926537424027;0,0009859680615590394;0,002261321762205365;0,0009682596701385826;-0,0022448758870291657
-0,005256950989334213;-0,0057056664939224375;0,001954227731697622;1,644587517619922e-05;-0,0014112233956151687;0,00024112070759958748
-0,005113573675772266;-0,005640967727958487;0,0005430043360824532;0,0002575665827757867;0,00014038973401306332;0,00027614928541579153
-0,0049695385272032705;-0,005498099852726631;0,0006833940700955166;0,0005337158681915782;-0,0007762037949198414;-0,0003079605045688827
-0,004815200715323244;-0,005333511804051477;-9,280972482432481e-05;0,00022575536362269555;0,0026570639896269233;8,630678402893333e-05
-0,004639514268715553;-0,005141587992572503;0,0025642542648025984;0,0003120621476516289;-0,002270368080829366;-0,0002984691616527424
-0,004454797607562956;-0,004953376570086501;0,00029388618397323263;1,3592985998886475e-05;-0,0006097758667553965;0,0009953678576561376
-0,004257598460504292;-0,004662594977008396;-0,0003158896827821639;0,001008960843655024;0,0002754923439694523;-0,0004535093817843727
-0,004059855594005674;-0,004360057936571361;-4,039733881271157e-05;0,0005554514618706513;0,0004924615587110631;-0,00021294732381908765
-0,0038217542937608543;-0,004070156483445613;0,00045206421989835155;0,00034250413805156366;-0,0001982755379387885;0,0008011012246359195
-0,0035614349350412086;-0,0037818709238723732;0,00025378868195956306;0,0011436053626874831;-0,002937053214746077;-0,0013684595569992547
-0,0032874154107995004;-0,003475502795503199;-0,002683264532786514;-0,00022485419431177156;0,003358533320088397;-0,002446740977993342
-0,0029676516720502926;-0,003158983119855643;0,0006752687873018831;-0,0026715951723051135;-0,0001232920660615769;0,0004891065759966978
-0,002656882101073556;-0,002949794025519547;0,0005519767212403062;-0,0021824885963084156;-0,001266030516536537;0,0005818963878814337
-0,002452976336989024;-0,002713594179691376;-0,0007140537952962309;-0,001600592208426982;0,001293293551502088;0,0001306022394403361
-0,0023363701167568285;-0,0024553152650135927;0,0005792397562058571;-0,0014699899689866458;-0,0014202245153680237;0,0013788108967407384
-0,0022837875848617122;-0,0022255985021476586;-0,0008409847591621666;-9,117907224590743e-05;0,002655434044477281;0,0003762684829551749
-0,002290004651726062;-0,00197271214903349;0,0018144492853151145;0,00028508941070926747;-0,0014141508115583998;-0,00026892502910226546
-0,002299868881480248;-0,0017534651862858085;0,00040029847375671473;1,616438160700201e-05;-0,0007996000182894751;0,0004989959218144671
-0,002298329534806063;-0,001461640252125522;-0,00039930154453276037;0,0005151603034214691;-0,0010467339299282848;-0,0007359594405557598
-0,0022961436128675983;-0,001153803379014967;-0,0014460354744610451;-0,00022079913713429072;0,001305303605610951;0,0010441079882573256
-0,0022733512787922747;-0,0008619385676857227;-0,00014073186885009414;0,0008233088511230349;-0,00016251351744016058;-0,0005451054031392344
-0,002259390910202323;-0,0006279151753349199;-0,0003032453862902547;0,00027820344798380053;-0,002652682497395647;-0,0026779402925631926
-0,0022124981875674492;-0,000399521057738121;-0,002955927883685902;-0,002399736844579392;0,0016009611967484569;0,0021183437994678686
-0,002154477327013224;-0,00018325675559293227;-0,001354966686937445;-0,00028139304511152347;-0,0007959791010804837;-8,308548688378686e-05
-0,0021924459402421744;-8,522956879517961e-05;-0,0021509457880179287;-0,00036447853199531033;0,0008326482550149144;1,9122999486455294e-05
-0,0022416702752755856;-4,1401049474924746e-05;-0,0013182975330030143;-0,00034535553250885503;0,000823087634064935;-0,0001312172495182215
-0,002305473751588809;-8,361036167538703e-05;-0,0004952098989380793;-0,00047657278202707654;-0,0006778803935072412;-0,0007567635855671578
-0,002383091449202387;-0,0001785515751959699;-0,0011730902924453205;-0,0012333363675942344;0,0015579767927745803;0,0005077936618039097
-0,002479772058097048;-0,00029330118467407593;0,0003848865003292599;-0,0007255427057903246;-0,00012355051134398283;-0,0003396529353942579
-0,002625786121695478;-0,0004549744058499948;0,00026133598898527705;-0,0010651956411845825;-0,001352769487229094;-0,0012697503034240637
-0,002800821893525521;-0,0006012521670127433;-0,001091433498243817;-0,0023349459446086462;0,0013911152205312374;0,0018907735237999046
-0,003018465491002948;-0,0007370764886160807;0,0002996817222874204;-0,00044417242080874164;-0,0003625972494908439;-0,0009783251273519783
-0,00332950692626472;-0,0009165581501491707;-6,291552720342347e-05;-0,00142249754816072;-0,00013130477321024112;0,0017099916301163837
-0,0036583152583588427;-0,001084052542790764;-0,0001942203004136646;0,00028749408195566373;0,0011731125717322176;0,001131078072931363
-0,004044023492379393;-0,001254063556520494;0,000978892271318553;0,0014185721548870267;-0,0018526773754562326;0,001429283367586659
-0,004418231963121718;-0,0014318433822667709;-0,0008737851041376796;0,0028478555224736857;0,0026770531282642035;-0,0006535486057837187
-0,004735697547668561;-0,0015704675171603056;0,001803268024126524;0,002194306916689967;-0,000770209118861942;-0,0012936065872364289
-0,004939248911316457;-0,0017440430562193473;0,001033058905264582;0,0009007003294535382;-0,0002910187541214637;0,0011260417282515506
-0,005055027998296754;-0,0018454878743133284;0,0007420401511431182;0,0020267420577050888;0,0006206197551598749;-0,0011635721535878663
-0,005134779072098909;-0,001905610336196726;0,0013626599063029932;0,0008631699041172225;-0,0012979094425663376;0,00020093344950794512
-0,005133460463592861;-0,0019360511920343986;6,475046373665555e-05;0,0010641033536251676;0,0006085278714193579;-0,0011761474041186576
-0,005097615058922125;-0,001911985651619952;0,0006732783351560134;-0,00011204405049348998;-0,0003818732846100556;0,00031408659298261254
-0,005019205520106381;-0,0018853300926560388;0,00029140505054595783;0,00020204254248912257;-0,0008897076797614728;0,000753260216929369
-0,004945277743310377;-0,0018317434002858852;-0,000598302629215515;0,0009553027594184915;4,8788336132928045e-05;-0,00032852401467978187
-0,0048632682648148086;-0,0017665005058938932;-0,0005495142930825869;0,0006267787447387096;0,00014551944814051448;-0,0002580122130456247
-0,0047430466759425;-0,0017251897166705218;-0,00040399484494207244;0,00036876653169308493;-0,0007150879549046169;-0,0011184143920074385
-0,004597753937280643;-0,001705859499170454;-0,0011190827998466893;-0,0007496478603143536;0,0014280934363915879;-0,00040900861961233603
-0,004437710537351063;-0,001702689075468069;0,0003090106365448986;-0,0011586564799266896;-0,00022686122678930443;0,0009329907837159201
-0,004307653051834057;-0,0017442819637595516;8,214940975559415e-05;-0,00022566569621076948;0,0004574322532815006;0,000950163611644364
-0,004223941825514118;-0,0017735144265892382;0,0005395816630370948;0,0007244979154335945;0,0003855696276206036;-0,00016973438632932047
-0,00414925722704261;-0,0017994609130287014;0,0009251512906576984;0,0005547635291042741;-0,0004819451838454572;0,0010812916867037614
-0,004045592711953759;-0,0018038241329466805;0,00044320610681224115;0,0016360552158080355;0,000371624037034661;-0,0003515902557733458
-0,003919737655700736;-0,0017711813012383515;0,0008148301438469022;0,0012844649600346897;-0,001276451319527673;0,0005019244913924276
-0,003728440390815392;-0,001720810225257533;-0,0004616211756807709;0,0017863894514271172;2,9220555140214988e-05;-6,3510309154107825e-06
-0,0034857645275286606;-0,0016378459435228386;-0,0004324006205405559;0,0017800384205117065;0,001001192841408767;0,0005014843552719542
-0,003171633086184845;-0,0015733465088153748;0,0005687922208682111;0,0022815227757836606;-0,0009057202714028295;-0,0003764070348721768
-0,00278630010802056;-0,0015261430989295334;-0,0003369280505346184;0,0019051157409114838;-0,0003454167091971605;-0,0007527573224330487
-0,0023097062188249294;-0,0014561880002089635;-0,0006823447597317789;0,001152358418478435;-0,0002907257425391885;8,281678973258433e-05
-0,0017569076999928391;-0,0013997100235097783;-0,0009730705022709674;0,0012351752082110194;0,0008029592388286641;-0,001608372411458444
-0,0011580148444216114;-0,0013705258371998642;-0,00017011126344230326;-0,00037319720324742456;-0,0005623204512552743;-0,0013263119963647253
-0,0005097149805219429;-0,0013802644709807888;-0,0007324317146975776;-0,0016995091996121498;0,0006705735556777753;-0,0006186330572262866
0,00012365699524782858;-0,0013968075552994055;-6,185815901980224e-05;-0,0023181422568384364;-0,0007705331673630925;-0,00015975275429906156
0,000689048603033114;-0,0014426479082059254;-0,0008323913263828947;-0,002477895011137498;0,0007791112336080763;5,156091935225662e-05
0,001161714520544862;-0,0014909625874732373;-5,328009277481838e-05;-0,0024263340917852413;0,0006244269841162373;-0,0008072887042693336
0,0015352646376111101;-0,0015725729197958653;0,0005711468913414189;-0,003233622796054575;-0,0007155642261768083;0,0019769718700036396
0,0018117613910059486;-0,0016563144558294858;-0,00014441733483538943;-0,0012566509260509354;0,0006841267755885796;0,0014162321979430958
0,001958913232558604;-0,0017172101162094494;0,0005397094407531902;0,00015958127189216048;-0,00156841514463113;-0,0008588257199744348
0,002055799037069222;-0,0017838824699828288;-0,0010287057038779399;-0,0006992444480822743;0,0037469947094712908;-0,00010496201608795053
0,0021590680924555264;-0,0018289664461260805;0,002718289005593351;-0,0008042064641702248;-0,0032026951645574425;0,0018332364229786194
0,00223436736991854;-0,0019151986504244497;-0,0004844061589640916;0,0010290299588083945;0,0009804702757282915;-0,0013085934667096052
0,0022774983888147445;-0,0018926992944990851;0,0004960641167641999;-0,0002795635079012107;-0,00039566133563533057;0,0018272391056613907
0,0023617906060632845;-0,001889576184932284;0,00010040278112886936;0,00154767559776018;0,0008507760168493805;-0,0032924569010013144
0,0024349002829957764;-0,001866610510694915;0,0009511787979782499;-0,0017447813032411344;-0,0004350015307491503;-3,2145013700669856e-05
0,0025699169838386757;-0,001839628725212391;0,0005161772672290996;-0,0017769263169418043;-0,0023141264406651707;0,0016709666640506715
0,002635142432551929;-0,0017745997878107372;-0,0017979491734360711;-0,00010595965289113274;-0,00011746290165279283;-0,0018437055935880547
0,0026292908285875105;-0,0016889237597199195;-0,001915412075088864;-0,0019496652464791875;0,0022661336305533214;0,0011635651580396214
0,0026192008385074465;-0,0016751656985665446;0,00035072155546445744;-0,0007861000884395661;-0,0008241091515068313;-0,0016630733315701335
0,002531124238568215;-0,001738024120416724;-0,0004733875960423739;-0,0024491734200096996;-0,0010363641228631273;0,0013888447275704
0,0024116036350914014;-0,0017868536800483253;-0,0015097517189055012;-0,0010603286924392996;0,001301384218158931;0,0017775566617237795
0,0021941160948141993;-0,0018546187435216216;-0,00020836750074657018;0,0007172279692844799;-4,680167035012173e-05;-0,0015482770838505036
0,0019342154068394254;-0,001982773875751138;-0,0002551691710966919;-0,0008310491145660237;0,0012111856414663766;0,0020743171528060725
0,0017030038376360307;-0,002119263708010517;0,0009560164703696847;0,0012432680382400488;-0,0001244141498050813;0,0008956693411954243
0,0014385503038499949;-0,0022659603071137637;0,0008316023205646034;0,002138937379435473;0,0006792034192244778;-0,0001927552563550164
0,0012238274915935612;-0,002374416247402223;0,0015108057397890812;0,0019461821230804567;-0,0013441614536200408;0,0009335487294876745
0,0010946621745145464;-0,0024496080948680984;0,00016664428616904037;0,002879730852568131;-0,000293709909168563;-0,0023183142963778686
0,0010433441423587499;-0,0024643677127424105;-0,00012706562299952262;0,0005614165561902626;0,0009706516820742472;0,0012852422854247904
0,0011072153443056785;-0,002472461559169961;0,0008435860590747246;0,001846658841615053;0,00019903259060203432;-0,002583809269348536
0,0011935432085002178;-0,0024856380305174923;0,001042618649676759;-0,000737150427733483;0,00032115129317076413;-0,0009156598987800392
0,001353737426359359;-0,0024650710595020345;0,001363769942847523;-0,0016528103265135222;-0,002747563662063267;-0,0003000959379193119
0,001484445627109161;-0,0024027993424995064;-0,0013837937192157437;-0,001952906264432834;0,0014162357943792309;-0,001134320973328544
0,001549041414798422;-0,0022859768277830777;3,244207516348713e-05;-0,003087227237761378;0,0003297557963265335;0,0011704177374700052
0,00153552095191037;-0,0022245060618352784;0,00036219787149002064;-0,0019168095002913728;0,0005954356081789014;0,0009106784201812074
0,0013985113995118627;-0,0021617376128809395;0,000957633479668922;-0,0010061310801101654;-0,0016607823697474197;-0,00013848915667730513
0,0011848294671017003;-0,002084481249067;-0,0007031488900784977;-0,0011446202367874705;0,0008867569554502977;0,0007145038054301237
0,0009309022914871314;-0,0019689195460663037;0,00018360806537180002;-0,0004301164313573469;-0,000854365460701112;0,0007720749347852971
0,0006311903064010637;-0,0018814837986687472;-0,0006707573953293119;0,0003419585034279502;0,0016356915573884565;-0,0005478912324155399
0,00031427366406070205;-0,0017867037286563188;0,0009649341620591445;-0,00020593272898758973;-0,000976717086854005;0,0007000170305022074
1,1035361857458445e-05;-0,0017187539544570626;-1,1782924794860594e-05;0,0004940843015146176;-0,001391560632760247;-0,0009299372201565115
-0,00030044024950528873;-0,0016122068137754408;-0,0014033435575551076;-0,0004358529186418939;0,0011533845589862535;0,0006872574955317581
-0,0005921524888074512;-0,0015061309900856134;-0,0002499589985688541;0,0002514045768898642;0,000503303031477019;-0,001381266378400919
-0,0009012988448552895;-0,0014561889086979903;0,0002533440329081649;-0,0011298618015110548;-0,0023028084117765954;0,000660990567203916
-0,0012003890178275331;-0,0014162451872531214;-0,0020494643788684305;-0,00046887123430713884;0,002627906737162948;0,000752757156365684
-0,0015446736628602189;-0,001366167704491926;0,0005784423582945175;0,0002838859220585452;-0,0011071908563853525;0,0002459078182342339
-0,0019077131572651904;-0,0013980687968854677;-0,000528748498090835;0,0005297937402927791;0,0007360430614142613;-0,0005209760885578688
-0,00225939721478782;-0,0014068321949472287;0,00020729456332342633;8,817651734910337e-06;-0,0004093816633767705;0,001292450979538881
-0,002589889522698738;-0,001436745532932623;-0,00020208710005334418;0,0013012686312737914;0,00020301275795066992;-0,0003159817203858689
-0,0029200291245402607;-0,0014583670883850804;9,256578973257379e-07;0,0009852869108879225;7,582615609295212e-05;0,0015706426572226206
-0,003198117981130831;-0,0014880721278396718;7,675181399027786e-05;0,002555929568110543;0,00026996058317558386;-0,0007350667758384832
-0,0034367953612858843;-0,0015177401409783699;0,0003467123971658617;0,00182086279227206;7,6537154316339e-05;-0,0001998850401456198
-0,0035732355587165163;-0,0015443380815574567;0,0004232495514822007;0,0016209777521264401;-0,00018565568563885804;-0,0003317259390878957
-0,003636841244456265;-0,0015570675262499094;0,0002375938658433427;0,0012892518130385444;0,0007408769913436961;-0,001408787746025264
-0,003635607820110957;-0,0015528669888830737;0,0009784708571870387;-0,0001195359329867196;-0,0007165716628537225;0,001860319603591204
-0,003582804323244107;-0,0015391626968825046;0,00026189919433331627;0,0017407836706044844;-0,0007236680626669378;-0,0007393907120474552
-0,003534782263696726;-0,0014863195705944537;-0,0004617688683336216;0,0010013929585570291;0,00039201878043034627;-0,000709124471768699
-0,003417128857325165;-0,0014230004765330704;-6,97500879032753e-05;0,0002922684867883302;0,0003174565328235013;-0,0006224753236137026
-0,0032594197326113235;-0,0013781521372050317;0,000247706444920226;-0,00033020683682537244;-0,0006460101818414228;0,0013359434052069713
-0,0030900198684259486;-0,0013360938013931242;-0,00039830373692119683;0,0010057365683815989;0,0007232285481546044;0,0007083861737470151
-0,0029338282777135885;-0,0012841272077844077;0,0003249248112334076;0,001714122742128614;-0,001729514744984402;-0,002819213079358826
-0,002737407224265964;-0,001248092763652539;-0,0014045899337509944;-0,001105090337230212;0,0008549632774948156;0,00022194062771441203
-0,0024724212611331956;-0,001199061327071334;-0,0005496266562561788;-0,0008831497095158;0,0006610102092351328;-5,083290772885801e-05
-0,0022516389114896353;-0,0012062134878401687;0,00011138355297895391;-0,000933982617244658;-0,0009933887789423286;-0,00043887361919520834
-0,0020661825502267073;-0,0012353507148592506;-0,0008820052259633747;-0,0013728562364398664;0,0008933363436816645;0,0005959385844759926
-0,0019180854936535654;-0,0012600325997591743;1,1331117718289818e-05;-0,0007769176519638737;-0,0009471315685774875;-0,0009467117774249328
-0,0018249026865380183;-0,001319994693697633;-0,0009358004508591977;-0,0017236294293888066;0,0005478747725963448;0,0009280979105646819
-0,001762796585501026;-0,0013795035429273604;-0,0003879256782628529;-0,0007955315188241247;0,0005966596604525046;-0,0006328931190156123
-0,0017696356616395863;-0,0014764444101914554;0,00020873398218965167;-0,001428424637839737;0,0004717698044222757;0,0008367609699749326
-0,0018082959985311112;-0,0015889023045860646;0,0006805037866119273;-0,0005916636678648043;-0,0006709931819665269;0,0002841733368153243
-0,0019040933209362257;-0,0016930108396930876;9,510604645400489e-06;-0,00030749033104948004;0,0003888930584876743;0,0008062660942395328
-0,0020235571900559324;-0,0017698992233356337;0,0003984036631330748;0,0004987757631900527;-0,0006041244224592734;-0,0009030995051579407
-0,002155320672417618;-0,0018464071827923637;-0,00020572075932619865;-0,000404323741967888;0,001797411261263128;0,0007868766054422785
-0,002267133124251702;-0,0019069789957237707;0,0015916905019369293;0,0003825528634743905;-0,0005925461981510158;-0,0008116205396268769
-0,0023951185257645013;-0,0019757796390282257;0,0009991443037859135;-0,0004290676761524864;-0,0005677897928966433;0,0011274242072280144
-0,002507801812738325;-0,0019809126622552034;0,00043135451088927024;0,000698356531075528;2,771345595365543e-05;-5,790982389312915e-05
-0,0026376478067582482;-0,0019460799133307447;0,00045906796684292567;0,0006404467071823988;0,0005292338872297797;-0,0007825976877290503
-0,00273955953953515;-0,0018939929839707152;0,0009883018540727054;-0,00014215098054665143;-0,0003340523487119079;0,001198726035107442
-0,0028158534040247565;-0,0018235433359369685;0,0006542495053607975;0,0010565750545607905;-0,0006786063701114606;-8,091896185970227e-05
-0,0028978333077362287;-0,0017135616137403137;-2,435686475066312e-05;0,0009756560927010882;7,415019801771533e-05;0,0018815942444840583
-0,002937550209265269;-0,001577409911329227;4,979333326705221e-05;0,0028572503371851465;-0,0004906883489115693;-0,0020682529915415776
-0,002938240867086266;-0,0014422324835081668;-0,0004408950156445171;0,0007889973456435689;0,0013143123065656667;0,0007225990860739925
-0,002824641511419857;-0,0013050633223564245;0,0008734172909211496;0,0015115964317175615;-0,0015502497442965203;0,000590392210222182
-0,002679482261927705;-0,001185529961830463;-0,0006768324533753707;0,0021019886419397435;;
-0,0024738591551668513;-0,0010310599096676554;;;;
-0,0021841565027284075;-0,0009036631556398626;;;;
