y;x;acc_x;acc_y;jerk_x;jerk_y
0,007182696872283022;0,001799823996855611;0,007429834740286793;0,004678788937215933;-0,008336806279507399;-0,00727684565218048
0,007076653030396331;0,0014965517365539802;-0,0009069715392206051;-0,0025980567149645473;0,0034681744147889854;0,0025746794464887868
0,007157760745998276;0,0014904728658638212;0,0025612028755683802;-2,3377268475760493e-05;-0,0025750904016512075;0,002367911278633228
0,00713494619300164;0,001448115133604838;-1,3887526082827228e-05;0,0023445340101574674;0,002472349317303439;0,00031048678240078176
0,007111196549265974;0,00150820551636859;0,002458461791220612;0,002655020792558249;-0,0005607015797517642;-0,0015511412823855653
0,007181228265936606;0,0015677403980890287;0,0018977602114688477;0,001103879510172684;-0,0036752730821671548;-0,003700078249650157
0,007357460814309568;0,001725613751458292;-0,001777512870698307;-0,0025961987394774733;0,0007362577145738347;-0,0005107704891319231
0,007577848543089437;0,001959397513286309;-0,0010412551561244723;-0,0031069692286093964;-0,0001370590841403077;0,0022758854884322444
0,007694388322290208;0,0021220807602863943;-0,00117831424026478;-0,000831083740177152;0,004550547292377638;-0,0005787072048751285
0,007686649332346603;0,0022431138010415;0,003372233052112858;-0,0014097909450522805;-0,0018346533208958363;-0,0010930237608902937
0,007645666992795911;0,002317014272186015;0,0015375797312170217;-0,0025028147059425743;-0,0018068161533080565;0,00018092347641926465
0,007548293015443129;0,0025258040654150445;-0,0002692364220910348;-0,0023218912295233096;0,003278671578396411;0,0020060303204841035
0,007350806449852643;0,0027960970478927544;0,003009435156305376;-0,00031586090903920616;-0,0025733384273677606;0,0044595358483729974
0,007060444235081225;0,0030556205734868233;0,00043609672893761553;0,004143674939333791;0,0011902214686746182;-0,002695532659064831
0,0067574475839482385;0,003435521505333107;0,0016263181976122337;0,0014481422802689603;-0,0023560119803303498;-0,0002486050061469014
0,006620197930388604;0,0038328663063368954;-0,000729693782718116;0,001199537274122059;-0,0030654993519408508;-0,0004158032279064916
0,006540873968039727;0,004295263835245173;-0,003795193134658967;0,0007837340462155673;0,003402018434364454;-0,00012463311571284108
0,006509531496655734;0,004728473612844726;-0,00039317470029451296;0,0006591009305027262;-0,002577575427907125;-0,002546742756155934
0,006509538387120362;0,005009875665057921;-0,002970750128201638;-0,001887641825653208;0,0028231541386053716;0,00016638140385727418
0,006535909314805101;0,005275550729259334;-0,0001475959895962664;-0,0017212604217959337;-0,0025615547647699077;-0,0003556125096771945
0,00648677456946371;0,005422395788332682;-0,002709150754366174;-0,0020768729314731282;-7,684817691211432e-05;-0,0009002103108515236
0,006368789407250483;0,00556333700782218;-0,0027859989312782885;-0,002977083242324652;0,0031183748892386898;0,0003923704826629959
0,00616772932777833;0,00559591219713703;0,0003323759579604013;-0,002584712759661656;-0,00030713495481091146;-0,0002986465382811415
0,0058475859186131905;0,00551704742920075;2,524100314948985e-05;-0,0028833592979427974;-0,0013385933987421494;0,0014552299525324996
0,005424053999061586;0,005451477699582885;-0,0013133523955926596;-0,0014281293454102978;-0,00021658096208437838;0,0033143941755991724
0,004885187707592269;0,005386917610091;-0,001529933357677038;0,0018862648301888746;0,0014667597481623218;0,0011456911399256309
0,00428919624230654;0,005269823424775408;-6,317360951471618e-05;0,0030319559701145055;0,003011598888105871;-0,0012314162124851674
0,0037686553702283654;0,005091531905152736;0,0029484252785911547;0,001800539757629338;-0,002703665477759437;-0,001659485488875928
0,0033693927369547716;0,004910713441149473;0,00024475980083171756;0,00014105426875340998;0,00138678530120806;0,0015632033296322165
0,0030421516939863513;0,004847831988289858;0,0016315451020397775;0,0017042575983856265;-0,00014604742299034745;0,004258005178842221
0,0027205528217680674;0,004794740927463511;0,00148549767904943;0,0059622627772278475;0,0021104318534184707;-0,005699054348015924
0,0024671242534852087;0,004806911670718755;0,003595929532467901;0,00026320842921192383;-0,002728952455956002;-0,002704474718229391
0,002452186196291464;0,004878502321135977;0,0008669770765118989;-0,002441266289017467;-0,001284054082851066;-0,0018102741900398456
0,002447776476266196;0,005093930152851914;-0,0004170770063391671;-0,004251540479057313;0,0005149639140085149;0,006198048899474402
0,002345716104680229;0,005344037067628328;9,788690766934782e-05;0,0019465084204170896;0,0007114230856252457;0,0005403793226103973
0,00207359411393197;0,005577460902151174;0,0008093099932945935;0,002486887743027487;-0,0006067092948695563;-0,003777791274179057
0,0018793324600003944;0,0058148002129807955;0,00020260069842503725;-0,0012909035311515701;-0,0028466264053284285;0,0005090632295065151
0,0017845463157899182;0,0060845119235422;-0,0026440257069033912;-0,0007818403016450551;0,0003863939304867836;0,0007825886033220875
0,0016381240303333794;0,006362327662040606;-0,0022576317764166076;7,483016770323814e-07;0,0006464341911624483;0,00573628526061401
0,0014604281328110384;0,006534382372262876;-0,0016111975852541593;0,005737033562291043;0,0029881559721852136;-0,0033215965195489625
0,0012827621673557785;0,006616131811428482;0,0013769583869310542;0,00241543704274208;-0,0037986319926252565;-0,005270095021303496
0,0013345775443921605;0,006633433347183922;-0,0024216736056942023;-0,002854657978561416;0,0013159999239928666;0,0017790327104345652
0,0014830104031382254;0,006705813218416603;-0,0011056736817013357;-0,0010756252681268508;0,001134276679644719;0,002728558368736457
0,001517256942741834;0,006681326145421516;2,860299794338328e-05;0,0016529331006096062;0,002572250847933222;0,004947688270238469
0,0015084784716203684;0,006612612125158377;0,002600853845876605;0,006600621370848075;-0,0006174757523949026;-0,005791679007218935
0,001565817324523287;0,006545042224812972;0,0019833780934817025;0,0008089423636291407;3,951634338836274e-05;-0,003302351172470408
0,0018871810322601287;0,006581506478302632;0,002022894436870065;-0,0024934088088412673;-0,002481200945474077;0,0032605487427021518
0,002240902434542136;0,00669730585553156;-0,0004583065086040117;0,0007671399338608845;-0,00137305992360226;0,003154314070657062
0,0024948874844704927;0,00689402101023529;-0,0018313664322062717;0,003921454004517946;0,002834463590961789;-0,0031929138643457117
0,0027795581317532846;0,0070724039045948605;0,001003097158755517;0,0007285401401722347;-0,004459560603541801;-0,0077770257130544
0,0032210869392167944;0,00717753214166618;-0,003456463444786284;-0,0070484855728821655;0,0032425012087368976;0,002636576937487922
0,0036917573522871937;0,00732278426508772;-0,00021396223604938647;-0,004411908635394243;-0,003290080108077076;0,004576913016108131
0,0038804883424423064;0,007329777850717808;-0,0035040423441264623;0,00016500438071388734;0,0023236979774237387;-0,0027465798179568124
0,003892742987181649;0,007328212946905921;-0,0011803443667027236;-0,002581575437242925;0,003956821851007458;-0,00543926463764581
0,003911597807149548;0,007186486349328976;0,0027764774843047346;-0,008020840074888735;-0,0049732694776523645;0,00018069969599909808
0,0038271896096277293;0,0069975459770839216;-0,00219679199334763;-0,007840140378889637;0,0009042489030980649;0,008162781295491264
0,0034219478091103614;0,0069196647042110565;-0,001292543090249565;0,00032264091660162697;0,00015797082479826474;0,0016772737180345276
0,0027031003934374076;0,006753911751604285;-0,0011345722654513002;0,0019999146346361546;-0,0021485090802650098;-0,00026459560351269756
0,001997158614428519;0,006536457075387533;-0,00328308134571631;0,001735319031123457;0,0033781373811924142;-0,0031161811106279087
0,001371213420805077;0,006273619508552728;9,50560354761043e-05;-0,0013808620795044517;-0,0036586394380901527;0,004955415723226657
0,0008146809884265729;0,0058794586878892705;-0,0035635834026140484;0,003574553643722205;0,00217107327854639;0,0015345597328425865
0,00020291407286789087;0,005489100108644857;-0,0013925101240676585;0,005109113376564792;0,003148264877637863;-0,004478513780908643
-0,0002658706969419029;0,004956198193295883;0,0017557547535702045;0,0006305995956561485;-0,0014347943716350176;-0,005112142466975389
-0,0005302909316891051;0,004367595872984202;0,00032096038193518694;-0,0044815428713192405;0,0016900827559822862;-0,0016816523726260156
-0,0007694871826100613;0,003849223742815328;0,002011043137917473;-0,006163195243945256;-0,0011251777418752745;0,004258992084415193
-0,0011879451483837872;0,0033436900279238623;0,0008858653960421986;-0,001904203159530063;0,0005343338959212518;0,0014861590629412988
-0,0018529309239153232;0,0029185980385490955;0,0014201992919634504;-0,0004180440965887641;0,0008718777911656747;0,0018636900736703696
-0,002594084825828062;0,002528940665016017;0,002292077083129125;0,0014456459770816055;-0,0005193178142130217;0,0012623643063780082
-0,003351960491604351;0,002196091263161476;0,0017727592689161034;0,0027080102834596137;-0,0016673286498264037;0,001451054372507643
-0,004052010318297376;0,0019549249446321002;0,00010543061908969975;0,004159064655967257;0,0003653968792494827;0,0048391754481798555
-0,004643739733652017;0,0017846689968593686;0,00047082749833918247;0,008998240104147112;0,00048888673127509;-0,001610021697695016
-0,005069106562767967;0,0016186302738502249;0,0009597142296142724;0,007388218406452096;-0,00021168020879740873;-0,005321667731262775
-0,005134543787718032;0,0014714246507746484;0,0007480340208168637;0,0020665506751893215;-0,0017607309345869203;-0,0012740771024391945
-0,004904452276410014;0,001362607596883643;-0,0010126969137700566;0,000792473572750127;-0,002019336039735274;0,002197512311736649
-0,004591698738094423;0,001283711903825312;-0,0030320329535053307;0,002989985884486776;0,002059570168899693;0,0010605417946295131
-0,004247246256868827;0,0011643083342161788;-0,0009724627846056377;0,004050527679116289;-0,0018481800187165193;-0,00420963046995132
-0,00378319434026376;0,0009236234464668324;-0,002820642803322157;-0,00015910279083503065;-0,00043816865557496157;-0,002666045504781056
-0,003157121316494041;0,0006440400473332604;-0,0032588114588971186;-0,0028251482956160867;-0,00025342534656722787;0,0014416893591494631
-0,0025374124043577233;0,0002516309360668022;-0,0035122368054643464;-0,0013834589364666236;0,0014493703591311156;0,0007079787585710928
-0,0020307094240460495;-0,0002711306335555407;-0,002062866446333231;-0,0006754801778955308;0,0017740043049779969;-0,0073648281599581825
-0,0015793448011930402;-0,0009343816753964576;-0,0002888621413552339;-0,008040308337853713;-0,00047365757524886476;-0,0007255344669300015
-0,0011549993854558524;-0,0016801473750907036;-0,0007625197166040987;-0,008765842804783715;0,002438476877757466;0,004129289545552625
-0,001052266303232813;-0,002437467560439159;0,0016759571611533672;-0,00463655325923109;-0,0003382716653386672;0,0035244309525705106
-0,0013001669332011222;-0,0032252885344517786;0,0013376854958147;-0,001112122306660579;0,00016489677207533193;0,003368004196853236
-0,0017335296935386752;-0,003946071222018263;0,001502582267890032;0,002255881890192657;0,002138450945877196;-0,00010234462181371584
-0,002211377346142651;-0,00461334648975216;0,003641033213767228;0,002153537268378941;-0,0007965125502626264;0,004891736735229149
-0,002598989723138921;-0,005220518466770455;0,0028445206635046016;0,00704527400360809;0,0025065607599570605;0,0033011271868630954
-0,0029004606094000327;-0,005682049115238061;0,005351081423461662;0,010346401190471186;-0,0005344030122686194;-0,007983015355730316
-0,0029201205355168214;-0,0060297989371654835;0,004816678411193043;0,0023633858347408693;-0,00028930017509246064;-0,003462758849492459
-0,0025259244140147627;-0,006163505502154439;0,004527378236100582;-0,0010993730147515896;-0,002267882018118589;-0,003968148375623377
-0,002037192859123069;-0,006104544930695673;0,0022594962179819933;-0,005067521390374967;-0,0002247102797436895;0,0006713922283303128
-0,0015924362248214386;-0,005864489229792884;0,0020347859382383038;-0,004396129162044654;-0,0003216885022956917;-0,0015602532454941295
-0,001350380446134807;-0,005534053680170815;0,001713097435942612;-0,005956382407538784;-0,0028041542167375755;-0,004993574983269959
-0,0012841698339299617;-0,005122226693019215;-0,0010910567807949634;-0,010949957390808743;-0,0007867022790356976;-0,00011599644673288001
-0,001456214518026668;-0,004641875808429908;-0,001877759059830661;-0,011065953837541623;0,00022326713044873436;0,008941155295969075
-0,0020662574977557235;-0,004205167195072401;-0,0016544919293819266;-0,002124798541572548;0,0006118909945351247;0,004167595285712367
-0,0031189386309864444;-0,0038435689441081206;-0,0010426009348468018;0,0020427967441398187;0,0006930672153104;-0,00117599964057169
-0,004256611705880067;-0,0035481503703191173;-0,0003495337195364018;0,0008667971035681288;1,0849838673582246e-05;-0,001873397778271918
-0,005312572911008097;-0,0032944358339239855;-0,00033868388086281953;-0,0010066006747037892;0,0013271501385239415;0,002899443406009311
-0,006333862231993402;-0,00305470264631031;0,000988466257661122;0,0018928427313055218;0,00014712407600538796;0,0048112998204409285
-0,007395415579966858;-0,0028285168139311474;0,00113559033366651;0,00670414255174645;-0,00043957260249223584;-0,0029043310335397365
-0,008381255218688093;-0,00256279233124554;0,0006960177311742741;0,003799811518206714;-0,0003820869918295597;-0,00593629456064701
-0,00909892915533947;-0,0022516442352132717;0,0003139307393447144;-0,002136483042440296;-0,0009639636183742112;0,0013067226221890327
-0,00966461063126258;-0,001912655429934033;-0,0006500328790294968;-0,0008297604202512632;0,0001993927210802611;0,005110563901417536
-0,0103157514288833;-0,0015611093950810054;-0,0004506401579492357;0,004280803481166273;-0,0024744374326145895;0,00026667758671705677
-0,011000082643314072;-0,0012355646753891578;-0,002925077590563825;0,00454748106788333;-0,00044938233769748273;-0,0010518448996783003
-0,01151318171849819;-0,0009280455620152795;-0,003374459928261308;0,0034956361682050296;0,0055876206252907425;-0,0026034505078854075
-0,011844381550966978;-0,0007375295522639544;0,0022131606970294346;0,0008921856603196221;-0,002429480451306443;0,003107679275246744
-0,012035755936707564;-0,0006819919396430815;-0,00021631975427700845;0,003999864935566366;0,0006600238761868688;0,0013463121341243944
-0,012191442896035366;-0,0005379278991410313;0,0004437041219098603;0,005346177069690761;0,00023918426180158988;-0,0018985495540832509
-0,012187135257940511;-0,00040251664881006135;0,0006828883837114502;0,00344762751560751;-0,0007514440911788193;2,4634647941224053e-05
-0,011968980537058027;-0,00024935723360269705;-6,855570746736907e-05;0,003472262163548734;0,0018565824224654028;-0,0036474283413467923
-0,011612920715551242;-6,888228304687468e-05;0,0017880267149980337;-0,00017516617779805843;-0,003013131756357065;0,0020052014616323
-0,011117970407502509;0,00010885043921025287;-0,0012251050413590314;0,0018300352838342415;0,0011116773993375718;-0,0026365666664174003
-0,010630026746565697;0,0003581042300673018;-0,00011342764202145958;-0,0008065313825831588;-0,0009401498262708637;-0,0011224806396519793
-0,010068881674275516;0,0005583538192699895;-0,0010535774682923233;-0,0019290120222351381;0,0008793784839302207;-0,002088249125444558
-0,009539997857288662;0,0007540663027918188;-0,00017419898436210265;-0,004017261147679696;6,508518706961619e-05;-0,005089162368364569
-0,009088274521191212;0,0009076356875819551;-0,00010911379729248646;-0,009106423516044265;-0,00020563220784275416;0,0084178143304168
-0,00879724163100095;0,0010542371129976073;-0,0003147460051352406;-0,0006886091856274645;-0,001067512568433373;0,0007054331085569188
-0,00887046568145246;0,0011964739865215602;-0,0013822585735686135;1,6823922929454227e-05;-0,0008889778919451072;0,003985585179722195
-0,008971234099329067;0,0013261210198401033;-0,0022712364655137207;0,0040024091026516495;0,002981843434058655;0,00012790259222028588
-0,009071329560288497;0,001400477710215902;0,0007106069685449343;0,004130311694871935;-0,002627046973852021;0,0025316883923845457
-0,00901132865714186;0,0013839849419711517;-0,0019164400053070865;0,006662000087256481;0,0028945058163406603;0,002466681968505746
-0,008786115286200347;0,0013959164524681988;0,0009780658110335738;0,009128682055762227;-0,0022147050371540272;-0,002298406023902133
-0,008294421911768574;0,0013311903627529625;-0,0012366392261204534;0,006830276031860094;-0,0005781471922395101;-0,0033259554563233873
-0,0074375812551063115;0,0013055869054790692;-0,0018147864183599635;0,003504320575536707;-9,903510706112464e-05;-0,0007516351180116149
-0,006307529557169646;0,0012305178791603578;-0,0019138215254210882;0,002752685457525092;0,002161392473468273;-0,0006877854857731541
-0,005037305036211511;0,0010828573961072477;0,00024757094804718494;0,002064899971751938;0,0030671313986140973;-0,002901190254549983
-0,0036569730969523736;0,0008586440520372942;0,0033147023466612822;-0,0008362902827980453;-0,005281824156242874;-0,002721222608878006
-0,002194045158823158;0,000644333545889228;-0,0019671218095815915;-0,0035575128916760512;0,004082665768527435;0,00043821494384709003
-0,0007645688320058645;0,0005626111336076131;0,002115543958945844;-0,003119297947828961;-0,002042526751552861;-0,0006058801801040875
0,0005226069791443872;0,0004022038489427346;7,301720739298287e-05;-0,0037251781279330487;0,0020806377133650265;-0,005915812083538384
0,0016850108723814802;0,00032641832263568984;0,0021536549207580094;-0,009640990211471433;-0,0016610113028823594;0,0013134348212384753
0,0026984076405012513;0,00025355348462436435;0,00049264361787565;-0,008327555390232957;-0,003995335597934942;-0,0011838356229039032
0,003326164800162165;0,0002668348434433593;-0,003502691980059292;-0,00951139101313686;0,0023838428910789317;0,00803784742552753
0,003620819744213761;0,0002998219469773802;-0,0011188490889803603;-0,00147354358760933;0,0009023174181173356;-0,00016980879977249175
0,003535019047739882;0,00019270137130902946;-0,0002165316708630247;-0,0016433523873818218;-0,00041300170918786867;-0,0032775137033864837
0,00339027660776163;4,082683208146427e-05;-0,0006295333800508934;-0,0049208660907683055;0,0021793988466090215;0,004518643282010314
0,0031798000722881047;-0,0001197089739806219;0,0015498654665581282;-0,0004022228087579918;-0,0002729312991044657;0,0008714544406673089
0,0027724888931838477;-0,0003054261152447438;0,0012769341674536624;0,00046923163190931705;0,0004392445442697613;0,0040329534312969414
0,0023490888017292707;-0,0004291486378465405;0,0017161787117234237;0,0045021850632062585;-0,0013353861658772503;-0,004156434594735012
0,0019444579755510667;-0,0005017937937501908;0,0003807925458461734;0,00034575046847124674;0,0015318069250725534;-0,004135983879637508
0,0017199145519011128;-0,0005057918011849041;0,0019125994709187268;-0,0037902334111662613;-0,0006817948335439859;0,0052010771009751156
0,0015092011469900089;-0,0004945581067857705;0,001230804637374741;0,0014108436898088543;0,0011684087436034801;0,0015281987166045966
0,0011468784056322544;-0,00040682043354988784;0,002399213380978221;0,002939042406413451;-0,0013313589414137312;0,002880640640756521
0,0008409894118668542;-0,0002698505748190155;0,0010678544395644899;0,005819683047169972;0,000845682820181692;-0,006756944548180099
0,000652662114357992;-3,6912180849014314e-05;0,001913537259746182;-0,0009372615010101275;-0,0006258981702313262;0,0009049760844542197
0,0006971221387359287;0,00023874039070356643;0,0012876390895148557;-3,2285416555907775e-05;-7,992107527951715e-05;0,00400487864161575
0,0007040917030734602;0,0005909344526459945;0,0012077180142353386;0,003972593225059842;-0,0006129620617539681;-0,00251119628801735
0,0007097698507487555;0,0009946340781690167;0,0005947559524813704;0,0014613969370424924;-0,0004072103286078578;-0,0019231487448449353
0,0008743517274264444;0,0014466424242614525;0,00018754562387351265;-0,0004617518078024428;-0,0010645787225104647;-0,005919525258668977
0,001097389481585833;0,0019224410084531431;-0,0008770330986369521;-0,00638127706647142;-0,0020805359030615575;0,0031854572331546267
0,001301957163433124;0,0024057414175997745;-0,0029575690016985096;-0,003195819833316793;0,0021245593115004763;-0,00128818725638985
0,0012512737626215581;0,002853960502800927;-0,0008330096901980333;-0,004484007089706643;-0,0013539985449117636;-0,003338689071467539
0,0010727575684773205;0,00318387682793414;-0,002187008235109797;-0,007822696161174182;-0,0013454558389013604;0,0006552918343086141
0,0007148810907448173;0,0034804727654594316;-0,0035324640740111574;-0,007167404326865568;0,0001004060012586433;-1,9449426286757138e-05
4,409676656534666e-05;0,003689588373580331;-0,003432058072752514;-0,007186853753152325;0,0027692819703493687;0,006984558851205105
-0,0009133837306887467;0,0037574054187407844;-0,0006627761024031453;-0,00020229490194722047;-0,001051406547979153;-0,000319346101453382
-0,002158338378068933;0,003687940140991137;-0,0017141826503822982;-0,0005216410034006025;0,001809886954736939;0,0038484460038520074
-0,0034113848215270083;0,0035919638191453636;9,570430435464072e-05;0,003326805000451405;-0,0007702268835861892;0,003997657209972097
-0,004685296905121108;0,0034274201912842983;-0,0006745225792315485;0,007324462210423502;0,002954765572229748;0,00024416150051738417
-0,00582613678869715;0,003266704735597419;0,0022802429929981993;0,007568623710940886;-0,0027597046731783065;0,0035471641767045037
-0,006673998183856254;0,0030790083767412773;-0,00047946168018010715;0,01111578788764539;-0,0013814092243309983;-0,007382186233208798
-0,007219114630577721;0,002982521737605064;-0,0018608709045111055;0,0037336016544365913;0,0021092803562339155;-0,002096056373143501
-0,0073195995617933735;0,0028668566312616463;0,00024840945172281;0,0016375452812930902;-0,0007871574726787886;-0,005353066843329035
-0,007270740426831561;0,002676756688737784;-0,0005387480209559786;-0,003715521562035945;0,0019755571925271637;0,003134454807519227
-0,007156379480618026;0,0024965931242828345;0,001436809171571185;-0,0005810667545167181;-0,002207285589365948;0,0032932556869545992
-0,007190639396885928;0,002294879638989646;-0,0007704764177947632;0,002712188932437881;0,001312652492662686;-0,006115253091509676
-0,0072481419833345;0,0021506385205593047;0,0005421760748679227;-0,0034030641590717947;0,0035995823107320135;0,0019311141285625055
-0,007197157012485555;0,0019755783454171727;0,004141758385599936;-0,0014719500305092892;-0,004270564229573157;0,003684260078847146
-0,007282294607999483;0,0018222052132697577;-0,00012880584397322037;0,0022123100483378566;-0,0007815094865617975;0,008273706829411365
-0,007426310204733782;0,0018345024165463402;-0,0009103153305350178;0,010486016877749221;0,000788431947581221;-0,0017593916218127115
-0,007481833399534568;0,001841647386063994;-0,00012188338295379686;0,00872662525593651;0,0005106762154818284;-0,009634671400387956
-0,007117915919225384;0,0018123797423602469;0,00038879283252803154;-0,0009080461444514465;7,842211185035697e-06;0,0028127793083100316
-0,00640493342867874;0,0017782367633383481;0,00039663504371306724;0,0019047331638585852;-0,004452151330195837;0,002092807353766407
-0,005728272783910153;0,0017596454976175704;-0,00405551628648277;0,003997540517624992;0,005152714702134922;-0,0008393309684690126
-0,004975422812587223;0,0017569196336453155;0,0010971984156521522;0,0031582095491559797;-0,0013413753528274744;-0,00854998455333713
-0,004062671220559294;0,0015919731182137498;-0,0002441769371753222;-0,00539177500418115;-0,0008999935869865132;-0,002423313139776978
-0,0030235912465651255;0,00147091453940827;-0,0011441705241618354;-0,007815088143958128;-1,4151210061048858e-05;0,003950781788803336
-0,002200182272738203;0,0013400888831157777;-0,0011583217342228842;-0,0038643063551547924;-0,000974692053428091;0,00186130040460563
-0,0016893768246696054;0,0011634964058568117;-0,0021330137876509753;-0,0020030059505491624;0,0006125177079568979;-0,0021161036455905856
-0,0013331436308071994;0,0009405710592289303;-0,0015204960796940774;-0,004119109596139748;0,000399495029698875;-0,0011346940081686761
-0,0010570306749667603;0,0006323251610950099;-0,0011210010499952024;-0,005253803604308424;0,0007869436705254789;0,002954018747660457
-0,0009456821029719108;0,0002632594197733265;-0,00033405737946972346;-0,002299784856647967;0,0016778300898019124;0,0043809981518845645
-0,0010444856751493984;-0,00015064636354816504;0,001343772710332189;0,0020812132952365975;0,002304392870615719;-0,0029992849311911256
-0,0012352806415928046;-0,0005779144420484455;0,003648165580947908;-0,0009180716359545281;-0,0017847520147144125;-0,0040682208051797085
-0,001342827076226747;-0,0009514316121354385;0,0018634135662334954;-0,004986292441134237;0,0013660205786720225;0,004480217472002557
-0,0014870963762988704;-0,001179022158984515;0,003229434144905518;-0,0005060749691316799;0,0017087658130330759;0,002439742090481957
-0,0018308173740163632;-0,0013320761631842519;0,004938199957938594;0,001933667121350277;0,0001910151823147077;0,002329473112731982
-0,0021947813704991234;-0,0013559528015877678;0,0051292151402533015;0,004263140234082259;-0,004084528736002863;-0,0037000767169996646
-0,0024813986821278725;-0,00118230144167374;0,0010446864042504382;0,0005630635170825946;-0,00044399910531297236;-0,0012244080412784145
-0,002597490384393331;-0,0008034814761495804;0,0006006872989374658;-0,0006613445241958199;0,0005395492161222627;0,0032796031542784015
-0,002691059545975486;-0,0003828740544554031;0,0011402365150597286;0,0026182586300825816;-0,0008671313451710932;0,0006623548859939488
-0,002811082488525474;6,176085919627285e-05;0,0002731051698886353;0,0032806135160765304;-0,00312371723215691;-0,0028932623123501394
-0,0028263750858721582;0,0005520052334503379;-0,0028506120622682745;0,000387351203726391;-0,0006558766358175736;-0,0019680535557529827
-0,0027104431425757814;0,0010531738144999483;-0,003506488698085848;-0,0015807023520265917;0,0013842408084224767;-0,0028515053130252765
-0,002579017151130349;0,0014403179130588277;-0,0021222478896633715;-0,004432207665051868;-0,0016023266306011766;0,003937425145076168
-0,00251081925376598;0,0016872024636942734;-0,003724574520264548;-0,0004947825199757006;0,001059879461924526;0,0030910372690954313
-0,002619909663003686;0,0018491970987431841;-0,002664695058340022;0,0025962547491197308;-0,000620961221843408;0,0003504019738667097
-0,00274879137304042;0,001862208752981513;-0,00328565628018343;0,0029466567229864404;0,0024834166484041867;-0,006882844619060191
-0,002773822893112365;0,001768632604886241;-0,0008022396317792432;-0,003936187896073751;0,0003459125902630679;-0,0004204080754876133
-0,0026809881442648523;0,0015436302055836315;-0,00045632704151617534;-0,004356595971561364;-0,001282382545467805;0,003876881447212835
-0,002745600911260289;0,0012865382210098526;-0,0017387095869839803;-0,000479714524348529;0,0056609896392664;0,001597956438373016
-0,002984477517118181;0,0010111931547754265;0,00392228005228242;0,001118241914024487;-0,0014235057962242465;-0,006279478568568211
-0,003242542703950014;0,0006662997050616412;0,0024987742560581734;-0,005161236654543724;0,00020250270584821865;4,48093256201626e-05
-0,003455878214220867;0,0004782974574391528;0,002701276961906392;-0,005116427328923562;-0,002471137473031633;0,005739458448231399
-0,0038756631906734697;0,0003902461800589913;0,00023013948887475912;0,0006230311193078375;0,00113244474368605;0,0050386003618087954
-0,004500105260283015;0,0004102459811550854;0,0013625842325608092;0,005661631481116633;-0,0008178861118637998;-0,005260324662318114
-0,005099626085120245;0,00043945136180617;0,0005446981206970094;0,00040130681879851915;-0,0029259384641513557;-0,002559958521576672
-0,005472681650712812;0,0005231601117596868;-0,0023812403434543463;-0,0021586517027781527;-0,0023125546621345205;0,00407787889634359
-0,005829684943553437;0,0006286567865410842;-0,004693795005588867;0,001919227193565437;0,0036555903277315166;0,0022111374555673358
-0,006273034304505189;0,0006389038475843076;-0,0010382046778573501;0,004130364649132773;0,0006701377649336177;-0,0015611307936452823
-0,006639614577714322;0,0004613991084039763;-0,0003680669129237325;0,0025692338554874905;-0,0013909402864842107;-0,005431828612183109
-0,006840980264958146;0,00024236618210935108;-0,0017590071994079432;-0,002862594756695619;0,0007163452836639311;0,0005796910816227574
-0,0069395765979824685;8,61057929777651e-06;-0,0010426619157440122;-0,0022829036750728615;0,0008657701132536895;0,0014393392807793004
-0,007152676721274617;-0,00029550531149011576;-0,00017689180249032266;-0,0008435643942935611;0,0025179865344367586;0,002689016189722171
-0,007457092991569679;-0,0006413276789077685;0,002341094731946436;0,0018454517954286098;-0,0005816978947990048;0,001699805275638372
-0,007795251837636484;-0,0009942257184250341;0,0017593968371474311;0,0035452570710669817;0,0005408441719223916;0,0008466816768917251
-0,008059592611886145;-0,0012534799686644425;0,0023002410090698228;0,004391938747958707;0,0005999722204483998;0,0018647426976859116
-0,008182123103293127;-0,0014423583454179535;0,0029002132295182226;0,0062566814456446185;0,0017369986807232243;0,004284118852036167
-0,00812897604478176;-0,0015392270818086716;0,004637211910241447;0,010540800297680786;-0,0018100170603655083;-0,001975976296219234
-0,007825561728444608;-0,0015200872890186606;0,0028271948498759386;0,008564824001461552;-9,778007810066006e-05;-0,003367641834697843
-0,007100515400200225;-0,001315459019818992;0,0027294147717752786;0,005197182166763709;-0,0008609138298694852;-0,002758360123149839
-0,00603287611189738;-0,0009977429566242857;0,0018685009419057933;0,0024388220436138697;-0,0032762843806232803;-0,0034110896221533488
-0,004757349536923986;-0,0005708503025585683;-0,001407783438717487;-0,0009722675785394791;-0,0002789101337294965;-0,0032848893481702696
-0,003384270080206038;-6,921761081661918e-05;-0,0016866935724469834;-0,004257156926709749;-0,00017956392976332253;-0,002194167191937022
-0,0020500813266296687;0,00037610374337663046;-0,001866257502210306;-0,006451324118646771;-0,0008501142152072452;0,0047187115125775884
-0,0008861788501216895;0,0007539573546720007;-0,002716371717417551;-0,0017326126060691824;-0,00119135150755725;0,001327104113531239
1,9670661640418892e-05;0,0010571606658789589;-0,003907723224974801;-0,0004055084925379433;0,0019109115093597015;-0,002661775383796184
0,00085621566915976;0,0012517091083892149;-0,0019968117156150995;-0,0030672838763341273;2,0304420041906274e-05;-0,004835855606402477
0,0016765403369775834;0,0012899486219004788;-0,0019765072955731933;-0,007903139482736604;0,0019135662744865847;0,0043228116881057
0,0023741736497420417;0,0012483156667871388;-6,294102108660854e-05;-0,003580327794630904;-6,738814409083457e-05;0,00211152547912475
0,0027556813831970356;0,001127622419850871;-0,0001303291651774431;-0,0014688023155061541;-0,0008764525034958455;-0,0028785467570413142
0,002993976004866794;0,001004411532071139;-0,0010067816686732886;-0,004347349072547468;0,00487588293410526;0,0005973516730202466
0,0031735185339163054;0,0008759874776843093;0,0038691012654319713;-0,0037499973995272218;-0,00218306703368934;0,0018996099214921708
0,003179167100063918;0,0007072921565505479;0,0016860342317426315;-0,001850387478035051;-0,002617658194519208;0,005285802074048662
0,0030348157702304425;0,0006933608860340654;-0,0009316239627765767;0,003435414596013611;0,001189701176529348;0,0011418897684191132
0,0028164489412755645;0,0007468709847872881;0,00025807721375277135;0,004577304364432724;-0,0018727171943430723;0,0009749065761005399
0,002735498696161231;0,0007631161250294478;-0,001614639980590301;0,005552210940533264;0,002911808753648999;-0,0026921571179576304
0,0028376406256242063;0,0007896843538217184;0,0012971687730586982;0,002860053822575634;-0,002966692023988835;-0,004373651249639038
0,0031618709927085124;0,000751666983390377;-0,001669523250930137;-0,001513597427063404;0,0009775940852209328;-0,0012785751350445212
0,0036005035126958442;0,0007655363638813834;-0,0006919291657092042;-0,002792172562107925;0,0020890981030192487;-0,003055413666705406
0,00397859213560064;0,0007126248143351843;0,0013971689373100445;-0,005847586228813331;-0,003057378566231195;-0,006947740870617031
0,0042449938560211176;0,0006320360981606171;-0,0016602096289211506;-0,012795327099430362;0,002684145915109388;9,919566931995694e-05
0,004277492127289063;0,0006073341394784517;0,0010239362861882376;-0,012696131430110405;-0,0009375262885415719;0,0045238840181767576
0,003798177314579793;0,0005162237956394403;8,640999764666576e-05;-0,008172247411933647;-0,00011212964201678076;0,011532814144091061
0,0028110172446661075;0,0004660709032479583;-2,5719644370114994e-05;0,0033605667321574134;-0,0016830077593133572;-0,0035513726261787934
0,0014969672782750758;0,00041937441076234306;-0,0017087274036834722;-0,00019080589402137998;0,0012643785319021335;0,003618113842419359
0,00031733998117034086;0,0003716491325019231;-0,00044434887178133875;0,003427307948397979;0,002098973235626287;0,006386352526152675
-0,0008699195516952494;0,0002555747580941643;0,0016546243638449485;0,009813660474550654;-0,0007556799432071114;0,002377981222781416
-0,0019200867666249205;0,00012172642881515199;0,0008989444206378371;0,01219164169733207;-0,0021843009622041893;-0,004108039905053748
-0,002577707562572565;5,406307408993758e-05;-0,0012853565415663522;0,008083601792278322;0,001443430872434268;-0,008129105330183461
-0,0027476626906269277;2,235749619023666e-05;0,00015807433086791577;-4,550353790513939e-05;0,0008825182731566671;0,00010537716087888338
-0,0025942737469901566;-6,076234337211835e-05;0,0010405926040245829;5,987362297374399e-05;-0,0008373844272206248;0,00305962606010559
-0,0024427049448695914;-0,00013755920969975673;0,00020320817680395805;0,003119499683079334;0,0022484390192170555;-0,005418815079867509
-0,0022887411978300765;-0,00017273237186641178;0,0024516471960210136;-0,002299315396788175;-0,004693838842640664;-0,0011502278669135169
-0,002009997463467388;-0,00019977720696090853;-0,0022421916466196508;-0,003449543263701692;0,0040393224765481375;-0,001919430377543524
-0,0018232263449762267;-0,00012875615421456473;0,0017971308299284863;-0,005368973641245216;-0,00254548235637755;0,006404672948604542
-0,0017744369570331332;-0,00014742276733300695;-0,0007483515264490633;0,0010356993073593265;-4,2248208982501164e-05;0,00044053988538118177
-0,001940406514739848;-9,420414725430973e-05;-0,0007905997354315645;0,0014762391927405083;0,0021747712280025784;-0,004521607873634301
-0,00206494810015219;-7,091958823357504e-05;0,001384171492571014;-0,0030453686808937924;-0,003681503504574106;0,002449060307110007
-0,0021304401178549115;-7,925901863010292e-05;-0,002297332012003092;-0,0005963083737837854;0,00200098229143293;0,007866963919964838
-0,0023177468827933847;-3,223158932379026e-05;-0,00029634972057016235;0,007270655546181053;0,0003728928756510483;-0,0017944344935309359
-0,0025289059826832092;-7,709744049760127e-05;7,654315508088595e-05;0,005476221052650117;-0,002558655051419386;-0,00586668373750502
-0,002449238860725792;-0,00013381728049421878;-0,0024821118963385;-0,0003904626848549031;0,0047488722503355625;-0,001448839183899285
-0,00215052289666237;-0,00018747539428760085;0,002266760353997062;-0,0018393018687541882;-0,004112079580080006;0,0010739998606136072
-0,001867425439993144;-0,0003404179839345229;-0,0018453192260829438;-0,0007653020081405809;0,0009206704476671431;0,0025238924080308
-0,0016579000580740856;-0,00040269015942156247;-0,0009246487784158007;0,001758590399890219;0,001962579959429483;-0,0042662332147348665
-0,0014789867564806503;-0,0005387751039519198;0,001037931181013682;-0,0025076428148446475;-0,0009929334022979602;-0,0015804371848832446
-0,0012297298388916063;-0,0007118459996189091;4,499777871572186e-05;-0,004088079999727892;0,0012210965596202022;0,0020036516167745363
-0,0010807786338963483;-0,0008433996480453512;0,001266094338335924;-0,002084428382953356;-0,0014625350125001615;0,0006668398861326245
-0,001095350628890206;-0,0009731533853231645;-0,00019644067416423744;-0,0014175884968207313;-0,0004860048954994575;0,0013333271338856652
-0,0011932997592021977;-0,0010522633490675406;-0,000682445569663695;-8,426136293506609e-05;0,0009685701660099647;0,001764623259747737
-0,0013479524293870187;-0,0011392309397784863;0,0002861245963462697;0,001680361896812671;-0,0007848410553926016;-0,0008510275803147935
-0,0015059755540892425;-0,0012534963532759799;-0,0004987164590463319;0,0008293343164978775;-0,0005387824693326992;0,001404437719596717
-0,0015967842029189594;-0,0013563167829196226;-0,0010374989283790312;0,0022337720360945945;0,0009881540688883653;0,0044880083172885304
-0,0016544194790887614;-0,0014790858709251187;-4,9344859490665915e-05;0,006721780353383125;-0,0008494056628070776;-0,0017060964602687821
-0,0016227038738147793;-0,0016433549160657758;-0,0008987505222977435;0,005015683893114343;-0,001494973434570529;-0,003929051512166269
-0,0013221170544054721;-0,00180959775558606;-0,0023937239568682725;0,001086632380948074;0,0015547890049559046;-0,004050622096488014
-0,0008209028792715916;-0,0020117906159982536;-0,0008389349519123679;-0,00296398971553994;0,0008100480985743161;-0,00040826689889808705
-0,00027622340889978786;-0,002309732434685178;-2,88868533380518e-05;-0,003372256614438027;0,0026229017768959126;0,0015359246551929061
0,00014989647285041817;-0,0026412316514485973;0,002594014923557861;-0,001836331959245121;-0,0006638600526677058;-0,0013873769240084072
0,00044112609002310314;-0,0029738863423455384;0,001930154870890155;-0,003223708883253528;7,367321587717357e-05;-0,001133414346964571
0,0006589024288259832;-0,0032027804363001654;0,0020038280867673286;-0,004357123230218099;0,001582892818342202;0,004027321192322237
0,0007477304122987223;-0,003354468335419186;0,0035867209051095306;-0,00032980203789586236;-0,0009518110044071104;0,0007611211587401894
0,0006622734665627373;-0,003426003111067514;0,00263490990070242;0,00043131912084432705;0,0005136703728456093;0,0022561296106178783
0,0005636244393109179;-0,0033540690505114604;0,0031485802735480295;0,0026874487314622053;-0,004525501262187787;-0,0029041184492054357
0,00048222817689287157;-0,00317673859392731;-0,001376920988639757;-0,00021666971774323036;0,002876337348147913;0,0021666956380651924
0,0005083298637333135;-0,002873464926401238;0,0014994163595081558;0,001950025920321962;-0,0033574627519331324;0,0002403089613680267
0,000525764761864026;-0,002625268098420757;-0,0018580463924249765;0,0021903348816899888;0,00014480758763651957;-0,0021208567077082505
0,0006212006968076172;-0,002317094616059949;-0,001713238804788457;6,947817398173829e-05;0,004615535012410722;-0,0016417987161607191
0,0008042500270188078;-0,0020832429893961404;0,0029022962076222653;-0,0015723205421789808;-0,0027625922628514016;-0,002599914186187914
0,000990078484189268;-0,0019179209149238702;0,00013970394477086368;-0,004172234728366895;0,0009694750495849967;1,7011834635129175e-05
0,001113014119672569;-0,0016365069921467092;0,0011091789943558604;-0,004155222893731766;-0,0008704865033180402;0,0030604725833543976
0,0010690603660211942;-0,0013495049115787138;0,0002386924910378202;-0,0010947503103773681;0,0030176108305550522;0,0013252168936023073
0,0008588976966205487;-0,001018135671236484;0,0032563033215928724;0,00023046658322493918;0,0005224712878246322;-0,0006471525246776084
0,0006049450148048086;-0,0006772187312527413;0,0037787746094175047;-0,00041668594145266927;-0,004400245155361637;0,003291332918047696
0,00036021099631806594;-0,00020604965840528388;-0,0006214705459441326;0,002874646976595027;-0,00243066968837561;0,0019115059498946135
9,880954017321654e-05;0,00041627039881887386;-0,0030521402343197425;0,00478615292648964;0,0013487176503927563;8,901094349560851e-05
-4,7606036907831776e-05;0,0010137316342052663;-0,0017034225839269862;0,004875163869985249;0,00033852107960729433;-0,002896439434070858
-2,5754969292944747e-06;0,0014891072602188692;-0,0013649015043196919;0,001978724435914391;-0,0023213587883414086;-0,003980316323812082
0,00023746159784865275;0,0018963459828753924;-0,0036862602926611004;-0,0020015918878976916;-0,0034110358510613392;0,003821439854605674
0,0005566476700631757;0,002248988645359128;-0,00709729614372244;0,0018198479667079822;0,0036712939901578368;0,002164389636661596
0,0007957700667617909;0,0024541808961364197;-0,003426002153564603;0,003984237603369578;0,0032851328998608625;-0,004832972814498817
0,0011076863821287255;0,0023754813011648136;-0,00014086925370374037;-0,0008487352111292389;-0,0017219860732769418;0,0007400871729004617
0,0015789722016304431;0,0021597416200506234;-0,0018628553269806822;-0,00010864803822877717;0,00023186832238148575;-0,0019823258690883014
0,002016308612686991;0,0019383671687882838;-0,0016309870045991964;-0,0020909739073170786;0,0001640375553497858;0,0010990994041023341
0,0024492991022143883;0,0016424785044467166;-0,0014669494492494106;-0,0009918745032147444;0,0018681624020946488;0,0029119730374204886
0,002798650635449102;0,0012813503599211817;0,0004012129528452382;0,0019200985342057442;-0,0001709771306646693;-0,004903691199768953
0,0031083271885552263;0,0008615442374256705;0,00023023582218056893;-0,002983592665563209;0,0010394131648152286;-0,0017329358412286333
0,00349480768302958;0,00045778663304396866;0,0012696489869957975;-0,004716528506791842;-0,0009609506381258095;0,004157982667347376
0,003761944470881405;6,323846154948967e-05;0,00030869834886998807;-0,0005585458394444659;-0,0016144427109599912;0,006665950072156021
0,003840420118461557;-0,0002805237504651575;-0,0013057443620900031;0,006107404232711555;0,002125517856395179;0,0016758396727065
0,0038965539324639304;-0,0006119380285250051;0,000819773494305176;0,007783243905418055;-0,0025755565731485734;-0,0077431429945528235
0,0041969839157747655;-0,0009955820810684528;-0,0017557830788433974;4,010091086523171e-05;0,0015279524503220947;-0,0015533670618065876
0,0048087436553023236;-0,0013464351938396934;-0,00022783062852130276;-0,0015132661509413559;-0,002526263524205194;0,005934942472775262
0,00542210743126449;-0,00176751962976467;-0,0027540941527264967;0,004421676321833906;0,003566647286221275;-0,0050073391315900995
0,005974940561189003;-0,0021977172908304986;0,0008125531334947783;-0,0005856628097561933;0,00014524905559758217;-0,006087034162946758
0,006704640743986872;-0,0027380787180053875;0,0009578021890923605;-0,006672696972702952;0,0008550455340826935;-0,004544292495006458
0,007410914414394493;-0,003245938019840485;0,001812847723175054;-0,01121698946770941;0,0007249552420493244;0,0041622648193304634
0,007850280205893996;-0,003715485234111888;0,0025378029652243783;-0,007054724648378946;0,00018919928306053435;0,0069976926390092065
0,007840966418685123;-0,004112518539456289;0,0027270022482849127;-5,703200936973962e-05;-0,001555723766509129;-0,0013382126868098365
0,007549463645541091;-0,004408039726191714;0,0011712784817757838;-0,0013952446961795761;-0,0018356793856100784;0,0004325241846621364
0,007255679592022271;-0,004594480822995743;-0,0006644009038342946;-0,0009627205115174398;-0,0017388271040735953;0,0052109765132069275
0,0069060857506562665;-0,004734070780528741;-0,00240322800790789;0,004248256001689488;0,0018064203729577927;0,0022213467798224973
0,006517983088829566;-0,004900236774215111;-0,0005968076349500973;0,006469602781511985;0,0014205615166539287;0,0015273139711198536
0,0062998106670704435;-0,005162531888217797;0,0008237538817038315;0,007996916752631839;-0,0013561342860861358;-0,0012761027243722023
0,006340422356571801;-0,005448699307618485;-0,0005323804043823044;0,006720814028259636;0,0023451310361125577;-0,010772262327709226
0,006700910716178432;-0,005701916571751021;0,0018127506317302533;-0,004051448299449589;0,001932763280390437;0,004736916161111104
0,007330231636915449;-0,0059764290520588495;0,0037455139121206904;0,0006854678616615151;0,0009631618512738749;0,0014856827756052904
0,007797494625674482;-0,006178431507097467;0,004708675763394565;0,0021711506372668055;-0,0017294401870708576;-0,0020445801942264585
0,008292176328899975;-0,006230613405651258;0,0029792355763237077;0,00012657044304034692;-0,0020091080956169127;-0,00390656610757581
0,00887370405761614;-0,006094448273669265;0,000970127480706795;-0,0037799956645354627;-0,00013346096254998607;-0,0027249975946326277
0,00946029460405392;-0,005839113718634325;0,0008366665181568089;-0,00650499325916809;-0,0026247941306833944;0,007457553251624227
0,009895685323910282;-0,005544974064371112;-0,0017881276125265855;0,0009525599924561368;-0,000581641490215834;0,0002474367917587039
0,01007087631339992;-0,005217367749381628;-0,0023697691027424195;0,0011999967842148407;0,00020294921051713932;-0,0013618055745842073
0,010284169702587801;-0,004961286538893206;-0,00216681989222528;-0,00016180879036936657;0,00028326711084518397;-0,0015426806709611385
0,01054546296314428;-0,004799996092514481;-0,0018835527813800962;-0,001704489461330505;0,00010601017471581486;-0,0011084757400403045
0,01080028387208598;-0,004725378441824768;-0,0017775426066642813;-0,0028129652013708095;-0,0001896185065671102;0,00042973315886563057
0,010986925202574462;-0,004726102902390258;-0,0019671611132313915;-0,002383232042505179;0,0008559593432857365;-0,0021561704077104893
0,011061047925008111;-0,00479792906722232;-0,001111201769945655;-0,004539402450215668;0,0010979080499282645;0,0014679199929874542
0,011039841365741553;-0,004948441676583638;-1,3293720017390487e-05;-0,003071482457228214;-0,0011488746507295616;-0,0014254672506396893
0,010837058708466369;-0,005143402356742781;-0,0011621683707469521;-0,004496949707867903;0,00042567802240114916;0,0012016048387365197
0,010511416752902056;-0,00533889478570262;-0,000736490348345803;-0,0032953448691313836;0,0016457236390768903;0,001710120806691584
0,010005896809023028;-0,005580873949492338;0,0009092332907310874;-0,0015852240624397995;0,0013553208556259522;0,00270324037352615
0,009368563070378743;-0,005852312727215887;0,0022645541463570396;0,0011180163110863506;0,0014312769752302112;0,0009991253444835424
0,008667820369236866;-0,006087382173310193;0,003695831121587251;0,002117141655569893;-0,0025035034140802603;-0,0035450896420280986
0,008011798320538444;-0,0062318694535502175;0,0011923277075069905;-0,0014279479864582056;0,0007473325589697211;0,00014047640680620033
0,007440461938062817;-0,006228523488926751;0,0019396602664767115;-0,0012874715796520053;-0,0016982365414421052;0,0031822317257354793
0,0068120076361288615;-0,006177484416003007;0,0002414237250346063;0,001894760146083474;-0,00045163430772532376;-0,0012913561673374152
0,006132054471008827;-0,006048858932420192;-0,00021021058269071746;0,0006034039787460588;0,00015691042737911443;-0,004776620604532031
0,00552789171173213;-0,0059105764998359945;-5,330015531160304e-05;-0,004173216625785972;-0,0010338789647321711;-0,0023086728341082524
0,004947865111605276;-0,005780702490559425;-0,0010871791200437741;-0,0064818894598942245;0,001103340071699238;0,007313767938872416
0,004200909846446984;-0,00565296048749532;1,616095165546394e-05;0,0008318784789781916;0,0016280973691401301;0,003675548440916103
0,0031946790028929218;-0,005568705649232965;0,001644258320795594;0,0045074269198942946;0,00029443129432685233;-0,0022303782361966715
0,0022217232984979877;-0,005483804372904393;0,0019386896151224464;0,002277048683697623;0,0015060757240565603;-0,0012493162707263167
0,0014290646708988253;-0,005333132763743997;0,0034447653391790067;0,0010277324129713064;-0,0024903003737524187;0,004588504298965776
0,0007274879906475679;-0,005104913569978702;0,000954464965426588;0,005616236711937082;-0,0009878425654807899;0,001869635637796456
6,702060691516265e-05;-0,004738903762646247;-3,337760005420187e-05;0,007485872349733538;-0,0002449267725982418;-0,004086390695187389
-0,00036879730833975924;-0,004334715356696729;-0,0002783043726524437;0,0033994816545461493;-0,001789579441613287;-0,008673255466623944
-0,0005051803296053396;-0,003931862054749379;-0,0020678838142657308;-0,005273773812077795;0,0009173129120141482;0,0008505049305143342
-0,0005055840846890739;-0,0035401409277081262;-0,0011505709022515825;-0,00442326888156346;-0,0010124981177770248;0,0017534676843160412
-0,00071693879225592;-0,0032311351532375034;-0,0021630690200286073;-0,002669801197247419;-0,0006510475493419765;0,003223180305911153
-0,0011052242550853046;-0,0029681522148569434;-0,002814116569370584;0,0005533791086637339;0,002498681758207638;0,0017860139228464723
-0,001600301765804586;-0,002791692037277528;-0,0003154348111629457;0,0023393930315102063;0,0016832978436967516;0,0009342599718547909
-0,002073244112177318;-0,002727796522472936;0,001367863032533806;0,003273653003364997;-0,0017167710283789994;0,005224514072225787
-0,0024526107372896417;-0,002676518400114861;-0,0003489079958451935;0,008498167075590785;0,001133841742722859;0,0007072154542554915
-0,0027010312422673655;-0,002570525756455435;0,0007849337468776654;0,009205382529846276;-0,0019836225401097182;-0,0049364533450385675
-0,002609525064221458;-0,0024784894326298156;-0,0011986887932320528;0,0042689291848077085;-0,00017362423489107603;-0,0037081140863425323
-0,0021498035849816994;-0,00235505575892909;-0,0013723130281231288;0,0005608150984651762;0,0033220919119133427;-0,0004410745922014368
-0,0015193249383496324;-0,0022795696369576467;0,0019497788837902139;0,00011974050626373939;-0,0007453669141040675;-0,0024626524665376844
-0,0008664136877789585;-0,0022589760361111286;0,0012044119696861463;-0,002342911960273945;-0,0005314779646650447;-0,0035425067348729914
-0,00020871281695773486;-0,002160391279913002;0,0006729340050211016;-0,0058854186951469364;-0,003627765998893334;0,0006191120124666525
0,0003552715754525309;-0,002013630044927429;-0,0029548319938722326;-0,005266306682680284;0,00046217239894350004;-1,6389185926073482e-05
0,0006838392200569192;-0,0018399514497410125;-0,0024926595949287325;-0,005282695868606357;0,0023330311679447824;0,0025898710469009073
0,0008017545973540961;-0,0017844661343094852;-0,00015962842698395013;-0,00269282482170545;-0,0004987553152744073;-0,0005249262437476924
0,0007083621399070188;-0,001828687202675107;-0,0006583837422583574;-0,0032177510654531425;-0,0032877423220267973;0,002782460480581672
0,0005072566895917234;-0,001879293408120087;-0,003946126064285155;-0,00043529058487147033;0,0047363586238501065;0,0024434750763820167
0,00017744119665830235;-0,001956234963255401;0,0007902325595649518;0,0020081844915105463;-6,524272527154429e-05;-0,0009654170236797592
-0,0001697859196699775;-0,0021910215609621214;0,0007249898342934075;0,0010427674678307871;0,0037377214315364587;0,002215876081281063
-0,00043668565633783556;-0,002394198856286244;0,004462711265829866;0,00325864354911185;-0,0019386903330728886;-0,00020692127589516836
-0,0006618746942924621;-0,00256837655823863;0,0025240209327569776;0,0030517222732166817;0,0002463589644544281;0,0005268030600155682
-0,0007567179902826147;-0,002564045809557821;0,0027703798972114058;0,00357852533323225;0,0006625915695498141;-0,001130083125452386
-0,0007294923953440999;-0,0024587542235667333;0,00343297146676122;0,002448442207779864;-0,003935304316233443;0,00043669742360671546
-0,0005591257870762951;-0,0022426474416871894;-0,0005023328494722229;0,0028851396313865794;0,0026816750982257;0,001759131502045483
-0,00029082149049729586;-0,0018892218011371967;0,002179342248753477;0,0046442711334320624;-0,0009581405031391932;-0,002328747022884452
9,288839133716662e-05;-0,0015558894745660928;0,0012212017456142837;0,0023155241105476104;-0,00052919280035605;-0,0009547839691935959
0,0006623691185089117;-0,0011353834580448499;0,0006920089452582337;0,0013607401413540145;-0,0015086507693478496;-0,0019794759538759484
0,0013244708101025609;-0,0006660293716990356;-0,0008166418240896159;-0,0006187358125219339;0,0010532554092024873;0,0003736243310656917
0,002041002107350371;-0,00016899492754289205;0,00023661358511287145;-0,0002451114814562422;0,0018517905716183489;0,000989582197013117
0,0027327839720973036;0,0002953738436496669;0,0020884041567312203;0,0007444707155568747;-0,0013594630187440115;-0,001707629659832191
0,0034147613775859864;0,0007692071582467408;0,0007289411379872088;-0,0009631589442753163;-0,002712000946625985;-0,0010199038227955842
0,0041265176116969445;0,0013265766391130636;-0,0019830598086387763;-0,0019830627670709006;0,001127492020826841;-0,003111929937524141
0,00479974748803689;0,0019131037654988746;-0,0008555677878119353;-0,005094992704595042;-0,00036437747719567787;0,004069317158256119
0,005393654853693999;0,0024203084995391344;-0,0012199452650076131;-0,0010256755463389222;0,00135780098988883;-9,880760263206168e-05
0,005783762511167306;0,0028932905220669172;0,00013785572488121678;-0,001124483148970984;-0,0012228638502827655;-0,002729492843939474
0,006132843146787057;0,003317474733994395;-0,0010850081254015487;-0,0038539759929104578;-0,0023484839760807563;0,0033535621446867947
0,006436944456447969;0,003747173174917122;-0,003433492101482305;-0,0005004138482236631;0,0033512095815689397;0,0022620986766059836
0,006586886726392461;0,004133471290823787;-8,228251991336533e-05;0,0017616848283823205;0,0008805910515832377;0,00047816964055599764
0,006716812442408008;0,004382429722671159;0,0007983085316698724;0,002239854468938318;0,0006443393522767293;-0,005126731291515391
0,006917205551558847;0,004628096853721997;0,0014426478839466017;-0,0028868768225770725;-0,0029109631132562125;0,0005743381360473754
0,007207192839467219;0,0049056963260396295;-0,0014683152293096108;-0,002312538686529697;-0,000508487379159997;0,0029177165226671187
0,007381705054472509;0,005241001713715126;-0,0019768026084696078;0,0006051778361374216;0,0018670380048854407;-0,005412658737582843
0,00746371572201661;0,005517574492218239;-0,00010976460358416706;-0,004807480901445421;-0,001196524883608996;0,0003858285606312961
0,007569933503006208;0,0057150751663825675;-0,001306289487193163;-0,004421652340814125;-0,0020536970878950456;0,0016200147577067614
0,0074838520479379896;0,0059081852564035284;-0,0033599865750882085;-0,0028016375831073637;0,0023566573869114593;-0,0002212424570028071
0,007220904499237206;0,006049043766936764;-0,0010033291881767492;-0,0030228800401101708;-0,003113060139957935;-0,0019184057554763323
0,006845891447212127;0,006055502814466471;-0,004116389328134684;-0,004941285795586503;0,004029718440545921;0,005126921762361472
0,006349963193582642;0,006021828694469107;-8,66708875887634e-05;0,00018563596677496907;-0,00032068372289792424;0,005018950093104491
0,005656383508129696;0,005823499001346356;-0,00040735461048668764;0,00520458605987946;0,00019861071474264191;-0,0028379285123884546
0,00497022926134775;0,005621702472720055;-0,00020874389574404573;0,002366657547491005;0,0033592624424443884;0,000620860936001541
0,004492258456960982;0,005403611759674286;0,0031505185467003427;0,002987518483492546;-0,00019136832959951167;0,0015177492925128877
0,004108953954473854;0,005177171290798756;0,002959150217100831;0,004505267776005434;-0,0018295093010311236;0,0035443719343988683
0,003845150191326428;0,0050767515637912385;0,0011296409160697074;0,008049639710404302;0,0026716187583647744;-0,0073924052853029665
0,0037615571392192195;0,005094697845467755;0,0038012596744344818;0,0006572344251013357;-0,006375967199692301;-0,0045862011717357765
0,003999949675528183;0,00515782976378706;-0,002574707525257819;-0,003928966746634441;0,0018596571938261086;0,00134432036156093
0,004264631588841199;0,005373012069083744;-0,0007150503314317103;-0,0025846463850735107;0,0006273033831956376;-0,00013875037974456217
0,004372154832288839;0,005485206073370115;-8,774694823607265e-05;-0,002723396764818073;-0,0027387674102144766;-0,0008026779238185094
0,004376292220333537;0,0055687980643992175;-0,002826514358450549;-0,0035260746886365824;0,004600411710131369;-0,0016574430694547143
0,004271493737785514;0,005648880177498877;0,0017738973516808199;-0,005183517758091297;-0,0037865040749414935;0,003512360941110529
0,004025652267692026;0,005615901716260515;-0,0020126067232606737;-0,0016711568169807678;0,0014919602296569467;0,0007950498083157953
0,0035724700872748864;0,0056538791490893855;-0,0005206464936037269;-0,0008761070086649725;8,814103286763908e-05;0,002445465679470016
0,0030524416341785165;0,005611352312987829;-0,00043250546073608787;0,0015693586708050433;-0,0014465613096357466;0,0004600023576663767
0,0024973689007355476;0,005547999617142124;-0,0018790667703718344;0,00202936102847142;-0,00023973598422075137;-0,0002639965278218581
0,0020050705141247804;0,005467346702866975;-0,002118802754592586;0,001765364500649562;-0,002252441290013507;0,0007883992750660658
0,00159394656865287;0,005311531117776953;-0,004371244044606093;0,0025537637757156277;0,0028964551568903957;-0,004334951651694025
0,0012534372032069422;0,005070963422503227;-0,0014747888877156973;-0,0017811878759783975;0,0006522194445382073;-0,0011291559439825013
0,0010150783887896394;0,004655545965445258;-0,0008225694431774899;-0,002910343819960899;0,0005944111030856403;0,0013278841417343045
0,0007054720593332006;0,004181136952878661;-0,00022815834009184965;-0,0015824596782265943;0,0011467690617756043;-0,0003029332739955728
0,00027945197707832597;0,0036738251625849636;0,0009186107216837547;-0,001885392952222167;-0,0011364921081448986;0,0005510420673047901
-0,00020986649230561247;0,003157387038687593;-0,00021788138646114397;-0,001334350884917377;0,0029030515241594695;0,0015906415429099777
-0,0007746006797784376;0,002677693343657572;0,0026851701376983256;0,0002562906579926007;-0,0011015453512490322;0,004066025710376193
-0,0013927089026479578;0,002189284393169106;0,0015836247864492933;0,0043223163683687935;-0,000537215288944709;0,0021278135734119005
-0,002000565499197774;0,0018082822481885726;0,0010464094975045843;0,006450129941780694;0,0001045534664290762;-0,0035095786347240712
-0,0024355294410128383;0,0014906250946660107;0,0011509629639336605;0,0029405513070566228;-0,001191106736403432;-0,003457371461511101
-0,002612488185156675;0,0012148243210436324;-4,0143772469771605e-05;-0,0005168201544544782;0,0003597284560423915;0,006024209220525378
-0,002671824877018247;0,0009850620659786005;0,0003195846835726199;0,0055073890660709;-0,0014881767592906155;0,0012002355526678776
-0,002751834375057998;0,0007536940600147777;-0,0011685920757179957;0,006707624618738778;-0,0007689558844425279;0,0026520122581901936
-0,0026115483104549126;0,0005351094413938598;-0,0019375479601605235;0,009359636876928971;0,0013322817473010954;-0,0077093107392172955
-0,0022029572611022763;0,000269781139744222;-0,0006052662128594281;0,001650326137711676;0,00211248637373509;-6,588157953483359e-05
-0,0014199807366724812;-7,304908031183671e-05;0,0015072201608756618;0,0015844445581768424;0,0019440739931773574;-0,000558764479073659
-0,0005709911667342191;-0,00044008994888227257;0,003451294154053019;0,0010256800791031834;0,0004044550977774144;-0,0042209709768046555
0,00034137618553111684;-0,0007468420110176819;0,0038557492518304336;-0,003195290897701472;0,0005421902962547513;-0,004253222633375318
0,00129477074096058;-0,0009155423069909706;0,004397939548085185;-0,0074485135310767905;0,0008248464702298487;-0,001926652380937019
0,0021203536604819844;-0,0009300126328910419;0,005222786018315034;-0,00937516591201381;-0,0023557679022633803;0,0038144863157553513
0,0026479960387603167;-0,0007685653768677057;0,0028670181160516534;-0,005560679596258458;-0,002383650747644791;0,003267949116796523
0,002800631780558097;-0,00039820668011176824;0,0004833673684068625;-0,002292730479461935;-0,0024516959975831865;0,003219308348142824
0,002730840338505539;8,683274128623531e-05;-0,001968328629176324;0,000926577868680889;-0,0012043593698537088;-0,0027664395868972624
0,0025693396772745038;0,0005912068574205134;-0,0031726879990300327;-0,0018398617182163735;-0,0007902839590400446;-0,0001703872399923395
0,002444902130790704;0,0010168478283877386;-0,003962971958070077;-0,002010248958208713;-0,0019357718359579792;0,004321275170718106
0,002246870115578249;0,0013155812793937624;-0,0058987437940280565;0,0023110262125093928;0,0007488146749232115;0,0009572232496766753
0,0019684281420374455;0,0014557958520769832;-0,005149929119104845;0,003268249462186068;0,0025726268494597783;-0,005794111798009226
0,001782427216997018;0,0013600606729990816;-0,0025773022696450668;-0,0025258623358231577;-0,001727179447335716;-0,0011795265005890426
0,001727156270444033;0,0010583283291569863;-0,004304481716980783;-0,0037053888364122003;0,0038295631546395228;0,0024141030859075666
0,0015708508304581217;0,0006535038945290883;-0,0004749185623412599;-0,0012912857505046338;0,0005091325726052833;0,005061955104852262
0,0012663298370157224;7,650019122195902e-05;3,421401026402343e-05;0,0037706693543476284;0,0006763082800982246;-0,003469504009823217
0,0009101574135531379;-0,0005195002545788207;0,000710522290362248;0,00030116534452441154;0,0014487716865818432;-0,0032103478242336515
0,0007048117642644584;-0,0011141321399690395;0,0021592939769440912;-0,00290918247970924;-0,00011015175575840655;0,003931154569635461
0,0005115127287567555;-0,0016803431337447685;0,0020491422211856847;0,0010219720899262213;0,0030396394602903443;0,0011541969936403398
0,00020184639406068284;-0,0021601823684427334;0,005088781681476029;0,002176169083566561;-0,005567520425171238;0,0003016572479611068
-6,69410570383409e-05;-0,0025580559142932714;-0,00047873874369520897;0,002477826331527668;0,00031074744618984906;-0,002706274416082513
-0,0002486817447947022;-0,0027523781928847683;-0,0001679912975053599;-0,00022844808455484492;-0,0030727058349107605;-0,003812753806622918
-0,00033130937928995676;-0,002965850021224073;-0,0032406971324161205;-0,004041201891177763;0,004193709009703089;0,0014332556210742333
-0,00042307493716740516;-0,003186041501463592;0,0009530118772869689;-0,0026079462701035297;-0,0017716825408600895;0,002611614805616988
-0,000676488570691964;-0,0035358608669997568;-0,0008186706635731206;3,668535513458304e-06;-0,003069449771718552;-0,005652881370592191
-0,0010342200550206642;-0,003847559757444442;-0,0038881204352916726;-0,0056492128350787325;0,004473077177527304;0,0007175702386353448
-0,001391804797928826;-0,004192005474432052;0,0005849567422356317;-0,004931642596443388;-0,0025609999878596773;-0,0011681808972079932
-0,001975358054240137;-0,004691976008831329;-0,0019760432456240457;-0,006099823493651381;0,004906490425922519;0,007965548312123781
-0,0027561770144091838;-0,005168548273541181;0,0029304471802984733;0,0018657248184724001;-0,00036615174696205677;-0,00013463186807591287
-0,0037809889143242854;-0,005724162268075995;0,0025642954333364165;0,0017310929503964873;-0,0006026390590539443;-0,0023570635220658276
-0,004731171821500491;-0,00616255837539887;0,001961656374282472;-0,0006259705716693403;0,00010062790468212679;0,004877869653011693
-0,005612111010660837;-0,006498382665388288;0,002062284278964599;0,004251899081342353;-5,528870458321178e-05;0,0035707209323015132
-0,006518089022687957;-0,006755740700406407;0,002006995574381387;0,007822620013643866;0,0010114423502213254;-0,002094170912665144
-0,007253991071461383;-0,006930607364265943;0,0030184379246027127;0,005728449100978722;-0,001914413512853097;-0,005806013762938378
-0,007676988319689054;-0,0070251942051502226;0,0011040244117496156;-7,756466195965595e-05;0,0001401428594054177;0,0007826176841052301
-0,007870847603877577;-0,006999043529050394;0,0012441672711550333;0,0007050530221455742;-0,0029348571496145004;0,0009046593990814644
-0,008067809474544486;-0,00692873187648058;-0,001690689878459467;0,0016097124212270386;0,0012084435613373135;-0,0005338677026399397
-0,008236569224325571;-0,006808653533064566;-0,0004822463171221536;0,001075844718587099;0,002397014743416165;0,0005201790561431829
-0,008340940477257575;-0,00675620278478693;0,0019147684262940112;0,001596023774730282;-0,0008396020667121307;0,000683707199984146
-0,008402277941446094;-0,00672304188919418;0,0010751663595818806;0,002279730974714428;-0,0019459993293943212;0,0018019140256869404
-0,008399774454645403;-0,0066132902565496695;-0,0008708329698124406;0,004081645000401368;-0,0006824011996240664;-0,0011953339403509289
-0,008306081728856135;-0,006460531969521884;-0,001553234169436507;0,0028863110600504394;0,0008747029479704849;0,0007042234390647328
-0,008049123203050812;-0,006342607001286597;-0,0006785312214660222;0,003590534499115172;-0,0005375135373936191;0,001501004068249212
-0,0076767122348434715;-0,006286811399828769;-0,0012160447588596413;0,005091538567364384;-0,00016290544385208494;-0,006021999233445596
-0,007160679886671524;-0,0062581570472295825;-0,0013789502027117262;-0,000930460666081212;0,0010884429280048347;-0,0004885327674052087
-0,006440985995805001;-0,006278144484984782;-0,00029050727470689153;-0,0014189934334864207;0,0023568219915379995;0,0012983776883773168
-0,005758510531581727;-0,006353289930848449;0,002066314716831108;-0,00012061574510910389;-0,0014392418008897512;0,0027715763091170492
-0,005132794804697909;-0,0064400556677003925;0,0006270729159413568;0,0026509605640079453;0,00023499247008548774;-0,004847862806155137
-0,004511903707618455;-0,006444168815879092;0,0008620653860268446;-0,0021969022421471918;0,002215964225248057;0,0019364226136967672
-0,0037849741879786842;-0,006423199047420137;0,0030780296112749017;-0,0002604796284504246;-0,0032067703619648447;0,004374407770890716
-0,0031459207580248004;-0,006367746663520109;-0,00012874075068994295;0,0041139281424402915;-1,3199835338650878e-07;-0,0010145057223944313
-0,0025172865132089338;-0,006189173095169084;-0,00012887274904332946;0,00309942242004586;-0,0021437680997002106;-0,004007439468031931
-0,0017240951426954556;-0,006015749156845657;-0,00227264084874354;-0,0009080170479860705;0,0018770089104418186;-0,0029845967767461595
-0,0008069268753801431;-0,0058474801284839634;-0,0003956319383017215;-0,00389261382473223;0,0028643258928708892;0,0013922863788144307
7,392071001572687e-05;-0,005770116734072011;0,0024686939545691677;-0,0025003274459177993;-0,0030048345952009836;-0,0010528812683836784
0,0007990637424223076;-0,005708578617192127;-0,0005361406406318159;-0,0035532087143014777;0,001113347022014377;-0,003319709906268096
0,0014241936769921763;-0,0055482927421294775;0,0005772063813825612;-0,006872918620569574;-0,0009069914584176886;-0,0013954783258732367
0,0019071952629899857;-0,005409452492692099;-0,0003297850770351274;-0,00826839694644281;;
0,0021152801041650123;-0,00524752398799942;;;;
0,0019926290674823267;-0,005098786886388144;;;;
