y;x;acc_x;acc_y;jerk_x;jerk_y
-0,010163269258066727;-0,011480684787707378;-0,0246885324568919;0,013789148530971296;0,0034665788135615494;-0,004247560803597339
-0,014494799058324709;-0,01098801143677462;-0,02122195364333035;0,009541587727373957;0,007503510933070612;-0,0012453722013465174
-0,018274762917343836;-0,01148287938411754;-0,013718442710259737;0,00829621552602744;0,0029435686328896926;0,016159468568683666
-0,02167306326726801;-0,012826625477193671;-0,010774874077370045;0,024455684094711105;0,0015833453668580577;0,015005615769936198
-0,02473951499615108;-0,014719109278680195;-0,009191528710511987;0,0394612998646473;-0,018220620021367484;-0,01911513693377498
-0,02682773936124571;-0,017042588043261517;-0,02741214873187947;0,020346162930872325;0,02665942169395691;-0,0074186959489107585
-0,027337511731754447;-0,01973372795626332;-0,0007527270379225626;0,012927466981961566;-0,01161250440153877;-0,005385767349982307
-0,027033437585028287;-0,023521353818540303;-0,012365231439461333;0,0075416996319792595;0,013673606028748786;-0,03919319741511429
-0,02621226475902367;-0,02733908876233419;0,0013083745892874532;-0,03165149778313503;0,006152994156940594;-0,007328319383986148
-0,02508942394773988;-0,031651432963706524;0,007461368746228048;-0,03897981716712118;0,019905238798069047;-0,0017800707790658343
-0,025232643047781493;-0,035911442181507366;0,027366607544297095;-0,04075988794618701;0,0025115441686058837;0,054321376055291415
-0,02693505483450795;-0,039872996649459085;0,02987815171290298;0,013561488109104403;-0,0029745620403605066;0,009614657531236026
-0,030267862139081888;-0,042739886815638915;0,02690358967254247;0,02317614564034043;0,0029049888001657642;0,008042199217116242
-0,033058209919291655;-0,04441165091330263;0,029808578472708236;0,03121834485745667;-0,016298919787849586;0,00789421984008365
-0,0349215118738878;-0,045007271424064646;0,01350965868485865;0,03911256469754032;-0,0029537889401887174;0,02189956368053947
-0,03553608003418568;-0,04441054879591833;0,010555869744669932;0,06101212837807979;-0,02345959767226269;-0,017015697562851928
-0,03458614560658194;-0,04327343982037767;-0,012903727927592756;0,04399643081522786;-0,0035612735558145925;-0,04756842261115013
-0,03119572604385502;-0,04171409605505022;-0,01646500148340735;-0,003571991795922269;0,011951708062988509;-0,03099563366496888
-0,02604544924851898;-0,04067090140682647;-0,00451329342041884;-0,03456762546089115;-0,0033543032770437797;-0,03034878833485427
-0,02103805212501983;-0,04028630681793902;-0,00786759669746262;-0,06491641379574542;0,012430807650765319;-0,010532009994285163
-0,017413360019956328;-0,04008224396586832;0,004563210953302699;-0,07544842379003058;0,005772358357603258;-0,0007210781841507918
-0,016385324466722643;-0,040192884981696125;0,010335569310905957;-0,07616950197418138;0,01648271397669676;0,015493965703736567
-0,01837522586509018;-0,04012099755939182;0,026818283287602718;-0,06067553627044481;0,020177814844880126;0,04005628869997907
-0,023411907342424973;-0,039635687364651284;0,046996098132482844;-0,020619247570465737;-0,018018569215912272;0,026664341724154772
-0,030875610270577558;-0,038077645838406636;0,028977528916570572;0,006045094153689035;-0,019965979023147673;0,01818898739460395
-0,03916408310154877;-0,03463976038686267;0,009011549893422899;0,024234081548292985;-0,012644094563132646;0,023440766898408127
-0,047210752166372424;-0,030042773778655888;-0,0036325446697097474;0,04767484844670111;-0,012588340504198992;0,030218349971772085
-0,05428805796926436;-0,025085325174712184;-0,01622088517390874;0,0778931984184732;-0,01446756082900802;-0,007466147902554177
-0,05945836983428825;-0,020273178357556876;-0,03068844600291676;0,07042705051591902;0,001700350561765096;-0,010529956773017712
-0,06151295376257321;-0,01610986694735791;-0,028988095441151662;0,05989709374290131;0,013482970390619964;-0,02003886214686923
-0,06075045567022141;-0,01317409337727562;-0,015505125050531698;0,03985823159603208;0,005467202393390408;-0,0046239258765727875
-0,05759207382815355;-0,011397843624839395;-0,01003792265714129;0,03523430571945929;0,0034619682568987897;-0,01498207183905842
-0,05283936272224442;-0,010241798874424437;-0,006575954400242501;0,02025223388040087;-0,005491325530410346;-0,023905641343070827
-0,04667727938755691;-0,009487271030295131;-0,012067279930652847;-0,0036534074626699553;0,010414286289544883;-0,010480414413780337
-0,03970510669765337;-0,008995781362175525;-0,0016529936411079638;-0,014133821876450292;-0,012538699774746281;-0,01444093828540638
-0,03287907030625663;-0,008986982891282034;-0,014191693415854245;-0,02857476016185667;-0,0018691826487957364;-0,024457811461876033
-0,026618386789917892;-0,00904430416603286;-0,01606087606464998;-0,053032571623732705;0,009826932022799634;0,012935206739114524
-0,021500693680053428;-0,009669293177417857;-0,006233944041850348;-0,04009736488461818;-0,009181536033313675;0,027846566021884844
-0,018504303435138272;-0,010936717231388853;-0,015415480075164023;-0,012250798862733336;0,01757227094702357;0,029152871450042916
-0,017111807785607842;-0,012453499047033863;0,0021567908718595485;0,01690207258730958;0,009719108807237364;0,024150613947079624
-0,016209344090586747;-0,014586900065685434;0,011875899679096913;0,041052686534389204;-0,003455441594463149;0,0033855260360217965
-0,014630797492073267;-0,01663402944946262;0,008420458084633764;0,044438212570411;-0,011681573876614004;0,0005994622452937248
-0,01141014343218422;-0,018206122846075933;-0,0032611157919802403;0,045037674815704726;-0,00021546469688310532;-0,023348290700204943
-0,006411960869478732;-0,019441397919303896;-0,0034765804888633456;0,021689384115499782;0,0107904558277363;-0,022754849100451946
0,0003877286858549451;-0,020807117624211068;0,007313875338872955;-0,0010654649849521636;0,0008522746616473897;-0,020136435478386644
0,008054993605808613;-0,022311900548672773;0,008166150000520345;-0,021201900463338808;0,00021240483992968073;-0,03434125453765102
0,015679639926364196;-0,02352412845957956;0,008378554840450025;-0,05554315500098983;0,006440008433397093;-0,03240792570487527
0,022456210228386224;-0,02440971037046553;0,014818563273847118;-0,0879510807058651;0,005574887789739025;-0,006554827257667983
0,02701105433036866;-0,024960150087733505;0,020393451063586143;-0,09450590796353309;-0,0024345495351176805;0,04166713202285466
0,02804785520411649;-0,02491784727404759;0,017958901528468463;-0,05283877594067843;0,0011952109210114914;2,4523766005424275e-05
0,025304419759323002;-0,024059806417818234;0,019154112449479954;-0,052814252174673004;-0,0031598196530974176;0,004929126207841639
0,020447433276902374;-0,022483409500450136;0,015994292796382537;-0,047885125966831366;-0,019784193489466473;0,014678176492564199
0,013477876707494823;-0,02014084808510284;-0,0037899006930839363;-0,03320694947426717;-0,002936648343664694;0,04722200714909
0,004592915099414018;-0,017158514957900245;-0,00672654903674863;0,014015057674822834;-0,005997451827484651;0,03917449775207893
-0,005620324487637472;-0,014327777858421004;-0,012724000864233281;0,05318955542690176;-0,0010047718350338353;0,01340171183384084
-0,015272961767696049;-0,011766102720411712;-0,013728772699267117;0,0665912672607426;-0,014473078517846377;0,0026126007380204985
-0,022798016830678555;-0,009713387616971748;-0,028201851217113494;0,0692038679987631;0,004354498058959377;-0,007641832430380302
-0,02765942120323136;-0,00820982342150247;-0,023847353158154116;0,0615620355683828;0,005509403491629067;0,002197557347533463
-0,029752670855833635;-0,007834333274717732;-0,01833794966652505;0,06375959291591626;0,01575350662162739;-0,026457171601136587
-0,029383439085700604;-0,008412737254259159;-0,0025844430448976607;0,03730242131477968;0,0014898679792176572;-0,03301996575135163
-0,02646382359893092;-0,009724659220461587;-0,0010945750656800035;0,004282455563428045;-0,0027460726992419304;-0,02594163893170509
-0,022052111259570045;-0,011139958908459922;-0,003840647764921934;-0,021659183368277046;0,018541447277564127;0,01073511691518747
-0,017469100697672053;-0,012599041599085457;0,014700799512642193;-0,010924066453089576;0,003045499272080754;0,01128088615817377
-0,013752457470505143;-0,01421175020030787;0,017746298784722947;0,0003568197050841937;-0,009639089728591399;0,025255824898629584
-0,010472776901461815;-0,015236426821024595;0,008107209056131548;0,025612644603713777;-0,002484192618919745;-0,007453274584718589
-0,007178823544215117;-0,015551251490352401;0,005623016437211803;0,01815937001899519;-0,007464399682292733;-0,018756297108254286
-0,00286036440281987;-0,015541787797434946;-0,0018413832450809298;-0,0005969270892590972;-0,014924756353891011;-0,0009383450414903183
0,0021844695393351847;-0,015307403447029017;-0,01676613959897194;-0,0015352721307494155;0,019657987729723214;-0,03506435816132297
0,007205426397919875;-0,015146674426426329;0,0028918481307512733;-0,03659963029207239;-0,005311013496734962;-0,02125729461309847
0,01216497237127459;-0,015656590989782514;-0,0024191653659836887;-0,05785692490517086;0,0020358996687649955;-0,010036258978115387
0,015660533132946408;-0,016050833627908653;-0,0003832656972186932;-0,06789318388328625;-0,003384058717442462;9,614720706879742e-05
0,016841816898411393;-0,016541842880674135;-0,003767324414661155;-0,06779703667621745;0,0136242846086011;0,03903709236436434
0,015307373308544928;-0,017048182761328367;0,009856960193939945;-0,02875994431185311;0,011000539788330044;0,01927424533899952
0,011061048251629764;-0,017705215618569047;0,02085749998226999;-0,00948569897285359;-0,012968126854306206;0,04027716759309534
0,0056643254222404765;-0,017967970068052126;0,007889373127963784;0,03079146862024175;-0,02063221271608684;0,029359424135941295
-0,00011182536606295541;-0,017396424518244406;-0,012742839588123056;0,060150892756183044;0,009626636109619113;-0,012361112778638675
-0,004656317409556717;-0,016509304043318136;-0,0031162034785039427;0,04778977997754437;-0,003245956246523185;-0,0032307838993570065
-0,006794773742803156;-0,016131897151916787;-0,006362159725027128;0,04455899607818736;-0,008410731127742155;0,013377754371105915
-0,007021638876947821;-0,015879138399655598;-0,014772890852769283;0,05793675044929328;0,0027436177003282713;-0,019167910483860046
-0,005466144167964992;-0,01588086603639549;-0,012029273152441011;0,03876883996543323;-0,0023988700443083877;-0,0422208048384953
-0,0015931794410104308;-0,016473509307246156;-0,014428143196749399;-0,003451964873062069;0,008161816601675587;-0,030902103132565112
0,0038305388845614593;-0,017547323504194464;-0,006266326595073812;-0,03435406800562718;0,0021685661162989534;0,0004901265282433731
0,009116178615210866;-0,019198263429012746;-0,004097760478774859;-0,03386394147738381;0,017215466527175094;-0,009020130497014556
0,013027655625635187;-0,02109985641763398;0,013117706048400235;-0,04288407197439836;0,0039125158356480005;-0,004261458881344327
0,015584574976964154;-0,02316535982540621;0,017030221884048236;-0,04714553085574269;-0,01723403912535626;0,02005665495963166
0,016426131449317188;-0,02470615499124243;-0,00020381724130802414;-0,02708887589611103;-0,0015126727511274307;0,02077079617806693
0,015381866687440513;-0,02556574128171672;-0,0017164899924354549;-0,006318079718044101;0,00595931895251145;0,027465189582881494
0,013254046889719397;-0,02643348026184333;0,004242828960075995;0,021147109864837393;0,01316200148436153;-0,020031064609291493
0,01087350390327652;-0,02736987884166736;0,017404830444437525;0,0011160452555459;-0,016844552274790314;-0,005082951175321537
0,009338845311427134;-0,02813656426308835;0,0005602781696472103;-0,003966905919775637;-0,014667303583495772;0,005748060167533417
0,007848828529799587;-0,02820705646673184;-0,014107025413848562;0,0017811542477577796;0,014672789414729714;-0,020952768566460167
0,006200135511381013;-0,028255137543589437;0,0005657640008811526;-0,019171614318702387;0,0017689643120392118;0,009970722868219553
0,004622688662872751;-0,02886749963700098;0,0023347283129203644;-0,009200891450482834;0,010971291798547722;0,026964822480109105
0,0022783772416163934;-0,02945723117037728;0,013306020111468086;0,01776393102962627;-0,012146322828532896;-0,025224377826193467
-0,00043396983765927764;-0,02995357357123676;0,0011596972829351904;-0,007460446796567197;-0,00503609436470176;0,048316628502598005
-0,002435759675749898;-0,029917675167637516;-0,0038763970817665694;0,04085618170603081;0,0178684954680165;0,00949566490516876
-0,004735967385703206;-0,02983538887272087;0,01399209838624993;0,05035184661119957;0,01732724807936936;-0,007609714264976419
-0,005401927827415281;-0,02990815846107488;0,03131934646561929;0,04274213234622315;-0,015943272782465878;-0,023277480888962587
-0,004053814404679374;-0,0294212441139789;0,015376073683153413;0,019464651457260562;-0,017694116007068494;-0,03407214543855855
-0,0009960156880945415;-0,027681555908258142;-0,0023180423239150816;-0,014607493981297986;0,004031622534206081;0,006406885646998317
0,0028403690867807143;-0,025326824755211252;0,0017135802102909992;-0,00820060833429967;0,0062196998129597225;-0,018040810391129175
0,00609245410240405;-0,02306481529512096;0,007933280023250722;-0,026241418725428844;-0,01725727479792072;-0,02802618378441865
0,0090165147846554;-0,020734262626619034;-0,009323994774669997;-0,054267602509847496;-0,015687958295101112;-0,006867205869412446
0,010890918717889594;-0,018086378757187077;-0,02501195306977111;-0,06113480837925994;-0,0017024001865335592;0,051645610554359456
0,01059461855072989;-0,01581145467874192;-0,026714353256304668;-0,009489197824900486;0,021806821570777235;-0,004654404709031584
0,007852926048399789;-0,014537008723087606;-0,004907531685527433;-0,01414360253393207;0,0027366040074962017;-0,004601860399372756
0,004731665633073668;-0,01433113689768548;-0,0021709276780312314;-0,018745462933304827;0,003875828638510881;0,02266715006828425
0,0010446611163902632;-0,014321566339704451;0,0017049009604796495;0,0039216871349794236;0,022699315062888414;0,026976581418007836
-0,003392161917625334;-0,014398832888844672;0,024404216023368064;0,03089826855298726;-0,010383872867193944;-0,015338918365569873
-0,007672117466241754;-0,014407903399565705;0,01402034315617412;0,015559350187417387;-0,007515755793053747;-0,00022480403626579104
-0,010716142272738685;-0,013440805269352016;0,006504587363120373;0,015334546151151596;-0,006310212258600956;-0,016027471181338793
-0,013137793071738919;-0,011912893412891364;0,00019437510451941753;-0,000692925030187197;-0,013508677140425723;0,04075735437141209
-0,01494606202469309;-0,010124798061905896;-0,013314302035906306;0,040064429341224894;-0,016922600278231392;-0,011383174339367474
-0,01678204797885475;-0,008328927706739651;-0,030236902314137698;0,02868125500185742;-0,009237942797600457;-0,02080136886773365
-0,01701545675936741;-0,007065629433009658;-0,039474845111738155;0,00787988613412377;0,008755319566599057;-0,0033578272939585596
-0,016101615339805777;-0,007011807251845174;-0,030719525545139098;0,004522058840165211;0,022218633335139293;0,03133025621536689
-0,014872578474879192;-0,008536978875150215;-0,008500892209999805;0,0358523150555321;0,009697768310971494;-0,005590581456121513
-0,013462659256345998;-0,011290931520260821;0,0011968761009716888;0,03026173359941059;-0,0045305435016584905;0,020746365615955054
-0,010618647435591521;-0,01438491985377142;-0,0033336674006868017;0,05100809921536564;-0,008239557043649759;-0,028864626305033392
-0,006564166270860621;-0,01743103314324315;-0,01157322444433656;0,02214347291033225;0,02661474770766098;-0,034087082536326585
-0,0004693611375150943;-0,02061049312874235;0,015041523263324419;-0,011943609625994334;-0,0023215002352575675;0,020410836920977393
0,006511182912243722;-0,024252882092015017;0,012720023028066851;0,00846722729498306;0,011690358679839474;-0,06057341236427738
0,013013982576962766;-0,027293610124754702;0,024410381707906326;-0,05210618506929432;-0,011833882775572846;-0,01645616622553875
0,01985547133348113;-0,02982553723637172;0,01257649893233348;-0,06856235129483307;0,018680033801644624;-0,0211209154146777
0,024612712687227725;-0,03138104907967248;0,031256532733978104;-0,08968326670951077;0,004395153954445341;0,001051204872298206
0,026627459989180993;-0,0324335009656799;0,035651686688423445;-0,08863206183721256;-0,009371230647235662;0,0515700131008629
0,025054876622753835;-0,0322356915423282;0,026280456041187783;-0,03706204873634966;-0,01059008165223485;0,016552844533121863
0,01993701078283817;-0,03061181465143956;0,015690374388952932;-0,0205092042032278;-0,009449298914798732;0,015958024231031265
0,013336662993468522;-0,027936719518903405;0,006241075474154201;-0,004551179972196534;-0,0065992060980491485;0,012175368646965473
0,0059159470359697605;-0,024634009410809135;-0,00035813062389494776;0,007624188674768939;-0,005974602685803965;0,0035048715230131255
-0,001686816120416862;-0,0210816562837487;-0,0063327333096989125;0,011129060197782065;0,0037332411210223015;0,009196591279324873
-0,008984611729812728;-0,017543628381644062;-0,002599492188676611;0,020325651477106937;-0,017900817689941256;-0,019740485415267156
-0,01583724493129731;-0,01425890981192738;-0,020500309878617867;0,0005851660618397814;0,0008684893286194928;0,003357668246198764
-0,021876852073697616;-0,01107817092975776;-0,019631820549998374;0,003942834308038545;-0,006757677077284002;0,023128574605406405
-0,02789305257362433;-0,008717444442732857;-0,026389497627282377;0,02707140891344495;0,007033469560270816;0,03296210356059759
-0,0337515397012295;-0,0071419907777078885;-0,01935602806701156;0,06003351247404254;0,016245409653147636;0,010568171501785462
-0,038527170472296875;-0,0066221170177742155;-0,003110618413863925;0,070601683975828;0,00037361485637030234;0,0072385173399126534
-0,04090146074440255;-0,006876484380521004;-0,0027370035574936225;0,07784020131574065;0,0024490788171893374;-0,0030760133175318227
-0,0404516836574751;-0,00725527647982235;-0,00028792474030428505;0,07476418799820883;-5,153614865169298e-05;-0,004311169441607032
-0,03688829851791803;-0,007743548721423441;-0,00033946088895597804;0,0704530185566018;-0,000971630279287955;-0,04648369843994071
-0,0303343458584326;-0,008243337952636704;-0,001311091168243933;0,023969320116661086;-0,004016062381704849;0,007828494455771662
-0,020962272456683098;-0,008756705619408205;-0,005327153549948782;0,03179781457243275;-0,007959762009898952;-0,038873321244882963
-0,010631426250267157;-0,009322516932909464;-0,013286915559847734;-0,007075506672450216;0,011391674886573222;-0,02754557977585903
0,0009713325390460941;-0,010101414388408675;-0,001895240673274512;-0,034621086448309246;0,005080380688853858;0,006041472840048301
0,012291071061461338;-0,011411788466301793;0,0031851400155793463;-0,028579613608260945;0,002406934424292295;0,006187657577581274
0,022225966125944213;-0,012797972171125892;0,0055920744398716415;-0,02239195603067967;-0,00654125745280737;0,003034635597818025
0,03101767664609665;-0,014056750275326818;-0,0009491830129357282;-0,019357320432861647;0,004375365188290847;-0,03657308582072605
0,0389137089250219;-0,015091845401932879;0,003426182175355119;-0,055930406253587694;0,015567779353993394;-0,022071617717219327
0,046035448386632684;-0,01616490784905637;0,018993961529348513;-0,07800202397080702;-0,0041194993051310025;0,026153152926397638
0,05091997159809995;-0,017100923009165655;0,01487446222421751;-0,051848871044409384;-0,007093536218442775;-0,0011741576188792902
0,052684413850734954;-0,017277179708100998;0,007780926005774735;-0,053023028663288674;0,007878958433420846;0,0019562035875964057
0,05237490126159357;-0,016858457918067643;0,01565988443919558;-0,05106682507569227;-0,0013133559244838389;0,016850475240983265
0,04994446752592065;-0,016128499087803297;0,014346528514711743;-0,034216349834709;0,016187981910836036;0,02656549604506564
0,04547136078722002;-0,014772144879971128;0,03053451042554778;-0,007650853789643364;-0,01733711241108979;0,024857537182554013
0,039629600055131046;-0,01284192953155049;0,01319739801445799;0,01720668339291065;-0,017577007359744698;-0,013439094661198303
0,03348180517145633;-0,00969033376610794;-0,0043796093452867085;0,0037675887317123458;-0,009297182160018097;-0,008496487109060757
0,028022277623498047;-0,0060108420800870695;-0,013676791505304806;-0,004728898377348412;0,0003348070415081644;0,021635698159314265
0,022713453624808252;-0,002506534767877669;-0,013341984463796641;0,016906799781965853;-0,007161872233847774;0,011574380789314304
0,01721547369102452;0,0004507008841195398;-0,020503856697644415;0,028481180571280157;-0,010691889292907514;0,005169109783834974
0,012393765748519426;0,002874257157564883;-0,03119574599055193;0,03365029035511513;0,0018594019032934228;0,008784717269522513
0,008711305028865536;0,004477659163104449;-0,029336344087258506;0,042435007624637644;0,014360906676467916;0,004073990770689845
0,006374855923416252;0,0048332313290219385;-0,01497543741079059;0,04650899839532749;0,0027993633526377515;0,005001123395307394
0,005735807122952474;0,004015349731449088;-0,012176074058152839;0,05151012179063488;0,0008197471897673503;-0,01652424533910618
0,006957118258301794;0,002598450637444613;-0,011356326868385488;0,0349858764515287;0,021564295628132252;-0,04195131194889193
0,010238834265276511;0,0006945085811140249;0,010207968759746763;-0,006965435497363226;0,00839943310891332;-0,03173995192514206
0,014919985330312377;-0,0016636865499519825;0,018607401868660084;-0,03870538742250529;-0,0023002100786675;-0,004657864458623984
0,01932251897545371;-0,0036135629306281196;0,016307191789992584;-0,04336325188112927;-0,0098508834477435;0,0054076159576644245
0,022176837123694837;-0,004819143236557854;0,006456308342249084;-0,03795563592346485;0,006659742609544217;0,017068032642249875
0,023296625196690787;-0,0053724358708878844;0,013116050951793301;-0,020887603281214973;-0,000997791071996837;0,022540779690350954
0,02289818783274815;-0,005667476171527951;0,012118259879796464;0,0016531764091359813;-0,009823453883184563;0,014323515151188848
0,021664246337556908;-0,005437874434096286;0,002294805996611901;0,01597669156032483;0,002297575566946597;-0,015249693249909158
0,02049643189873111;-0,004723542301472762;0,004592381563558498;0,0007269983104156719;-0,00451031739953766;0,019073156237041533
0,0199676851223183;-0,003917417928984763;8,206416402083833e-05;0,019800154547457205;0,010492752560074897;-0,004326102651352803
0,01946801827832212;-0,0029275982939544233;0,010574816724095736;0,015474051896104402;-0,004301162146322583;-0,0356712183644165
0,019760357616224227;-0,0019344960923632503;0,006273654577773152;-0,0201971664683121;0,006901298641783099;-0,037839960364265623
0,02067165902997051;-0,0005184012218082475;0,013174953219556251;-0,05803712683257772;-0,005375695732193889;-0,008005099869201449
0,02077507378498431;0,0011486398318576812;0,007799257487362363;-0,06604222670177917;-0,011570734809913802;0,04970243246313455
0,018557003466695;0,0033426790143058598;-0,003771477322551439;-0,016339794238644623;-0,0015797329712245595;0,009368544121943989
0,013697244080334525;0,005848688496248533;-0,005351210293775999;-0,0069712501167006335;-0,010700413914435186;-0,0004374812438015241
0,008183892924428265;0,008203838885289149;-0,016051624208211185;-0,007408731360502158;-0,0046360107729012945;0,029105167108485375
0,002391691763853978;0,010344940862578724;-0,02068763498111248;0,021696435747983217;0,010401382741642928;0,028047478342224985
-0,003696858651140395;0,011843977871539853;-0,010286252239469551;0,0497439140902082;-0,00577075836321117;-0,001258492633028352
-0,008917551636215439;0,012515509481256482;-0,01605701060268072;0,04848542145717985;0,014825675738494748;-0,008924386194691686
-0,012148488057682155;0,012775591001394328;-0,0012313348641859734;0,039561035262488164;-0,010202070780787387;-0,013194280286605686
-0,013440007620861677;0,012393392097424946;-0,01143340564497336;0,026366754975882478;0,005825542899687786;-0,0051299895128891215
-0,013149085773541671;0,011961939798888127;-0,0056078627452855745;0,021236765462993357;-0,0019885787194766913;-0,010444635752987319
-0,011803493727186367;0,01107315127455237;-0,007596441464762266;0,010792129710006038;-0,004317485555060008;-0,015335814257036812
-0,009608431062311329;0,009960048240405193;-0,011913927019822274;-0,004543684547030774;-0,0011458634178888039;-0,007032345283709815
-0,00698168320903605;0,008543087547667524;-0,013059790437711077;-0,011576029830740589;-0,00215728193736138;0,010864893253413804
-0,004536682737642001;0,006649569774136964;-0,015217072375072457;-0,0007111365773267847;0,01522305174917965;-0,013679582419023034
-0,0025547234594775754;0,0042336603830979615;5,9793741071928475e-06;-0,014390718996349819;0,0011027814032136263;0,017542724662596723
-0,0006012096444062216;0,0012090680970560602;0,0011087607773208191;0,0031520056662469043;0,009889063972614437;-0,002037353641400591
0,0007766754108111396;-0,0018152850140215533;0,010997824749935256;0,0011146520248463132;-0,007418375355813786;0,03068295915792514
0,002280640692678377;-0,004795287694006334;0,00357944939412147;0,031797611182771454;0,00794388927357964;-0,011038510987025144
0,0038291920555394666;-0,007335377383993705;0,01152333866770111;0,02075910019574631;-0,0009061474489950316;-0,005296122062045522
0,006649647865711415;-0,009732289098216216;0,010617191218706079;0,015462978133700789;0,004709114990180507;-0,010112022285720834
0,010300467683713215;-0,011668267265730684;0,015326306208886586;0,005350955847979955;0,0066201833729600534;-0,04513141562414458
0,014569806627063047;-0,013179557784496908;0,02194648958184664;-0,03978045977616462;-0,024194132776475585;-0,01649120203286053
0,019053183804332078;-0,014077796054907667;-0,0022476431946289455;-0,05627166180902515;0,021516294603946107;-0,014642853906054076
0,02194534259055452;-0,014098174742044563;0,01926865140931716;-0,07091451571507923;-0,0131343950542408;0,02168410226857026
0,02258663490441596;-0,014208459156966616;0,006134256355076362;-0,04923041344650897;0,0001176897645639996;0,019566556911649102
0,02039134658967423;-0,013547997515515981;0,006251946119640361;-0,029663856534859867;-0,012411866229679325;0,006503632923760216
0,01622684173707214;-0,012642165619862294;-0,006159920110038963;-0,02316022361109965;-0,011098849966335533;0,040614697860699794
0,010875782623075658;-0,01148625587942299;-0,017258770076374497;0,017454474249600144;0,0151374103093313;0,019299404176544355
0,0045983145646351885;-0,010576742943385247;-0,002121359767043196;0,0367538784261445;0,002160267694033935;0,017953820702851536
-0,0009809745238212753;-0,010357580810402483;3,890792699073886e-05;0,054707699128996035;-0,007771460552020715;-0,004279644408775901
-0,005090108475231959;-0,010223273068101446;-0,007732552625029976;0,05042805472022013;0,012398562610673625;-0,01346537253353075
-0,0070109344614828015;-0,01008740900872078;0,004666009985643649;0,03696268218668938;-0,00534262394133056;0,011377560395072234
-0,006914638258924839;-0,010260847054341314;-0,0006766139556869111;0,04834024258176162;0,006159069329710221;-0,010970329116417266
-0,005339834768899301;-0,010247644700536102;0,0054824553740233095;0,03736991346534435;-0,004579283224932673;-0,020401226069266032
-0,0018314215756032978;-0,010261506904958365;0,0009031721490906364;0,01696868739607832;-0,001335161479182334;-0,019255734478452552
0,0031717881563064795;-0,010056070894419695;-0,0004319893300916977;-0,002287047082374233;0,008049362274486271;-0,04511989630178026
0,00885374538405939;-0,009814507997917402;0,007617372944394574;-0,04740694338415449;0,0031593104999924904;-0,02335774165874363
0,01444422072851733;-0,009590224674618775;0,010776683444387064;-0,07076468504289812;-0,00585870470798347;-0,010397618608564974
0,01813841833760909;-0,009061246433544366;0,004917978736403594;-0,0811623036514631;0,006171457212214182;0,008424945758676083
0,019002028544984926;-0,008101200854694474;0,011089435948617776;-0,07273735789278701;0,013204980294362637;0,018364659674476647
0,01661914660630224;-0,006944436126388438;0,024294416242980413;-0,05437269821831037;-0,012643427818608721;0,03303228456501822
0,011326770351908069;-0,005344093960137691;0,011650988424371692;-0,021340413653292145;-0,007907171327041676;0,07396310504126105
0,003859486168781485;-0,0027719751441677284;0,0037438170973300156;0,052622691387968906;-0,01517464257926382;0,028409203396613347
-0,004461414560476785;0,00026618320877710294;-0,011430825481933804;0,08103189478458225;0,006707336506975664;-0,01041987322983054
-0,010677407634216297;0,003454094245615135;-0,00472348897495814;0,07061202155475171;0,008904668239938351;-0,02303435772271306
-0,01365212491657252;0,006184772263175814;0,0041811792649802115;0,04757766383203865;-0,008940089769362253;-0,0038173882153761107
-0,013802361336738676;0,008726510721738167;-0,004758910504382041;0,04376027561666254;0,01034079310521907;-0,019331125345627073
-0,012049491203623284;0,01143549635089973;0,005581882600837029;0,02442915027103547;-0,016369174261014308;-0,03268606277733899
-0,00854621004584139;0,01395412555988601;-0,010787291660177278;-0,008256912506303518;0,0008968866515722818;-0,0291337975873895
-0,004065762877218078;0,016696030072905772;-0,009890405008604997;-0,03739071009369302;0,006683623924840731;-0,009380636892082309
8,440779115309325e-05;0,019006442919518442;-0,003206781083764265;-0,04677134698577533;-0,01860988363806182;0,017986723944790742
0,002738950055776544;0,020921239565786915;-0,021816664721826085;-0,028784623040984586;0,021451951502279853;0,01016315735323909
0,0035226384409689816;0,022707764968704813;-0,00036471321954623104;-0,018621465687745496;-0,01869337211874944;0,025468152707146995
0,003154941904522036;0,02362162378274967;-0,01905808533829567;0,006846687019401498;0,0190076526701638;0,00466490091427995
0,00204238674056527;0,024520894068012677;-5,0432668131872305e-05;0,011511587933681448;0,0011700871912816435;0,003325725667995421
0,001203699057384564;0,02465784093974386;0,0011196545231497712;0,01483731360167687;0,001050560536996259;0,013411068336969652
0,0008254748915511162;0,024792770504749765;0,00217021506014603;0,02824838193864652;0,01593317386566595;-0,0020264057327241576
0,0010407432697847432;0,02497248625068166;0,01810338892581198;0,026221976205922364;-0,03203039682913833;-0,012841464230252245
0,002385946925564231;0,0252390105990194;-0,01392700790332635;0,013380511975670119;0,013104924886445546;-0,028903567927204422
0,004780029629580613;0,026229670504389613;-0,0008220830168808035;-0,015523055951534304;-0,0007152824072588215;-0,023623478701202988
0,0077093328126238;0,02666325009362678;-0,001537365424139625;-0,03914653465273729;0,004377941451340184;0,008800172571550219
0,010017713757605615;0,027063946362188708;0,0028405760272005587;-0,030346362081187073;-0,0009137857774363933;-0,003776941623529928
0,010760233316477939;0,027403148013785055;0,0019267902497641654;-0,034123303704717;-0,008001688517190075;-0,002098720756332495
0,010288898392102779;0,027855972706469424;-0,00607489826742591;-0,036222024461049496;-0,009748923409235721;0,012623093918346845
0,008452631319538939;0,028385869009144356;-0,01582382167666163;-0,02359893054270265;-0,000937494653703852;0,026024773487037328
0,00516748326853312;0,028672769381122256;-0,016761316330365483;0,0024258429443346774;0,0007810743486816873;0,02289640828001785
0,0009383779958191943;0,02832671688603369;-0,015980241981683796;0,025322251224352527;-0,0034320806829758466;-0,0003043493952703813
-0,0031936935591213448;0,027310211737730503;-0,019412322664659643;0,025017901829082145;0,010025114795437218;-0,0021422343834411606
-0,006312875065087782;0,025654496910159964;-0,009387207869222425;0,022875667445640985;0,012270666511229766;-0,002468179353632166
-0,008431340497890934;0,023222289176003042;0,0028834586420073416;0,02040748809200882;0,01047749610459009;-0,0016437612299929905
-0,009634779232868446;0,020414593127077222;0,013360954746597431;0,018763726862015828;-0,010686701740940996;0,008412871433031405
-0,010021918444165605;0,017722235423831695;0,002674253005656435;0,027176598295047233;0,01191731802301832;-0,01974072524037218
-0,009658508580982132;0,015564315910450065;0,014591571028674755;0,007435873054675052;8,533422077428021e-05;-0,00972521425584004
-0,008208034785996769;0,013513366517294692;0,014676905249449035;-0,0022893412011649877;0,0027924017839530135;0,0038191825861638995
-0,006460126068824404;0,01204607996528631;0,01746930703340205;0,0015298413849989118;-0,018351214081819167;0,023343028424383655
-0,004803790999698638;0,01116586962325589;-0,0008819070484171188;0,024872869809382567;-0,01408035979815142;0,017816712806148494
-0,003086262275172916;0,010984431562561549;-0,01496226684656854;0,04268958261553106;0,014481576113244937;-0,03327608497359251
-0,0003738187582718912;0,010767717219930526;-0,0004806907333236021;0,00941349764193855;-0,012463291185799391;-0,033836790466754973
0,004046208063250376;0,00995251220343676;-0,012943981919122993;-0,024423292824816423;0,003274187440663129;-0,0078660409547322
0,008842774790450186;0,009118079557610051;-0,009669794478459864;-0,032289333779548623;-0,01433118412698546;0,028769926462948625
0,012662409804657338;0,007765887635018422;-0,024000978605445325;-0,0035194073165999984;0,020468649947052733;-0,004160404409192797
0,015190471467682546;0,006026903933288399;-0,0035323286583925917;-0,007679811725792796;0,012413769768989474;-0,018204981739137593
0,017577756838043752;0,0033278810873405623;0,008881441110596883;-0,02588479346493039;0,00796522629791021;0,006227355084173325
0,019657849739373248;0,00048756509505702185;0,016846667408507092;-0,019657438380757064;0,0027412526493953843;0,010514126833891302
0,02070255090210553;-0,0019974932528026433;0,019587920057902476;-0,009143311546865762;-0,009268062276464838;0,034923311651281486
0,020960954529607525;-0,0038086849043220245;0,010319857781437639;0,025780000104415723;0,008785861265895409;-0,006664800136612414
0,020853625695234895;-0,0048363597535253065;0,019105719047333047;0,01911519996780331;0,0026908186201704126;-0,015228683582952707
0,021777496865038888;-0,005451240291471084;0,02179653766750346;0,0038865163848506024;-0,008100647372000044;-0,004270879420544604
0,023465976033555016;-0,005301892067523538;0,013695890295503416;-0,000384363035694002;-0,0054232156106316515;-0,011989361394549314
0,025309915857465167;-0,0042806823368758545;0,008272674684871764;-0,012373724430243316;-0,008563901650901685;0,010300994783571493
0,02713848115994756;-0,0027116369944080346;-0,0002912269660299213;-0,0020727296466718226;0,0074498077923283515;-0,00798664494177248
0,02847209748522022;-0,0008116846645453435;0,00715858082629843;-0,010059374588444303;-0,01102604866370261;-0,03235097316679991
0,029722804624626006;0,0010766185866761505;-0,00386746783740418;-0,042410347755244215;-0,022090781180499126;0,005718149665347005
0,030571136780494022;0,0032512650709495814;-0,025958249017903307;-0,03669219808989721;0,0021846329674053144;0,03586600486903557
0,029723055026152266;0,005271212841726846;-0,023773616050497992;-0,0008261932208616374;-0,0014425164905340349;0,01683793325858529
0,027407285348214627;0,006252830651787978;-0,025216132541032027;0,016011740037723654;0,01390505720284807;-0,02621606985922975
0,02505846794144252;0,006283503819829189;-0,011311075338183957;-0,010204329821506097;0,0028792892822994617;0,00925245901140187
0,023350120136179358;0,00530553168622912;-0,008431786055884495;-0,0009518708101042272;0,01765143556487471;-0,006826154113750149
0,02123359913805595;0,003875116539101693;0,009219649508990214;-0,007778024923854376;0,0009872272064805204;-0,003101546960303514
0,019079003307528375;0,0021074299497388857;0,010206876715470735;-0,01087957188415789;0,010866524204671983;-0,0005187176496618817
0,016613286480046625;0,0007085293407356872;0,021073400920142718;-0,011398289533819772;-0,024679523753509798;-0,015137737654183497
0,013712386777198559;-0,00028209619964868194;-0,003606122833367081;-0,02653602718800327;0,01622529685569251;0,025338218687939326
0,010355555492997704;-0,00042978570322734237;0,012619174022325428;-0,0011978085000639432;-0,005707309308795984;0,006438158667975966
0,005937283121276717;-0,000721720120140686;0,006911864713529444;0,005240350167912022;-0,02670303729821141;0,022636064675765413
0,0014710984095531714;-0,0005088875761610125;-0,019791172584681965;0,027876414843677436;0,010361181740586565;0,004427930731269972
-0,0027854722954538925;-1,958044364016128e-05;-0,0094299908440954;0,03230434557494741;-0,004446528913216025;-0,03564105320365682
-0,005926986406713859;-0,0003219202145065886;-0,013876519757311426;-0,003336707628709412;0,026312664059611926;-0,01343398774577706
-0,007776326694975929;-0,001001459619136832;0,0124361443023005;-0,016770695374486472;0,005334231621152263;0,0036826661129898686
-0,009759135288386376;-0,0022360598140595323;0,017770375923452764;-0,013088029261496603;-0,011907987782843105;-0,0045676360259304105
-0,012412771696776282;-0,002973214236890213;0,005862388140609659;-0,017655665287427014;0,014570487615464485;0,002675598187918793
-0,015589929275626052;-0,0029995536227827827;0,020432875756074144;-0,01498006709950822;-0,009389041530747474;0,008223749854806062
-0,0194733134659729;-0,0027913974830509657;0,01104383422532667;-0,006756317244702159;0,00921515935512645;0,027673030902207074
-0,023955900340300082;-0,0017659263130761836;0,02025899358045312;0,020916713657504915;-0,014239329698114367;0,028898123873361103
-0,028708739904415345;-0,00029870177408833424;0,006019663882338752;0,04981483753086602;-0,021403699280441252;-0,0011846673261781682
-0,03262491092223042;0,0019788825081176395;-0,0153840353981025;0,04863017020468785;0,017491091181178448;-0,024955903225297726
-0,034548488438810844;0,004497253345617163;0,002107055783075948;0,023674266979390124;-0,005965456674943151;-0,026142480297393744
-0,034526859147203756;0,0064002627671925875;-0,003858400891867203;-0,0024682133180036203;-0,008762041934709863;0,009171176094831646
-0,033558259176421065;0,008387554420091049;-0,012620442826577066;0,006702962776828025;0,005150667812072934;0,014624908138147763
-0,03268838773835852;0,010220510037314823;-0,007469775014504132;0,02132787091497579;-0,013206700162247065;-0,01220356013300583
-0,031550397789222855;0,011548647941475514;-0,020676475176751197;0,009124310781969958;0,004419647903754986;-0,0006171907125798182
-0,029559293003488155;0,01257799484505604;-0,01625682727299621;0,00850712006939014;0,0026360057371185297;0,0029610582549007836
-0,027203215786474656;0,012780282741566519;-0,01362082153587768;0,011468178324290923;-0,00676422542857491;0,020604119927407516
-0,024506853766685554;0,012332297547157147;-0,02038504696445259;0,03207229825169844;0,03314792501202832;-0,013073913276724136
-0,021351764613924816;0,01133947949131267;0,012762878047575726;0,018998384974974303;-0,01472080350905211;-0,009639707290890892
-0,016913783531096137;0,009531259556890088;-0,001957925461476384;0,00935867768408341;0,015605946781374475;-0,027428857782803837
-0,01171586704926849;0,008233554744370536;0,01364802131989809;-0,018070180098720426;-0,02396376939956539;-0,012886720208749952
-0,006143603460077504;0,0068575329133919284;-0,0103157480796673;-0,030956900307470378;0,012488505687797455;0,01908444741282478
-0,0012941470748353352;0,006027431935209245;0,0021727576081301547;-0,0118724528946456;0,015343656646595885;-0,00037216295156453083
0,0023170332981080183;0,004784701033839868;0,01751641425472604;-0,01224461584621013;-0,011493330124466086;-0,0040981188065549595
0,005453315555265548;0,0036288804367956987;0,006023084130259954;-0,01634273465276509;-0,004698425755533739;-0,010866903906771447
0,008099813178574672;0,0031737164099405702;0,0013246583747262147;-0,027209638559536536;-0,0029620333939017057;0,02275853227722266
0,010092601415773193;0,0029594757482958403;-0,001637375019175491;-0,004451106282313877;0,02008316611666376;0,007707998253131121
0,010997004110590252;0,0027982214216401586;0,01844579109748827;0,003256891970817244;-0,01469246054930333;0,004098732872493238
0,011723362554114755;0,0025714720942174576;0,003753330548184941;0,007355624843310482;0,0001795042628590232;-0,00010905414951428716
0,01257999667647195;0,003082554410694287;0,003932834811043964;0,007246570693796195;0,009456972669524485;-0,004878456339460602
0,013730855792561563;0,0037437699490985143;0,01338980748056845;0,002368114354335593;-0,005174735692700036;-0,01107715836184997
0,015171577736403024;0,0045622988799445;0,008215071787868414;-0,008709044007514377;-0,0009905315858760727;-0,028029946661094374
0,016707024254417908;0,005916420110013224;0,007224540201992341;-0,03673899066860875;-0,016077012448173472;0,012905212698109958
0,017894109012132217;0,007599144211596684;-0,008852472246181131;-0,023833777970498793;0,023980177156388616;0,012733337323792282
0,017611634143102177;0,009570849921259839;0,015127704910207485;-0,011100440646706511;-0,01542765115790723;0,017811075371101825
0,016375808155252185;0,011188456741075747;-0,000299946247699745;0,006710634724395315;-0,007213019098841422;0,005462806368696449
0,014695964541533933;0,013411171757299957;-0,007512965346541167;0,012173441093091764;-0,0012885305311964301;-0,010572289886654263
0,013284546316791492;0,015621888923616175;-0,008801495877737597;0,001601151206437501;-0,0021294392745862534;0,0198172641095406
0,012360065735772722;0,017532087476070747;-0,01093093515232385;0,0214184153159781;0,02641983178648427;0,009695182630565236
0,011499631203011453;0,019090226193415813;0,01548889663416042;0,031113597946543337;-0,031371806610283826;-0,026266463195782463
0,011495933282889307;0,020211127504667928;-0,015882909976123405;0,004847134750760873;0,006934334976407608;-0,030120648901677705
0,012736779280628895;0,021951584681286457;-0,008948574999715797;-0,02527351415091683;-0,021504271791477847;-0,011359271181498487
0,01417151066839892;0,023056725458860054;-0,030452846791193644;-0,03663278533241532;0,011499145360814866;0,014526826879475152
0,01459530149013227;0,023803923236445014;-0,018953701430378778;-0,022105958452940166;0,0072267008323871895;0,013192198777649905
0,013553780898569005;0,023333007142382234;-0,011727000597991588;-0,008913759675290261;0,0041201166402494716;-0,01803459773028593
0,011628021968888137;0,022103942991104297;-0,0076068839577421166;-0,02694835740557619;0,00924665554123505;-0,00748220703333799
0,009345712652195656;0,0204057988159067;0,0016397715834929327;-0,03443056443891418;0,008953418929831813;0,013949736984956107
0,005985469039280128;0,018403379282399417;0,010593190513324746;-0,020480827453958073;-0,0021762170791292945;0,017195568352704
0,001248002848808033;0,016466550612231852;0,008416973434195452;-0,0032852591012540733;0,02512022326768143;0,0137382436141818
-0,004308696439822385;0,014953449562597277;0,03353719670187688;0,010452984512927727;-0,011985945142013621;-0,0007524951497223931
-0,009996806092502966;0,013777027450330518;0,02155125155986326;0,009700489363205334;-0,010255178982171265;0,027690196987617932
-0,015266796364666437;0,013942093206138838;0,011296072577691996;0,037390686350823266;-0,006903712917851745;0,02183820294063471
-0,020148767062301697;0,014969209024341686;0,00439235965984025;0,059228889291457976;-0,014552370495395484;-0,007544431123627904
-0,023535110305904022;0,016448167745652213;-0,010160010835555233;0,05168445816783007;0,024770202752249948;-0,001187993789048769
-0,024552297977848032;0,018102820853356353;0,014610191916694715;0,0504964643787813;-0,008899756766985845;-0,02764525266762441
-0,02350210732307884;0,01935107352763828;0,00571043514970887;0,022851211711156894;-0,017937806482210716;-0,0019885464876653325
-0,02043205809315839;0,021183733878588;-0,012227371332501846;0,02086266522349156;-0,00943941517548319;-0,030162288471515614
-0,01644796039479167;0,02324481163552607;-0,021666786507985036;-0,009299623248024053;0,015150023628645148;-0,02289707077089667
-0,011629356087485285;0,024816794539164067;-0,006516762879339888;-0,032196694018920724;0,0007663781949006632;-0,01023010871985136
-0,007182736710099863;0,025522105982482668;-0,005750384684439225;-0,042426802738772085;-0,019495886158250486;0,003652614178003541
-0,00402398509347127;0,025966746910627666;-0,02524627084268971;-0,038774188560768544;-0,0001921915499899507;0,009174986461760862
-0,0025623055863935595;0,0261813724513951;-0,02543846239267966;-0,029599202099007682;0,00819108725893447;0,004718591427431654
-0,002651593621746591;0,025386147158454945;-0,01724737513374519;-0,02488061067157603;0,011591765289263978;0,013925977479119514
-0,003924849741059931;0,0235733833698076;-0,005655609844481213;-0,010954633192456514;-0,007782586052742457;0,020346357112296265
-0,006193330287236311;0,02107072457581045;-0,01343819589722367;0,00939172391983975;0,013430892768332259;0,008060716690099279
-0,008899996161110951;0,018341841388034054;-7,303128891411603e-06;0,01745244060993903;0,01944725729050345;0,003396293586518301
-0,011230993078192003;0,015075430364368708;0,01943995416161204;0,02084873419645733;-0,0022535815087735;0,033381089533258856
-0,012863892370875492;0,011808727215547706;0,01718637265283854;0,05422982372971619;-0,004661803503979434;-0,015018592647979001
-0,013662842295700688;0,009319622233191185;0,012524569148859105;0,039211231081737186;-0,005455364231838289;-0,024164249458161507
-0,012292599271337237;0,0075179721569482065;0,007069204917020816;0,015046981623575678;0,00011066352824401493;-0,020445826194038744
-0,009353907003704299;0,006217304846659592;0,007179868445264831;-0,0053988445704630655;0,011691446677218761;-0,00345941011488006
-0,005813335471128333;0,00519940573305181;0,018871315122483592;-0,008858254685343125;-0,005594204571349751;0,0004830813006516249
-0,0024887177213708893;0,004468701357254621;0,013277110551133842;-0,0083751733846915;0,007689375501339371;-0,046171442376767124
0,0004815698409728285;0,004492849586356776;0,020966486052473213;-0,054546615761458625;-0,013908515463461626;-0,0005022301011415528
0,0031168504679288866;0,005048082237504285;0,007057970589011586;-0,05504884586260018;0,013546461062421022;0,014727229763672578
0,0035702664644266;0,006441974330750722;0,02060443165143261;-0,0403216160989276;0,011429604010649547;0,0280132524935335
0,0018217286264203057;0,008118185247557622;0,032034035662082155;-0,012308363605394099;-0,023992447151026802;0,014296503431848434
-0,0015396738555430928;0,010618573430421828;0,008041588511055353;0,0019881398264543354;-0,0050201172612041045;-0,0021968450943953416
-0,005393410881722255;0,01440032303976932;0,0030214712498512486;-0,0002087052679410062;-0,015348377986960704;0,01299761843105468
-0,009167622314843244;0,018503736189559025;-0,012326906737109455;0,012788913163113674;-0,009636094411948681;0,012380866067627644
-0,012950181958681872;0,02272800818934278;-0,021963001149058137;0,025169779230741318;-0,019990584198141703;0,033773859809405726
-0,016221185075995955;0,026459203919642155;-0,04195358534719984;0,058943639040147044;0,003956578912691411;-0,0038326721873284675
-0,018485397024080384;0,02931187960397921;-0,03799700643450843;0,05511096685281858;-0,002445862099196505;-0,030982044830502542
-0,018391863410558932;0,030486411874428264;-0,040442868533704934;0,024128922022316035;0,015251517373798484;-0,04097957457548135
-0,016093891122924735;0,03014106388749699;-0,02519135115990645;-0,016850652553165313;0,00600153527021885;0,00988215965291478
-0,012830761954397899;0,028178001159217512;-0,0191898158896876;-0,006968492900250534;0,021607102923822064;0,013317263998215256
-0,010241658887997673;0,025207284384541777;0,0024172870341344632;0,006348771097964723;-0,0011991606667390298;-0,010024416049615306
-0,00793129553760747;0,021468974974278535;0,0012181263673954335;-0,0036756449516505835;0,00039018648092037367;-0,013752975735573103
-0,005366981343298678;0,017827357045380677;0,0016083128483158071;-0,017428620687223687;0,018587026424182196;-0,0011317845673843342
-0,0029496929470559092;0,014234464171178634;0,020195339272498003;-0,01856040525460802;-0,01420778711530249;0,022630445570613347
-0,0012295493783020877;0,010705903810909223;0,005987552157195514;0,0040700403160053265;0,009634283752555081;-0,007378925386474226
-0,00025182201973258716;0,007985157021539733;0,015621835909750595;-0,003308885070468899;-0,010724976296098601;-0,01162147593785115
0,0008887069514771264;0,005503912318458063;0,004896859613651994;-0,01493036100832005;0,01787985503256598;-0,007348651381184811
0,0018968805198680842;0,003647541051766417;0,022776714646217975;-0,02227901238950486;-0,0006816661760410368;-0,01038338312008348
0,00230783964792624;0,0019870441696208507;0,022095048470176938;-0,03266239550958834;-0,013366266329069797;0,03341392427500591
0,001827638280404201;0,0012376158733240035;0,00872878214110714;0,0007515287654175709;-0,0006152585226862871;0,025301310114786188
4,094109249862867e-05;0,001371989515834234;0,008113523618420854;0,02605283888020376;-0,006104119683372038;0,02058650156822809
-0,0017156949447902409;0,0018555144439887498;0,002009403935048816;0,04663934044843185;-0,009176956973720167;0,01881153588286541
-0,00243021742687096;0,0026635803168801;-0,007167553038671351;0,06545087633129726;0,006267947518082129;-0,009776792134000664
-0,0012791662910144053;0,0035520223471734026;-0,0008996055205892223;0,055674084197296594;0,00015592459910426792;0,007755540679858522
0,0024899198980940403;0,004153762255919851;-0,0007436809214849543;0,06342962487715512;0,0036090886988390802;-0,04260126197976466
0,00848596945509435;0,004719517943842731;0,002865407777354126;0,020828362897390457;0,0047890445630476425;-0,04256324531456776
0,017019204007180863;0,005255526394906213;0,007654452340401768;-0,021734882417177304;-0,005484620037170096;-0,01554406140855008
0,026385573075162996;0,005906151157063859;0,0021698323032316724;-0,037278943825727384;0,014614240159491393;-0,027847924765647236
0,034882546846458036;0,006862954012837577;0,016784072462723065;-0,06512686859137462;-0,009427574071203898;-0,0022304616663015864
0,04188836286472398;0,007906550160740562;0,007356498391519167;-0,0673573302576762;-0,0018977078900822286;-0,014177685432113174
0,046289104139334944;0,009621509207152467;0,005458790501436939;-0,08153501568978938;-0,006150585997676761;0,03160014102366371
0,04799555220363885;0,011630728189225142;-0,0006917954962398221;-0,04993487466612567;-0,006582762494242278;0,029092075386088934
0,04644059964035119;0,013858298791355292;-0,0072745579904821;-0,02084279928003674;0,004742011205470409;0,013651054773805793
0,042888252090418494;0,01605819757363585;-0,002532546785011691;-0,007191744506230946;-0,0008910028192193886;0,015224512178820482
0,03850219256928434;0,017967114036297124;-0,00342354960423108;0,008032767672589536;-0,005784345550532977;0,0053991049907647914
0,03382846326790094;0,01977472862755793;-0,009207895154764056;0,013431872663354327;-0,00015797538444262127;0,01558847939180985
0,029476044673421124;0,021445401234649494;-0,009365870539206678;0,029020352055164178;0,012377455459255504;0,0001574349028663491
0,02566090098547548;0,022747758035550496;0,0030115849200488265;0,029177786958030527;-0,011110143829025754;-0,0012844965467617708
0,023006571379736402;0,02367548001488323;-0,008098558908976927;0,027893290411268756;0,001792041325765048;-0,018574303438231188
0,021519353252318546;0,02472366539101792;-0,006306517583211879;0,009318986973037569;-0,01535482068152394;-0,023716691030648107
0,021147866741351443;0,025447908410793526;-0,02166133826473582;-0,014397704057610539;-0,004439996269149482;0,009649259471711968
0,02114913970930584;0,02591989072724066;-0,0261013345338853;-0,00474844458589857;0,014829372300865451;-0,008780083424080432
0,020574504514955815;0,025525419513098366;-0,01127196223301985;-0,013528528009979002;0,004653618019232142;-0,0016479002980450685
0,01980993153716985;0,024086894917600653;-0,006618344213787708;-0,01517642830802407;0,005405484946183758;-0,00886871464553074
0,018504217438984723;0,022197491832782152;-0,0012128592676039496;-0,02404514295355481;0,0025505054325284937;0,006006517295822189
0,016591446208478633;0,020043354979412138;0,0013376461649245441;-0,01803862565773262;0,0013598031737408478;0,018061502253264694
0,013716869259830351;0,01784070375533797;0,002697449338665392;2,2876595532073107e-05;0,007185809181288194;-0,006757353397283866
0,010120747284872765;0,01569155837786078;0,009883258519953586;-0,006734476801751793;-0,006945576825093613;0,01238692225032606
0,006525540373736461;0,013650310973930206;0,0029376816948599727;0,005652445448574267;-0,0033542343499521343;0,03112273149661811
0,002660954390530085;0,012004393910797778;-0,00041655265509216166;0,036775176945192375;-0,021004614706325447;0,002525905465732059
-0,00097753377473332;0,010475984115459747;-0,02142116736141761;0,039301082410924434;0,014885931601942001;-0,006603940833563429
-0,00314501486218903;0,00893091221391803;-0,006535235759475608;0,032697141577361005;0,0061531560157613435;-0,029629455954157988
-0,0037404526532077626;0,006528993617919608;-0,00038207974371426423;0,0030676856232030175;0,0005810993942620551;0,012075708518139203
-0,003028004781132055;0,003865665591542163;0,00019901965054779092;0,01514339414134222;0,013581767264498952;-0,023983570121410357
-0,0021928494841282264;0,0011870543754161468;0,013780786915046743;-0,008840175980068136;-0,002443420533864357;-0,04202594727641506
-0,0007519584214707093;-0,0014835960546879575;0,011337366381182386;-0,050866123256483195;0,008943205924348767;-0,0008411254983841168
0,0003353256019840825;-0,0036030150081901927;0,020280572305531153;-0,05170724875486731;-0,002672349610781971;0,006003450748139912
-0,0006120353048204536;-0,005268939306445132;0,01760822269474918;-0,0457037980067274;-0,0063342676370495565;0,019608973290808532
-0,0036276861618196824;-0,006123640712478826;0,011273955057699625;-0,02609482471591887;-0,0023040956343181873;0,023547162801602517
-0,008471488939088006;-0,006274013210722551;0,008969859423381438;-0,0025476619143163515;-0,008818096137890877;0,020675976704917692
-0,014359084704993086;-0,005973427506658292;0,00015176328549056095;0,01812831479060134;-0,01106730907629526;0,023100297500000033
-0,02034858694747082;-0,005314047425658775;-0,010915545790804698;0,041228612290601374;0,017408161370876987;-0,0277943760982704
-0,0256129565983245;-0,004648596813239637;0,006492615580072289;0,013434236192330973;0,011299622250816418;-0,013468650330603849
-0,029228181757554123;-0,004419768032452686;0,017792237830888707;-3,441413827287576e-05;-0,00331179500534904;-0,00962414823694202
-0,03230603746909051;-0,003931234628462843;0,014480442825539667;-0,009658562375214896;-8,343543445430562e-05;0,002126929540736122
-0,03538526974615781;-0,002731011711237452;0,014397007391085362;-0,007531632834478774;0,005067281566926048;0,01997383537856945
-0,03885084451823371;-0,0009515710809904745;0,01946428895801141;0,012442202544090675;-0,0012546050842287201;-0,006775249487021906
-0,042617684603688755;0,0014037498448999175;0,01820968387378269;0,005666953057068769;-0,0031959682316910765;0,02426984727845971
-0,04588683658738017;0,004537642329110766;0,015013715642091613;0,02993680033552848;-0,015055001210895563;0,011351201039575098
-0,04892931044878884;0,008399922168272922;-4,12855688039504e-05;0,04128800137510358;-0,011141821147838626;0,0036835472904930278
-0,050774312296776376;0,012862750633118742;-0,011183106716642577;0,044971548665596606;0,005772987312613942;-0,023731066162717473
-0,050967794089759766;0,017323927675212406;-0,005410119404028635;0,021240482502879132;-0,0049789689077561206;-0,027130100038217142
-0,04936241393611929;0,021337780448640365;-0,010389088311784755;-0,00588961753533801;-0,002633522107355457;0,013803706628799484
-0,046907414482363644;0,02513522844590718;-0,013022610419140213;0,007914089093461474;-0,004406927046387565;-0,020949467854598725
-0,04468799973002152;0,0285171129107026;-0,017429537465527778;-0,01303537876113725;0,013513835453550338;-0,010637728494206189
-0,04215202141394094;0,031378092958732416;-0,00391570201197744;-0,02367310725534344;0,013258837380584199;0,009148512031852296
-0,040137458248305856;0,033541891508141124;0,009343135368606759;-0,014524595223491144;-0,00041669049610149056;0,021232618111682422
-0,0390698193728845;0,03554906197707073;0,008926444872505268;0,0067080228881912785;-0,006618608815963545;0,023788807687919467
-0,038583164306402795;0,03792995786074461;0,0023078360565417233;0,030496830576110745;0,0008774674659687287;-0,009046581055997094
-0,037828188324393434;0,040667911539318695;0,003185303522510452;0,02145024952011365;-0,0004519162739242688;-0,015733988475397087
-0,03585333911933965;0,04349817866015445;0,002733387248586183;0,005716261044716564;-0,009226331314303948;0,01356093198994901
-0,03302047993348131;0,04645585792189062;-0,006492944065717765;0,019277193034665574;-0,012826853867968557;0,021804713798327047
-0,029958970305834318;0,049522872673570244;-0,019319797933686322;0,04108190683299262;0,003984235671670389;-0,017337979277069482
-0,026126372956800696;0,05233016966262116;-0,015335562262015934;0,02374392755592314;0,002863329448142382;-0,031248758834668572
-0,020650499334447372;0,05436467473432462;-0,012472232813873552;-0,007504831278745433;0,0056077546086990004;-0,01610712023353897
-0,014224868609857121;0,05578575731554744;-0,006864478205174551;-0,0236119515122844;0,006736382234472593;0,011102632918147698
-0,00809943113641669;0,05670795058421532;-0,000128095970701958;-0,012509318594136704;-0,014298188466735917;-0,00626611674138311
-0,0029184717234676328;0,05735556472467621;-0,014426284437437875;-0,018775435335519813;0,011362753215850674;-0,01765451765631515
0,001762114945715956;0,05799805502630903;-0,0030635312215872013;-0,03642995299183496;0,00026601817569682495;-0,008871056297393876
0,005691684201478752;0,058063493950444335;-0,0027975130458903763;-0,04530100928922884;-0,009567064021756666;0,028232084497845394
0,008164055337568149;0,05800639162571616;-0,012364577067647042;-0,017068924791383444;-0,0003609169275371471;-0,013907902749557555
0,008824386102088393;0,05783738877915235;-0,01272549399518419;-0,030976827540941;-0,0034366835160040132;0,01207146521000127
0,008801959874953299;0,057173802849882674;-0,016162177511188203;-0,01890536233093973;0,005434622490111174;0,020860507602153966
0,007540460546180565;0,05600119716080562;-0,010727555021077029;0,001955145271214237;-0,013946712585163556;0,01859647715092251
0,005522746724170242;0,05418210437128105;-0,024674267606240585;0,020551622422136748;-0,005691491391742076;0,009053774136016546
0,003583238713008489;0,051933909380913384;-0,03036575899798266;0,029605396558153294;0,010069854414170298;-0,009954768952210605
0,002465795598732205;0,048698743686296106;-0,020295904583812363;0,01965062760594269;0,01160791589598098;0,012089455432010995
0,0025325683467820534;0,04424894763175952;-0,008687988687831383;0,031740083037953684;0,0071440847796064855;-0,009770244852925047
0,003385366199069609;0,03898731539387044;-0,0015439039082248973;0,021969838185028637;0,002999561767676351;-0,008346131899031176
0,005507767372875312;0,0333781636084681;0,0014556578594514535;0,013623706285997461;0,004300788712454706;-0,018631487093318355
0,00850896207408216;0,027707255666736767;0,00575644657190616;-0,005007780807320894;0,016781734403026993;-0,001241460397181815
0,012055105026728907;0,02209457403938349;0,022538180974933153;-0,006249241204502709;-0,0024669462317368773;-0,004790088368808065
0,015400936747082818;0,01671215027490646;0,020071234743196276;-0,011039329573310774;-0,018873095117871747;-0,016749205088971653
0,018496798819256623;0,012231253749426758;0,0011981396253245291;-0,027788534662282427;-0,010138743321639138;0,022595200215355937
0,021151087708497995;0,008553206613674907;-0,008940603696314608;-0,00519333444692649;0,0027371557067388946;0,0007943333936613062
0,02269383521124807;0,0049230850629360355;-0,006203447989575714;-0,0043990010532651835;0,015375044350295228;0,010431119770512476
0,024028849336121084;0,0009353393643445809;0,009171596360719514;0,006032118717247292;-0,0024711197447012806;-0,001389219070991432
0,02518790341886349;-0,003300544253829903;0,006700476616018233;0,00464289964625586;0,003048825237592964;-0,008872544445512665
0,02658824225029579;-0,007169564017575606;0,009749301853611197;-0,004229644799256804;0,012154869344701696;0,015740530566983657
0,028174297067578326;-0,01077056471668058;0,021904171198312894;0,011510885767726853;0,001692066215376875;-0,015413327996779191
0,029591166092890586;-0,013981593341641107;0,02359623741368977;-0,0039024422290523386;0,0011972185949463143;-0,02739414035613852
0,03146847054891192;-0,016316455118669117;0,024793456008636083;-0,03129658258519086;0,003177531789379351;-0,010095528422364719
0,03318967731577117;-0,017707467399149534;0,027970987798015434;-0,041392111007555576;-0,021283058347800088;-0,008877949349310854
0,033659020779222774;-0,01810674143928451;0,006687929450215346;-0,05027006035686643;-0,0040313812906006;0,03147633944556294
0,03247267980237216;-0,01738717596749887;0,0026565481596147467;-0,01879372091130349;-0,0031070426040711308;-0,0027940694232840846
0,029275536411246885;-0,016400093317704614;-0,0004504944444563841;-0,021587790334587575;-0,011634302586483458;0,0021669412629009566
0,025326644183669474;-0,01530674874152577;-0,012084797030939842;-0,01942084907168662;-0,0008460293886415893;0,02048596440192113
0,02051424034270856;-0,014231423943125179;-0,012930826419581432;0,0010651153302345118;-0,016374364347629344;0,010498301172231744
0,01492500253888018;-0,013639491025962182;-0,029305190767210776;0,011563416502466256;0,007301949016872644;0,021185448004305718
0,00937836934826118;-0,013564791165582443;-0,02200324175033813;0,032748864506771974;0,01792377635787462;-0,001481894292115829
0,004294272817740831;-0,014662298935891136;-0,0040794653924635105;0,031266970214656145;-0,002776173334324783;0,006964560483078648
0,000520130867491361;-0,016639936376213353;-0,0068556387267882934;0,03823153069773479;0,020243298942659638;-0,005737079608882714
-0,002003332274171863;-0,01878075243223411;0,013387660215871344;0,03249445108885208;-0,003083620607102766;0,003707985507927808
-0,002997534187925696;-0,021195794037326403;0,010304039608768578;0,03620243659677989;-0,0009916674214540677;0,012831892633031944
-0,002691958058125445;-0,023075329233783838;0,00931237218731451;0,04903432922981183;0,023215506482737958;-0,015230067999932102
-0,0009382844644539986;-0,02454270284589053;0,03252787867005247;0,03380426122987973;-0,024622224423558214;-0,018676218664257616
0,0027767622984099204;-0,025637581570504643;0,007905654246494254;0,015128042565622113;0,013544979519660383;-0,031088913281358294
0,007843979510469029;-0,025431345148316655;0,021450633766154636;-0,01596087071573618;-0,012035037057623765;0,013910311298474781
0,013516318425153023;-0,0249088825562689;0,009415596708530871;-0,0020505594172613995;0,008181550453955688;-0,009773817685067743
0,018550222511207567;-0,023528394613574956;0,01759714716248656;-0,011824377102329142;-0,0017546151715727154;-0,026289628907725404
0,023502104220571658;-0,02177128280253978;0,015842531990913844;-0,038114006010054546;-0,021717151612678454;0,01640182174325322
0,027981010845842584;-0,01931028510500514;-0,00587461962176461;-0,021712184266801327;-0,0057474670488338875;-0,0022759151319328152
0,030935357230711325;-0,01621558612783395;-0,011622086670598497;-0,023988099398734142;0,005415116629529482;0,013201174859084785
0,03302121624490802;-0,01335587193553334;-0,006206970041069015;-0,010786924539649356;0,007087739425549244;-0,020977606301709306
0,03414755128315534;-0,01096104121005667;0,0008807693844802289;-0,03176453084135866;0,0028906052494221818;-0,013072721873109594
0,034842409339816686;-0,008814489286222763;0,0037713746339024107;-0,044837252714468256;-0,00538721232951922;0,011602755776312645
0,03426668616282369;-0,006632706587009644;-0,0016158376956168091;-0,03323449693815561;0,010193743218138138;-0,009597127032791586
0,03189747287725196;-0,004300068902440431;0,008577905522521329;-0,0428316239709472;-0,0007325628051472466;0,013277434158733947
0,02819887971415401;-0,0020320647256958898;0,007845342717374082;-0,02955418981221325;-0,0003230468788894131;0,00584398831000596
0,02278702159221817;0,0005790556719495051;0,007522295838484669;-0,02371020150220729;-0,003893517053760537;0,002440025537696705
0,0161929958777938;0,003503989778289863;0,003628778784724132;-0,021270175964510585;;
0,00865056210328114;0,006729815718169607;;;;
0,00025732129018805476;0,010100792809438318;;;;
