y;x;acc_x;acc_y;jerk_x;jerk_y
-0,0034972041000277364;0,01332679756242823;0,006881113076302625;0,012849067367968356;-0,0026842299073726594;-0,0059368009210708644
-0,0025580955878306503;0,0123622376064927;0,004196883168929966;0,0069122664468974915;-0,001334034617338553;-0,00905245073295459
-0,0011050243809148303;0,011672922173609273;0,0028628485515914126;-0,002140184286057098;-0,001689940683934521;-0,009566976359047526
0,0006245374838768898;0,011151482067483046;0,0011729078676568916;-0,011707160645104624;-0,001487018906558557;0,008180320201929062
0,002268491977226326;0,010744555903420473;-0,0003141110389016655;-0,003526840443175562;0,0007086900102208638;0,004335286355831504
0,003444160044771577;0,01038454605406418;0,0003945789713191983;0,0008084459126559418;0,0027960413430807574;-0,0062313551767603365
0,0044787544945898055;0,010011971763151817;0,0031906203143999556;-0,005422909264104395;0,0011956797213080739;-0,0022503432348749824
0,005545686780914272;0,009655180631092223;0,0043863000357080295;-0,007673252498979377;0,004066950286081089;-0,0005427676998055464
0,006395702696674562;0,009426014311608628;0,008453250321789119;-0,008216020198784924;0,00012210138998769438;0,007372099245146063
0,006938788512475678;0,009372299993553353;0,008575351711776813;-0,0008439209536388603;-0,0013869483848840958;-0,005056452646540671
0,007153233520325396;0,009656715688369642;0,007188403326892717;-0,0059003736001795315;-0,005689016066623059;0,0007896266376301586
0,00733392169002956;0,010284145451657005;0,0014993872602696579;-0,005110746962549373;-0,0024756373960462263;0,002906951358775195
0,007278594915726543;0,011199111348020076;-0,0009762501357765685;-0,002203795603774178;-0,0002920086238632491;0,000252824555256409
0,00701883826292155;0,012174052734793933;-0,0012682587596398176;-0,001950971048517769;-0,0027811281720973025;-0,003542429818893078
0,006670929785965592;0,013109944116136729;-0,00404938693173712;-0,005493400867410847;0,0013253630457243926;0,0002909881197618591
0,006244982467068921;0,013995105147093932;-0,0027240238860127275;-0,005202412747648988;-0,0029787522013233203;0,005095625955225891
0,005599299113475818;0,01471829070078165;-0,005702776087336048;-0,00010678679242309697;0,00012014591456654955;0,007328958303506772
0,004745519249976754;0,015332515299028857;-0,005582630172769498;0,007222171511083675;9,95542066339894e-05;0,009842587372987224
0,0038874679147807667;0,015718628853782623;-0,005483075966135509;0,0170647588840709;0,002520129353534295;-0,009253454854011689
0,0033183034400281262;0,01588143720162561;-0,002962946612601214;0,00781130403005921;-0,0002920163847948687;-0,00696519860277299
0,003431729320638322;0,015824922510823177;-0,0032549629973960825;0,0008461054272862201;-0,0008066069614949822;-0,0011410792481549858
0,003857607362450886;0,015649889955516694;-0,004061569958891065;-0,0002949738208687658;-0,0014191298195115887;0,002598317578907175
0,004317329621354899;0,015344658880314369;-0,005480699778402653;0,002303343758038409;0,002202675539937582;-0,004747328990613309
0,004765252927424161;0,0148769650067564;-0,0032780242384650715;-0,0024439852325748995;0,0014296582760259247;-0,007572649663967493
0,005305309983814959;0,014190043142062325;-0,0018483659624391469;-0,010016634896542392;0,0021322409229704853;0,0003013229479671975
0,005747607630902762;0,013372000307829649;0,00028387496053133843;-0,009715311948575195;0,0011051528757277107;0,008313017513244508
0,00578923988212887;0,012480022835099405;0,0013890278362590491;-0,0014022944353306865;-0,0013809705228332025;0,009749805199980713
0,005442259655411968;0,011599400360790416;8,05731342584659e-06;0,008347510764650026;0,002811789302154588;-0,006078546100753673
0,00503918765128184;0,010774338999931788;0,0028198466155804347;0,002268964663896353;0,0006441617482742523;-0,0029114776187669777
0,004970016077737713;0,009949599931610193;0,003464008363854687;-0,0006425129548706249;0,004217219178969334;0,002638755391813935
0,00499160309074944;0,009237654727911817;0,007681227542824021;0,00199624243694331;0,0003405294861963115;0,000673077562389976
0,004987489585566341;0,008664269858767629;0,008021757029020332;0,002669319999333286;-0,0012418669784842185;0,001627208242291539
0,005063225777860976;0,0083981340913364;0,006779890050536114;0,004296528241624825;-0,0016916795139574337;-0,003338213493926323
0,005245734770128942;0,008452868605065986;0,00508821053657868;0,0009583147476985021;0,0008917896968525518;-0,0008483930050028621
0,0056001048920619;0,008778798720817015;0,005980000233431232;0,00010992174269564003;0,00015868837788421408;-0,0002231163340771225
0,005992807603902799;0,009308257258031192;0,006138688611315446;-0,00011319459138148247;-0,007824261426260415;-0,003978132936821699
0,006389907185451523;0,010076915804582618;-0,001685572814944969;-0,004091327528203181;-0,00496185822895423;-0,0010365596469560645
0,0067824789833449885;0,011091121895586663;-0,006647431043899199;-0,005127887175159246;0,0007522682792874824;0,0036598846977951016
0,0070113976801103265;0,012037905073992907;-0,005895162764611717;-0,0014680024773641442;-0,0011569328243882793;0,002750976667468763
0,007035200889869295;0,012718791010643184;-0,007052095588999996;0,0012829741901046188;-0,003123937121572995;-0,0022644425022803893
0,007000284000533697;0,013163870436708993;-0,01017603271057299;-0,0009814683121757706;-0,0034961324421472484;-0,003554671726680142
0,0070166860788022836;0,013326866039214803;-0,01367216515272024;-0,0045361400388559125;0,006775799684919037;0,0033504008458325463
0,0069938294245838395;0,013082820333297692;-0,006896365467801202;-0,0011857391930233663;0,0038428257117659737;-0,0017188686331642833
0,0067895271688111596;0,012291888021271772;-0,0030535397560352284;-0,0029046078261876496;-0,002711160207389207;-0,0016244609132113064
0,006537795345317544;0,011225101090533802;-0,005764699963424436;-0,004529068739398956;0,0031727817377323886;-0,005417151458275704
0,006169879208776423;0,010036172569554424;-0,002591918225692047;-0,00994622019767466;0,007154502268230417;0,003517607286996488
0,005620800322659344;0,00861665605003807;0,00456258404253837;-0,006428612910678172;0,0028218300955694525;0,0040263150503876965
0,004673872628635278;0,007093462801494033;0,007384414138107823;-0,0024022978602904754;-0,0007739377985063745;-4,206599981626535e-06
0,0034698004181840858;0,0057527729146515305;0,006610476339601448;-0,002406504460272102;0,0023216990013999877;0,008289577788083199
0,0021696362933212743;0,0047074595933333414;0,008932175341001436;0,005883073327811097;-0,002671892943549581;0,005250709869148704
0,0007732119900475789;0,00392656532559921;0,006260282397451855;0,0111337831969598;-0,0008316228592949032;0,005458837951269259
-0,00038788938011367294;0,003502958071505136;0,005428659538156952;0,01659262114822906;-0,007480486347215876;-0,0007692559582498822
-0,0011036394223965327;0,0033297621133091364;-0,0020518268090589237;0,015823365189979177;0,005631363941735509;-0,0018531115792039497
-0,00115568461875023;0,0033737125366394153;0,0035795371326765857;0,013970253610775227;-0,002798347660638592;-0,0009392112997127396
-0,0005747952075047602;0,0033355898876073365;0,0007811894720379936;0,013031042311062488;3,940889380577017e-05;-0,0091580657084252
0,0005649043481717186;0,0034406487238823214;0,0008205983658437638;0,0038729766026372875;0,0010669582163903846;-0,0067562534768336735
0,002225845596290697;0,003576955139038826;0,0018875565822341484;-0,002883276874196386;0,005431293802708487;-0,0028908861205027003
0,004041705908515167;0,003746085488829081;0,007318850384942635;-0,005774162994699086;0,00220500818913065;0,000726282036062717
0,005742235145771782;0,003990718101908703;0,009523858574073285;-0,005047880958636369;-0,000674499194164041;-0,0012935766237385793
0,007211797863240432;0,004528104730386029;0,008849359379909244;-0,006341457582374949;-0,008851181077812353;-0,0010815969378467627
0,00847944534236363;0,005446445701826287;-1,821697903109376e-06;-0,007423054520221711;0,0026791266963973326;-0,002357356147562384
0,009493434518191827;0,006718761048462914;0,002677304998494223;-0,009780410667784095;-0,004614296288290187;0,004402176260506069
0,010210501513211156;0,007991003527183418;-0,001936991289795964;-0,005378234407278026;-0,003764804124981952;-0,00476912694118603
0,010536352081519122;0,00937033820584369;-0,005701795414777916;-0,010147361348464057;-0,003551251703244357;0,005264904332198395
0,010647073273535968;0,010672193232912124;-0,009253047118022273;-0,004882457016265662;0,00027442126791288324;0,0005360511559608649
0,01035190001161425;0,011745976443389441;-0,00897862585010939;-0,004346405860304797;0,0037510645589193814;0,0028965289289107077
0,009861428469041906;0,012449637769145866;-0,005227561291190008;-0,0014498769313940896;0,0010246912562978383;-0,0025685244871980484
0,009197100692057371;0,012794154060897917;-0,00420287003489217;-0,004018401418592138;0,0037110966518989486;-0,0025976929661592207
0,008474777837817072;0,012929567901002368;-0,0004917733829932214;-0,006616094384751359;0,0007427327239273862;0,0005977160534638981
0,007591718926833087;0,012896866939711132;0,00025095934093416483;-0,006018378331287461;0,006259842070025112;-0,001840458074784515
0,006444016240459048;0,012844495043100167;0,006510801410959277;-0,007858836406071976;-0,003660843720676099;0,0036306967255489223
0,00505557842083351;0,012802161520126566;0,002849957690283178;-0,004228139680523053;-0,0006458356747527927;-0,002701913783131865
0,003352787144965093;0,013020260053591338;0,0022041220155303853;-0,0069300534636549185;-0,006134546355443027;0,006737549238882569
0,0014808702818757545;0,01335235689466744;-0,0039304243399126415;-0,00019250422477234963;-0,000249788821596153;0,005730715013738841
-0,000668248719759781;0,013772618616364755;-0,0041802131615087945;0,005538210788966491;-0,0020860630748021913;0,0064180571044751
-0,0028250678903862106;0,014035663364465562;-0,006266276236310986;0,011956267893441591;-0,0031271685105775937;0,003359962347132428
-0,00476035862945398;0,01413149958610602;-0,00939344474688858;0,01531623024057402;0,0022565496017310505;-0,005227300405745178
-0,006217398652784086;0,013976684758294038;-0,007136895145157529;0,010088929834828841;0,001654505453820676;0,0022696960672723143
-0,007061789466491232;0,013446132140606514;-0,005482389691336853;0,012358625902101156;0,0017111611128295956;0,002267528765481336
-0,0075026230868052235;0,012630103717112685;-0,0037712285785072575;0,014626154667582492;0,0024495153301584693;-0,0026660088410777605
-0,00744911167103517;0,011594779705965386;-0,0013217132483487881;0,011960145826504731;0,00277135337938883;-0,003575946661258475
-0,006810554068561815;0,010408606551677795;0,001449640131040042;0,008384199165246256;0,004210886104074274;-0,006500940945284764
-0,005693590633028271;0,009169564867456253;0,005660526235114316;0,0018832582199614922;-0,005218583622297102;-0,0008934653937852366
-0,004241259230884878;0,007988508788476312;0,00044194261281721436;0,0009897928261762556;0,0012141461983845026;-0,006192393520889489
-0,0027135974999430244;0,007033873758900943;0,001656088811201717;-0,005202600694713233;0,0008246051076440108;-0,0005415404267555615
-0,0011463440559541212;0,006096916433838264;0,0024806939188457278;-0,005744141121468795;0,001486990005266059;-0,0032416434581168524
0,0002128053602462529;0,005226202661223653;0,003967683924111787;-0,008985784579585647;-0,002237928345678236;-0,00048110625693437853
0,0013421891315878753;0,004454716645362872;0,0017297555784335505;-0,009466890836520025;-0,003160076910681084;-0,0003753446231684471
0,002112141519746072;0,0038419379864665618;-0,0014303213322475333;-0,009842235459688473;0,006740911368085023;0,003204232844873506
0,0025034182744434674;0,0032983495507075936;0,00531059003583749;-0,006638002614814967;0,00211541681481673;0,0034940660826921557
0,002501005610753324;0,002697548261658724;0,0074260068506542196;-0,003143936532122811;-0,002854320454081842;0,0018100959309655038
0,002233072842470582;0,002309170574043354;0,0045716863965723775;-0,0013338406011573073;-0,004227897090789086;-0,006193467338936741
0,0018393826129029277;0,002217833160454153;0,00034378930578329164;-0,007527307940094048;0,0009065618045776755;0,0030763283585802347
0,0013923387592889808;0,0023093632027278467;0,0012503511103609671;-0,0044509795815138135;0,005285490689526523;-0,0007016220267667371
0,0006442025880712721;0,002414644817232872;0,00653584179988749;-0,005152601608280551;0,000808879787103256;-0,00025318315056569243
-0,0002819727664069892;0,0025699404761523365;0,007344721586990746;-0,005405784758846243;-0,006634280804095977;0,001241518514291464
-0,0014142521852164725;0,0029866698070673005;0,0007104407828947695;-0,004164266244554779;-0,0015999869611638545;0,0036225709836495423
-0,0027627629943798053;0,003697188001461894;-0,000889546178269085;-0,0005416952609052367;6,87545054510047e-05;0,0031578844465786626
-0,00427784445332533;0,004436123827172279;-0,0008207916728180803;0,002616189185673426;0,0027497041028152897;0,0066116646516379135
-0,005814593722707063;0,0051394778057519;0,0019289124299972094;0,00922785383731134;-0,0022610469834210556;0,004564810855422846
-0,00724669542466186;0,005810000117418798;-0,00033213455342384623;0,013792664692734186;-0,0046866545251061376;0,00424307921971559
-0,008309682973124203;0,006557678926285584;-0,005018789078529984;0,018035743912449775;0,0024850895586149002;-0,0034272578007505106
-0,008820963933877178;0,0072920723530154165;-0,0025336995199150836;0,014608486111699265;0,00037060481641992826;-0,01263275374988343
-0,008610815138132163;0,00782571421660405;-0,0021630947034951553;0,001975732361815835;0,004922625191464053;-0,0010080940346597067
-0,007816326897919177;0,008258008099396079;0,0027595304879688975;0,0009676383271561284;-0,0008311560706504573;-0,0025931827240173733
-0,006942809363233557;0,008603778194048303;0,0019283744173184403;-0,0016255443968612449;-0,006037644496369704;-0,0026463565257647537
-0,006030586295461693;0,009059929508219282;-0,004109270079051264;-0,0042719009226259985;-0,002622779801781938;-0,002957125085548157
-0,005183385003564279;0,009593215799083;-0,006732049880833202;-0,007229026008174155;0,0002296452558037676;0,0028222309170318344
-0,004507059748571903;0,009962131286784666;-0,006502404625029434;-0,004406795091142321;0,005731460422762985;0,003332708023592923
-0,004119895533906495;0,010061764779253003;-0,0007709442022664492;-0,001074087067549398;-0,004493674195714059;0,0034729815363706285
-0,003909003122886779;0,009901302086720165;-0,005264618397980508;0,0023988944688212305;-0,0009128916701382772;-0,005129833948701409
-0,0037410741945690393;0,009710001626096669;-0,0061775100681187856;-0,002730939479880179;0,0002954761976153575;-0,00034275226186687713
-0,00347718948749845;0,009308116429553951;-0,005882033870503428;-0,003073691741747056;0,003980738596434441;-0,0015733536223045408
-0,0033225423596230682;0,008659130830286483;-0,001901295274068987;-0,004647045364051597;0,0026575534454220118;-0,004347907833155931
-0,003290842901417568;0,007774863876198876;0,0007562581713530248;-0,008994953197207528;4,691774151058259e-05;0,004513524457397444
-0,0034450252577741328;0,006814545111148511;0,0008031759128636073;-0,004481428739810084;-5,067439906084048e-05;0,005772701993344911
-0,003959005742018998;0,005884476672952267;0,0007525015138027669;0,0012912732535348276;0,0011682118171984363;0,005860877944337331
-0,004652243375856267;0,004986535271270567;0,0019207133310012031;0,007152151197872159;-0,0014323613430309856;-0,0015065384873987342
-0,005293830079552142;0,004118693930140978;0,0004883519879702175;0,005645612710473424;0,002201324768371163;-0,002328273019289756
-0,005649330735333131;0,0033276811222514363;0,0026896767563413804;0,0033173396911836683;0,00029732812563974115;-0,0008571436709412239
-0,005779006882695184;0,002556202393880704;0,0029870048819811215;0,0024601960202424444;-0,001186383581191889;-0,0003597805575631108
-0,005775989442409889;0,0018923107357636266;0,0018006213007892326;0,0021004154626793337;-0,000706154856417885;-0,002997147313891002
-0,005674564161314896;0,0013478992729257942;0,0010944664443713475;-0,0008967318512116684;-0,002882526934449573;-0,006318631394301222
-0,005489122261712731;0,000875512662119531;-0,0017880604900782256;-0,00721536324551289;0,0046422638598873495;0,0029133325099293395
-0,005339549636159032;0,00044690470908812175;0,002854203369809124;-0,004302030735583551;-0,0008504478522421456;0,004922550187500152
-0,005478591540425849;-5,322566354641652e-05;0,0020037555175669783;0,0006205194519166013;0,0004297166708197159;0,0016557930803853815
-0,005789714674116007;-0,0004391879013885898;0,002433472188386694;0,002276312532301983;-0,0020321267775996604;-0,008094351172039244
-0,006076017029729502;-0,000744999918528084;0,00040134541078703373;-0,005818038639737261;-0,0020441471072327848;-0,0017335306166259001
-0,006271266884050918;-0,0009534730481321104;-0,001642801696445751;-0,007551569256363161;-0,0009024299032497872;0,0021750090449258463
-0,006699238283961823;-0,0011458923613046554;-0,0025452315996955382;-0,0053765602114373146;0,0011928408794103437;0,004395910241006773
-0,0074292724541272556;-0,0014040237423350304;-0,0013523907202851945;-0,0009806499704305416;0,0035760578591997605;0,002012806377561016
-0,00837436903275018;-0,001763964387353227;0,002223667138914566;0,0010321564071304745;-0,004313075523113802;-0,0009721477274324819
-0,009358691610190328;-0,0021780006611828314;-0,002089408384199236;6,000867969799262e-05;-0,00020647288608904163;0,006720517192733116
-0,010301727931345254;-0,002503090249455853;-0,0022958812702882775;0,006780525872431109;0,0029368897319410198;0,0037265653664538267
-0,011242363905312263;-0,0029117561730968447;0,0006410084616527423;0,010507091238884936;0,0021292747188194766;-0,005197944646441799
-0,011911778844382026;-0,003412257347549367;0,002770283180472219;0,005309146592443137;0,0005823265313772558;-0,0016343307720850797
-0,012160910133896393;-0,0038871181835357796;0,0033526097118494746;0,003674815820358057;-0,0030886329419276687;-0,005707613748584528
-0,012197675559713033;-0,004251167692303303;0,00026397676992180596;-0,0020327979282264708;-0,0004333665916772117;-0,0015404261217909498
-0,01208744835271535;-0,004481112812596848;-0,00016938982175540573;-0,0035732240500174206;-0,0016562865966195661;-0,004684543797879581
-0,01205853306284673;-0,004700498862093521;-0,0018256764183749719;-0,008257767847897002;0,003190570228824907;0,004755904200416383
-0,012172546734978801;-0,0049266605044604094;0,0013648938104499353;-0,0035018636474806186;0,004331178179966588;0,005620917977858908
-0,012616871121026756;-0,0052258492035622975;0,005696071990416524;0,0021190543303782894;-0,002165021749206464;-0,004253851684225818
-0,013201270052973935;-0,005470442150246188;0,0035310502412100597;-0,0021347973538475284;0,0024247189561978633;-0,001002514747070582
-0,013700906811705982;-0,005487192217313417;0,005955769197407923;-0,0031373121009181104;-0,0002600720053793637;0,005986222616904346
-0,01428593546459193;-0,0053627002747322445;0,005695697192028559;0,002848910515986236;0,004533566751869222;0,004519591268777323
-0,014996456601514604;-0,004999977564254754;0,010229263943897782;0,007368501784763559;-0,003513470170614673;-0,001978064876065222
-0,015593021317797827;-0,004409426966096122;0,006715793773283109;0,005390436908698337;-0,0027649213208458673;-0,007769620900823171
-0,01589484596269051;-0,0034097058101815784;0,0039508724524372416;-0,0023791839921248337;-0,002145467221683843;0,0037361943945661835
-0,015981053131235254;-0,00214135290333571;0,0018054052307533985;0,0013570104024413499;0,00019514775677683532;0,007066993492916174
-0,016162427659464997;-0,0007149650983923527;0,002000552987530234;0,008424003895357524;-0,0011675210698820007;-0,0012417374795576919
-0,016289521771597083;0,0007836389157811407;0,0008330319176482331;0,007182266415799832;-0,0024793815110512804;-0,004169940074952472
-0,01607965572791487;0,0023622650494558436;-0,0016463495934030473;0,00301232634084736;-0,0033726240450048448;-0,002276314389125178
-0,015582499027600661;0,003974212459836476;-0,005018973638407892;0,0007360119517221819;-0,002709310500234152;0,001990707504386735
-0,01496484927365256;0,005520305886480986;-0,007728284138642044;0,002726719456108917;0,0029135985831974243;0,002543609174274597
-0,01431775904163557;0,0068656403675891806;-0,00481468555544462;0,005270328630383514;-0,00540222722213049;-0,007557330068924728
-0,013561600031374224;0,007901843483151694;-0,01021691277757511;-0,002287001438541214;-0,0008968711743939373;-0,004519660479236742
-0,012594627875897537;0,008745459176496422;-0,011113783951969047;-0,006806661917777956;0,0032756184796357835;0,00489449840696804
-0,011719135777962499;0,009180398358738146;-0,007838165472333264;-0,0019121635108099166;-0,0005853519298545107;0,0036053587098233697
-0,01111591015673858;0,009170786182901108;-0,008423517402187775;0,001693195199013453;0,0032456728368008836;0,0011387118138038166
-0,010589171075947057;0,008847647388170739;-0,005177844565386891;0,0028319070128172696;-0,0013301737530731772;-0,0014511547977912598
-0,009994704187194996;0,008187567897352858;-0,006508018318460068;0,0013807522150260099;0,0021482194318607206;0,004170516979152494
-0,009286961017930244;0,007320374623919503;-0,0043597988865993476;0,005551269194178504;0,007911223900062422;0,001074256106036675
-0,008523987760064453;0,006192860617747746;0,003551425013463075;0,006625525300215179;-0,005324656474301345;-0,007232935296397347
-0,00753896373443152;0,004890954656112013;-0,0017732314608382704;-0,0006074099961821677;0,005765110488645073;-0,007932164931830049
-0,00628891869678998;0,003731105695014804;0,003991879027806802;-0,008539574928012217;-0,0030054073506470477;0,0010005120035607301
-0,005063170058995727;0,0025003274754840646;0,0009864716771597545;-0,007539062924451487;0,003406893888967699;0,007910945587880192
-0,004179004418321963;0,0014292244170655965;0,004393365566127454;0,0003718826634287048;-2,849336984743836e-05;-0,0006301873141985048
-0,0035964012946262587;0,0003975802257335189;0,004364872196280015;-0,0002583046507698;-0,0013114669605455952;-0,0018463313379728716
-0,0029989228643934056;-0,0004583293429534605;0,00305340523573442;-0,0021046359887426716;0,003467990550533418;0,0032642557385307025
-0,002411776620191345;-0,0011396440237892392;0,006521395786267838;0,001159619749788031;0,0021682352544875987;0,00565453503640858
-0,0019088158155389908;-0,0016988224951956412;0,008689631040755437;0,006814154786196611;-0,0022025977212627793;-0,0025778551982750496
-0,0013594702208951156;-0,00199714513515133;0,006487033319492658;0,004236299587921561;0,0016373987068556625;-0,010882852393367184
-0,0005375584348033761;-0,0019478825334768007;0,00812443202634832;-0,006646552805445623;-0,0008937883277316191;-0,007910870637696125
0,000453805334805226;-0,0016391385990225653;0,007230643698616701;-0,014557423443141749;-0,005678267572696391;0,00286764688490412
0,0011793069921960033;-0,0010054173835143973;0,00155237612592031;-0,011689776558237629;0,005243109777714174;0,0050563346726755255
0,0013225117118611104;-8,247042006156113e-05;0,006795485903634484;-0,006633441885562103;-0,007353264402870707;-0,0024852774278121513
0,0009981253691967126;0,0009025715884280875;-0,0005577784992362236;-0,009118719313374254;-0,0024860777754589086;0,004229278413504234
0,0004084013511098304;0,0021594330330631153;-0,0030438562746951323;-0,004889440899870021;-0,0022089001457384974;0,006526606619252008
-0,0005460714395120218;0,003393983337728694;-0,00525275642043363;0,0016371657193819875;0,0003038782446776189;0,0037972923536259487
-0,001696121866128675;0,004506779391406468;-0,004948878175756011;0,005434458073007936;0,004122113364377511;0,0032697729981511076
-0,0027806856639700484;0,0054094651882668965;-0,0008267648113784998;0,008704231071159044;-0,00696108018122385;-0,010140614110876453
-0,0036478711388911044;0,006114195858097085;-0,00778784499260235;-0,0014363830397174093;0,0051153839905522525;0,0005155785427661125
-0,004166887370965799;0,006785855935472133;-0,002672461002050097;-0,0009208044969512968;0,0033153946804410916;-0,0013450033034550085
-0,00474335892462919;0,007146002213143087;0,0006429336783909945;-0,0022658078004063054;0,002187379702660308;0,0011862990238193372
-0,0053566626581706325;0,007399250050732037;0,0028303133810513026;-0,0010795087765869682;0,00023364807646519825;0,0011691795050046971
-0,006060598703728328;0,007678215235456627;0,003063961457516501;8,967072841772894e-05;-0,0008124647996508583;-0,0034655889420751596
-0,006807715100349501;0,00807039295542327;0,0022514966578656426;-0,0033759182136574306;-0,0012722073248298271;0,0016564081032881817
-0,007551244667833966;0,008585129133690571;0,0009792893330358154;-0,001719510110369249;-0,001892583963124611;0,0035055727059134234
-0,008429810963864727;0,009189925178272499;-0,0009132946300887956;0,0017860625955441745;-0,002384744283654927;0,004881760575176225
-0,009377157664310258;0,00983389279617586;-0,0032980389137437227;0,006667823170720399;-0,0012035928098255988;0,0009557425164978262
-0,010253061860934023;0,010441328628875668;-0,0045016317235693215;0,007623565687218226;0,0007537823862014403;0,003314209334404572
-0,010862253130728972;0,010916842905025727;-0,003747849337367881;0,010937775021622798;-0,003916629683141215;0,002171912281024979
-0,011166501773035192;0,011212291912233016;-0,007664479020509096;0,013109687302647777;0,004012958386975296;-0,002167931720659544
-0,0110332394144765;0,011357826945945587;-0,0036515206335338;0,010941755581988233;-0,0009011138673681862;-0,0030138315796199855
-0,010375589563811896;0,011196782818837793;-0,004552634500901986;0,007927924002368247;0,0025080936910511498;-0,006173473627210269
-0,009280269489867763;0,010889677866388649;-0,0020445408098508366;0,0017544503751579787;-0,0004364816973572161;-0,006895367366154537
-0,0078678324558289;0,010400467533903425;-0,0024810225072080527;-0,005140916990996558;0,00020311849130036363;-0,005733405865836705
-0,006385217406783719;0,009829475569024169;-0,002277904015907689;-0,010874322856833263;0,0008762185439931958;-0,001268869035336198
-0,0051082390373783995;0,009159242703856589;-0,0014016854719144933;-0,012143191892169461;-0,00024119200054320555;0,005683803498066603
-0,00426623358224641;0,008397893678052703;-0,0016428774724576989;-0,006459388394102858;0,001784471963293871;0,004610825266718771
-0,0039099558028012;0,007580477233372236;0,00014159449083617215;-0,001848563127384087;0,0007189222622300956;-0,0007937988630893622
-0,0038120535591201037;0,0066973456897934614;0,0008605167530662677;-0,002642361990473449;-0,0003511746689340983;0,0006408889920163641
-0,003788093840534371;0,005819877925848134;0,0005093420841321694;-0,002001472998457085;0,0003448001335789319;0,004289443620060243
-0,0038698286015675766;0,004976830832025457;0,0008541422177111013;0,002287970621603158;-0,0007563548066719383;0,0002982624214142443
-0,004031622282539065;0,004154157421568066;9,7787411039163e-05;0,0025862330430174024;-0,00026283788209847253;-0,0044261625329891086
-0,004101897138646428;0,0033656496998191207;-0,00016505047105930953;-0,0018399294899717061;0,0023785339204948942;-0,0011685827896553008
-0,004068722673033094;0,002581053474511741;0,0022134834494355847;-0,003008512279627007;-0,0027050014973131406;0,004212989090773819
-0,004109145387018629;0,001789855230361989;-0,0004915180478775559;0,0012044768111468124;0,006149645459523574;0,002228932624464372
-0,004269908592189243;0,0010871963241896603;0,005658127411646018;0,0034334094356111844;-0,0003418278580903482;-0,0020258644426036504
-0,004382492724913986;0,0003648766961022294;0,00531629955355567;0,001407544993007534;0,001071162881222441;-0,00463258760537498
-0,00435774048021428;-0,00013111783551936077;0,006387462434778111;-0,003225042612367446;-0,00021536192668135737;0,0007835686781321183
-0,004276686435794274;-0,00041446038499872405;0,006172100508096754;-0,0024414739342353275;-0,002192338459371947;0,005097824757378272
-0,0043246340958689655;-0,0004423044370869629;0,003979762048724807;0,0026563508231429445;-0,006505862450485479;-0,0030087836304505122
-0,00447024071331307;-0,0002232644688513316;-0,0025261004017606723;-0,00035243280730756776;0,00035761761054300435;-0,006181177471503055
-0,004509593297831457;0,000154965981333292;-0,002168482791217668;-0,006533610278810623;-0,002323559450541618;0,001813274748515642
-0,004563043194642146;0,0004321524154474887;-0,004492042241759286;-0,004720335530294981;0,00016616504901727572;0,0037329886425006564
-0,004877837502605261;0,0006225995379129786;-0,00432587719274201;-0,0009873468877943242;0,0005174173170339417;0,004132096775473479
-0,005381445231780174;0,0006333649707080971;-0,0038084598757080687;0,0031447498876791546;-0,0021346443223712944;-0,0076160630206067725
-0,00592454683646686;0,0004710953157935352;-0,005943104198079363;-0,004471313132927618;0,00273908067779614;0,004010948097905254
-0,0063418584456463815;0,00015648726585065054;-0,003204023520283223;-0,00046036503502236426;-0,0014418095389898793;0,005464676365309479
-0,006938022580143006;-0,00039584495201540863;-0,004645833059273102;0,0050043113302871145;0,0015205589817725677;0,003384134832646435
-0,007552601316040526;-0,0010763381106927968;-0,0031252740775005346;0,00838844616293355;0,0016533204698706318;-0,005130438574800417
-0,007967007598726561;-0,001942664591741109;-0,0014719536076299028;0,0032580075881331327;0,00083882441860271;0,0011824415574751557
-0,008045876034895254;-0,0029340020358894427;-0,0006331291890271928;0,004440449145608288;0,001179942309097945;0,004767261912930337
-0,007994424167538622;-0,003984217624342972;0,0005468131200707521;0,009207711058538626;0,007324090903717703;-0,004305102114550763
-0,007765354334357658;-0,00505975838035759;0,007870904023788455;0,004902608943987863;-5,9441636880097626e-05;-0,010393335422030414
-0,007167976058835149;-0,006113426611569377;0,007811462386908358;-0,005490726478042551;0,00019359289092976684;-0,005859454331464453
-0,006374493425553126;-0,006852258681829626;0,008005055277838125;-0,011350180809507004;-0,004794932537664859;0,006204305357243173
-0,005800639851392805;-0,0072786322566135405;0,0032101227401732657;-0,005145875452263832;0,0022847613862349014;0,006372280489534504
-0,005680793509612763;-0,007384803620283931;0,005494884126408167;0,0012264050372706725;0,001141952711710248;-0,0054064320623603
-0,005766782185923277;-0,00736257007434739;0,006636836838118415;-0,004180027025089628;-0,0027229989559606205;-0,00011981606643057807
-0,005803714660742962;-0,007120541163354523;0,003913837882157795;-0,004299843091520206;-0,002460209785121542;0,0029482991195189656
-0,006007848216566232;-0,0066130387788369185;0,0014536280970362525;-0,00135154397200124;-0,0019799216439504302;0,007078800943175617
-0,00638397549605031;-0,005948982879033002;-0,0005262935469141777;0,005727256971174377;0,0004626762941270929;0,00098226314939312
-0,006814164534414439;-0,005226781855347636;-6,361725278708485e-05;0,006709520120567497;-0,00026344796000761506;-0,0010685554039694956
-0,007015263293931592;-0,004525632573538838;-0,0003270652127946999;0,0056409647165980015;-0,000589096364032142;-0,006600718886958762
-0,006947981248626045;-0,003827027981841522;-0,0009161615768268419;-0,0009597541703607604;-0,002179445469955875;-0,0020925970895889767
-0,006655060614656578;-0,003141505998655995;-0,003095607046782717;-0,003052351259949737;-0,001139513788694757;0,002576318577859338
-0,006400530147501542;-0,0024926304785435408;-0,004235120835477474;-0,0004760326820903993;0,000477913752108379;0,005557831694133042
-0,006268093730744495;-0,0019675792403023957;-0,003757207083369095;0,005081799012042643;0,002945439995151164;-0,002631596688092097
-0,006154698621271064;-0,0016119328354803493;-0,0008117670882179309;0,0024502023239505455;0,0066354473132707835;-0,0032642334312134313
-0,005838031551315927;-0,001406574713993067;0,005823680225052853;-0,0008140311072628859;-0,005326635697359585;0,0019103552096219473
-0,005423356388402769;-0,001233687276034502;0,0004970445276932679;0,0010963241023590614;-0,0021332255905341622;2,2417282393258353e-05
-0,005041242469780127;-0,0008278526290738227;-0,0016361810628408944;0,0011187413847523198;3,5522236119306036e-05;0,000421684290566271
-0,004615275587063121;-0,0004021362010054127;-0,0016006588267215884;0,0015404256753185908;0,003439195540694256;-0,001984735311329963
-0,004144559048956022;-4,18670154506385e-05;0,0018385367139726674;-0,0004443096360113724;-0,003622916447061161;-0,00546454384796706
-0,0036122254838361805;0,00025437581703527216;-0,0017843797330884936;-0,005908853483978432;-0,006395540045391057;-0,007217370870397755
-0,0030976643041567935;0,0006241601180800896;-0,00817991977847955;-0,013126224354376187;-0,002735135201752328;0,004042174151047573
-0,002819457263836544;0,0009225692298013672;-0,010915054980231879;-0,009084050203328614;0,004093951989939514;0,004553107625003036
-0,003066299197691342;0,0008937815503834627;-0,0068211029902923645;-0,004530942578325578;0,005213566284860846;0,0004218954768549499
-0,003676503139679284;0,00042839167175628317;-0,0016075367054315184;-0,004109047101470628;-0,0009340066594658199;0,002308508675340229
-0,00446794478480025;-0,000309842326482591;-0,0025415433648973383;-0,0018005384261303992;0,006432216576580961;0,00687466680615248
-0,00542374831398004;-0,0011123777929387259;0,0038906732116836228;0,0050741283800220804;-0,0016524470161246758;0,006546940404649426
-0,006451573380205047;-0,0020165749939907544;0,002238226195558947;0,011621068784671507;0,005044710048956659;-0,005478759294151231
-0,007276433311229171;-0,0027651452665754376;0,007282936244515606;0,006142309490520276;-0,0012586841404473303;-0,002892033145672962
-0,007636450490866434;-0,0034241864913377635;0,006024252104068276;0,0032502763448473138;-0,0017269987032829254;0,0049644759252835124
-0,007750775290882885;-0,0037919102663194646;0,00429725340078535;0,008214752270130826;8,710951784200727e-05;-0,002754084856036232
-0,007735089037105445;-0,0039186639571384355;0,0043843629186273575;0,005460667414094594;-0,0037530127948124797;-0,005940909978137315
-0,007390812692522772;-0,0038735275119259915;0,0006313501238148778;-0,00048024256404272103;-0,003067717581580656;-0,0005170390579018747
-0,006828109651376315;-0,0036530165499684534;-0,0024363674577657785;-0,0009972816219445957;0,00042366024390907975;0,0038575676577281837
-0,006284616312791566;-0,0034072515830583204;-0,0020127072138566987;0,002860286035783588;0,00522228594534932;0,0002936662431275161
-0,005781014239084601;-0,003258941314458819;0,003209578731492621;0,003153952278911104;0,0028303096587188326;-0,002476669486450117
-0,005163000723946293;-0,0031911393344135845;0,006039888390211454;0,000677282792460987;-0,007155349710532215;-0,0030607200733340223
-0,00441882911765154;-0,002994954205108646;-0,0011154613203207611;-0,0023834372808730353;-0,00016220297977359577;0,001317512874248923
-0,0036475661996583485;-0,002557173540195249;-0,0012776643000943569;-0,0010659244066241122;0,005470579694185573;-0,00047593067768484515
-0,0029716407729000784;-0,0021640113280946825;0,0041929153940912164;-0,0015418550843089573;-0,00026903267104372644;0,00017105494941787106
-0,0023383523224067724;-0,00182195568799789;0,00392388272304749;-0,0013708001348910863;-0,003784697096533257;-0,001687753049590613
-0,0017667380752858248;-0,0013121834321374493;0,00013918562651423286;-0,0030585531844816993;-0,008485247443643831;-0,0019383668820847008
-0,0012499558335605206;-0,0006454558673551088;-0,008346061817129598;-0,0049969200665664;0,00578619502245614;0,0037935193485933976
-0,0008555157192144845;2,6839122487801008e-05;-0,002559866794673458;-0,0012034007179730025;-0,0012354896460634382;0,002991606992720203
-0,0006609524075311043;0,0003652916396455269;-0,0037953564407368964;0,0017882062747472003;-0,0004212033234217809;-0,003466391580257804
-0,0005145251245666442;0,0006013494850163144;-0,004216559764158677;-0,0016781853055106038;-0,005957740908593778;-0,0031574462989878934
-0,00029656959061229605;0,0006855930727576261;-0,010174300672752455;-0,004835631604498497;0,003984901155911899;0,0044468179652641295
-0,00014574146887837212;0,0006011742699325907;-0,006189399516840556;-0,00038881363923436814;0,0054836522286369985;0,0016334760196197507
-0,00018833861132438806;0,00010978344019745706;-0,0007057472882035579;0,0012446623803853826;0,0025952894290923144;-0,0026735108811443333
-0,00024648829933977877;-0,0006291833702112989;0,0018895421408887565;-0,0014288485007589507;0,0005573013829012104;-0,00045081360528515576
-0,00025485149213975414;-0,001396380072148197;0,002446843523789967;-0,0018796621060441065;0,0022143418345676597;0,0023270828147949445
-0,00032036862497008753;-0,002087995088449545;0,0046611853583576265;0,000447420708750838;-0,0001702076222381485;0,0033901976210877066
-0,0004610722420421852;-0,002681736363799294;0,004490977736119478;0,0038376183298385446;0,0038760150804179883;-0,0026198184802337307
-0,0005838790307642494;-0,0030890302248147384;0,008366992816537466;0,001217799849604814;-0,002299835152473173;-0,0011464696315544344
-0,0005531810862927717;-0,0033166849763854034;0,006067157664064293;7,133021805037949e-05;-0,007970783194564166;0,002285808159309212
-0,0004737711478371015;-0,00320966001529457;-0,0019036255304998723;0,0023571383773595914;0,0020975881012611497;0,0038066869866209656
-0,00039150800065941615;-0,0028599487476411644;0,00019396257076127743;0,006163825363980557;-0,0015611992819159135;0,0006302531140938098
-0,0002149593183873471;-0,002586382501207754;-0,001367236711154636;0,006794078478074367;0,006148094531965083;-0,005602918852954993
0,00020814237844394418;-0,0023050577519438927;0,004780857820810447;0,0011911596251193736;-0,008382684387388338;-0,0029213355797584016
0,0009030072143982102;-0,0020784224711262165;-0,003601826566577891;-0,001730175954639028;0,0010511708843009178;0,0009594696169085079
0,0016455184353572512;-0,0016605528774761224;-0,0025506556822769734;-0,0007707063377305201;0,0014653058258819324;0,00041146825058606395
0,002318822618130731;-0,001386756346489144;-0,001085349856395041;-0,00035923808714445615;-0,002134031193440914;-0,0032701010558271876
0,00296129854739499;-0,0012149860427932448;-0,003219381049835955;-0,0036293391429716437;0,0011132136094963337;-0,005039186018596889
0,0035894049531734707;-0,001086629733353147;-0,0021061674403396215;-0,008668525161568533;-0,000978597582718059;0,004711950922874464
0,004072337793233086;-0,0010870486659064875;-0,0030847650230576805;-0,003956574238694069;0,0017755634714402453;0,0024054658136039436
0,004208529626829959;-0,0011717142960734129;-0,0013092015516174352;-0,0015511084250901253;-0,002967460569896635;0,002970400558933592
0,004186458490879071;-0,0013797705271626453;-0,00427666212151407;0,0014192921338434666;0,004261193338903221;-0,0023059356299096334
0,004102343017924576;-0,0016401948203165753;-1,5468782610848775e-05;-0,0008866434960661668;-0,0012338348228250057;-0,0009928123740185896
0,004074999230323821;-0,002071685598331068;-0,0012493036054358544;-0,0018794558700847563;0,002221045382850194;0,0003603467292037088
0,004012189702880419;-0,002503795127649995;0,0009717417774143394;-0,0015191091408810475;0,001032117754497311;0,0005568683916542666
0,0038742019406336264;-0,0029858768011863557;0,0020038595319116503;-0,0009622407492267809;-0,0024723698936045535;0,0016973451199804729
0,0036754498127515925;-0,0034290888036261433;-0,00046851036169290317;0,000735104370753692;0,002941676633735929;-0,0009124035903145394
0,003438208054900487;-0,003792146424789464;0,002473166272043026;-0,0001772992195608475;0,0016632583146753283;-0,002057241937267959
0,003230370471879529;-0,004173944460420502;0,004136424586718354;-0,0022345411568288065;-0,00013227704617349567;0,0005789125858802827
0,0030154409200761375;-0,004456815845169818;0,0040041475405448584;-0,0016556285709485238;0,002183677711391635;-0,00011650665497311974
0,0027111297219995934;-0,0045742302464504;0,0061878252519364935;-0,0017721352259216436;-0,004296531367047524;0,001272093577639903
0,0023405933810851085;-0,0045314787461091886;0,0018912938848889699;-0,0005000416482817405;0,0033186712252353257;0,001427983893788412
0,0018991716311337577;-0,004241214235690517;0,0052099651101242955;0,0009279422455066716;-0,0006887577317742782;-0,0010408472150062187
0,0014377482152511376;-0,003875297969876286;0,004521207378350017;-0,00011290496949954709;0,00034002505731898364;0,0006568928493685192
0,0010134424891887841;-0,0033009830996570833;0,004861232435669001;0,0005439878798689721;-0,002133465948184407;-0,00029305244277314825
0,0005846205643464489;-0,0025458199343038803;0,002727766487484594;0,0002509354370958238;-0,0016710228824477064;0,004839646221114085
0,0001775581546988725;-0,001596207471523917;0,0010567436050368875;0,005090581658209909;-0,004109904064504656;-0,0029156697608572254
-0,00021946683746487097;-0,00053748434924457;-0,0030531604594677686;0,0021749118973526833;-0,003224889341735891;7,317695056277031e-05
-0,00041286856330021804;0,0005635085172362524;-0,00627804980120366;0,0022480888479154536;0,003066311237652067;-0,0010586504997068674
-0,0005192738132414578;0,0015423749653383644;-0,003211738563551593;0,0011894383482085862;-0,0015083413043497501;0,004476608583323246
-0,0005357555092660795;0,0022701194213923296;-0,004720079867901343;0,005666046931531832;-0,002843836219047137;0,0004459243167916193
-0,0005046596713623576;0,002869394334904231;-0,00756391608694848;0,006111971248323451;-0,004473980290098253;-0,004478332210360687
-0,0002469219561973625;0,0032798660537000793;-0,012037896377046733;0,001633639037962764;0,006113088048909483;-0,005731408975692966
0,0002552946089005707;0,003387781129017988;-0,00592480832813725;-0,004097769937730202;-0,0007847744695056447;-0,004051008505416743
0,0008228567355170143;0,003014180349254027;-0,006709582797642895;-0,008148778443146945;-0,0003001183222492293;0,003794261983077831
0,00122650806462425;0,0024035872363645763;-0,007009701119892124;-0,004354516460069114;0,0003679984091374544;0,00238155151573621
0,0013042082560056078;0,0015246108115694098;-0,00664170271075467;-0,001972964944332904;0,00416915801917956;-0,002025570002818798
0,0012077277889842011;0,0003652463419785585;-0,00247254469157511;-0,003998534947151702;0,002661460141215252;0,0020995823459356196
0,0010323287241894782;-0,0010597862360424797;0,0001889154496401424;-0,0018989526012160828;0,003592807274188453;0,00549563134542181
0,0006969882615086873;-0,0025837206017265226;0,0037817227238285955;0,0035966787442057273;0,0017547106075039703;0,0031713905262034598
0,000285689694779253;-0,004100098349424959;0,005536433331332566;0,006768069270409187;0,0003077473578226714;-0,003833302919782822
1,825827781804781e-05;-0,0054652071881702525;0,005844180689155237;0,002934766350626365;-0,0015948548602278956;-0,008381026392518663
2,1549631673210097e-05;-0,006608858693662243;0,004249325828927342;-0,005446260041892298;-0,0016103600338072954;-0,00148746218968932
0,00014223163955342697;-0,007518742971588024;0,0026389657951200463;-0,006933722231581618;0,003779644473499044;0,0013003336531684489
4,5063245757951884e-05;-0,008258654216356711;0,0064186102686190905;-0,005633388578413169;-0,00042004396781861186;0,0015304390951180191
-0,00032945403730078797;-0,008893006829320597;0,005998566300800479;-0,00410294948329515;-0,002415591070898615;-0,0005447931576669941
-0,0009293068634960546;-0,009270615031539718;0,0035829752299018636;-0,004647742640962144;0,00218522444423197;0,0003256048394798712
-0,0016932776690231272;-0,009408280581726821;0,005768199674133834;-0,004322137801482273;0,0010565113011626326;0,004374697244266174
-0,0026431581801886856;-0,00940262712271785;0,006824710975296466;5,2559442783900456e-05;0,0011696966349209748;0,004388618220757881
-0,003765924203413535;-0,009166245676743524;0,007994407610217441;0,0044411776635417816;-0,002874646831901251;0,0013426352882888182
-0,004886587848927028;-0,00865687579175734;0,00511976077831619;0,0057838129518306;-0,00824892501522656;-0,0005824617956560335
-0,005829604387898851;-0,007827729602362459;-0,00312916423691037;0,005201351156174566;0,003243648904790536;-8,78119339304817e-05
-0,006541268408797448;-0,00679379298183493;0,00011448466788016587;0,0051135392222440845;-0,0030856297493661033;0,001568572605424673
-0,007044878383449063;-0,005885022930783816;-0,0029711450814859375;0,0066821118276687574;-0,0033775116270328975;-0,000913661781343611
-0,007343946789210916;-0,004971673493017494;-0,006348656708518835;0,0057684500463251465;-0,001214237652867961;-0,0021368236640459948
-0,007375730721866017;-0,004177169858510611;-0,007562894361386796;0,0036316263822791517;0,0013447754682477386;-0,005343642891160183
-0,007176776652668113;-0,0036366124923444807;-0,006218118893139057;-0,0017120165088810313;0,007403546157706026;0,0008440258451629934
-0,006832557528179043;-0,003398570900633823;0,0011854272645669683;-0,0008679906637180379;0,0007141101279693751;0,0020762143131964894
-0,006556819064045214;-0,003409254064648727;0,0018995373925363435;0,0012082236494784515;-0,0008113937912402475;-0,00279337662642698
-0,006315800226460107;-0,0033725201380809524;0,001088143601296096;-0,0015851529769485284;-0,0007456157688068982;0,0009633291430375668
-0,006026452442895861;-0,003259804715811724;0,0003425278324891978;-0,0006218238339109616;0,0014959375219043003;0,0012448945394956668
-0,0058005107784095565;-0,0031035635494906515;0,0018384653543934981;0,0006230707055847051;0,000983250102632012;0,003919417805802336
-0,005599442067279691;-0,0029336212698700117;0,00282171545702551;0,004542488511387041;-0,0018259375703797084;-0,0005414843089583121
-0,005373450527926437;-0,0026901403760736316;0,0009957778866458017;0,004001004202428729;-0,001660078520009052;-0,0021612621326193016
-0,004965759448117701;-0,002333790863996231;-0,0006643006333632503;0,0018397420698094274;0,001590772597526182;0,00048542414436930637
-0,004398028200211816;-0,0019376102364529984;0,0009264719641629317;0,002325166214178734;0,0036961110642877333;-0,001862355830414067
-0,003756707269513554;-0,001568001634244296;0,004622583028450665;0,0004628103837646669;-0,0049012934554365315;0,0006902608768095952
-0,0030223796902481424;-0,0011613341534690762;-0,0002787104269858665;0,0011530712605742621;-0,0020408381232055652;-0,0019056930338594534
-0,0022695396956321444;-0,0005697633515558298;-0,0023195485501914317;-0,0007526217732851913;-0,001164544505964345;-0,00036613243797491146
-0,001470576850593176;1,0659033277981927e-05;-0,003484093056155777;-0,0011187542112601027;0,0007168314763111531;-0,005298156910367011
-0,0007017188764856151;0,0004982994761041364;-0,0027672615798446237;-0,006416911121627114;-0,0007641580057658817;-0,0010319587134882905
2,238892917154166e-05;0,0008465761966840598;-0,0035314195856105055;-0,007448869835115404;-0,0043866138246706245;0,0031447434018877386
0,0004898202899636139;0,0010841624540701982;-0,00791803341028113;-0,004304126433227666;0,004602783531007813;0,0035646444915402274
0,0006592968573510699;0,0011804919280319164;-0,0033152498792733166;-0,0007394819416874383;0,002234684758180958;0,0037562455467326904
0,0006566083674094193;0,0009601000655823893;-0,0010805651210923587;0,003016763605045252;-0,0020673562458306885;0,0006496384433140687
0,0006243405998002712;0,0006070982079619297;-0,003147921366923047;0,003666402048359321;0,0006764442238409215;0,0005084454406098764
0,0007127433763929333;0,0002108737454977757;-0,0024714771430821257;0,004174847488969197;0,0022798628797454402;-3,6017816686006315e-05
0,000947802234919968;-0,00031126757164330024;-0,00019161426333668546;0,004138829672283191;0,000458021588351773;0,0007981641017261801
0,0013498549930057707;-0,0009322679745076613;0,0002664073250150875;0,004936993774009371;-0,0021425964140735568;0,0013612258284485118
0,0019174609379829012;-0,0015609329479054897;-0,0018761890890584693;0,006298219602457883;0,0022010127726851195;-0,0008073346037780482
0,0026825466339204062;-0,0021789416283027143;0,0003248236836266502;0,005490884998679835;0,005195236990938289;-0,007641706076690263
0,003699561113956227;-0,0028719978722622783;0,005520060674564939;-0,0021508210780104287;-0,004455526733216406;-0,0010773787936170232
0,004936210993939241;-0,0035520611688767754;0,0010645339413485333;-0,003228199871627452;-0,0017697224505729414;0,00648204121804849
0,0060868280308018375;-0,004011322038508676;-0,0007051885092244081;0,003253841346421038;6,715279307920041e-05;-0,0011352386166595674
0,007108317072799336;-0,0044280015504866346;-0,0006380357161452077;0,0021186027297614707;0,0023895374102727573;-0,012065983653083201
0,008259959768653676;-0,004872888602833569;0,0017515016941275496;-0,00994738092332173;-0,0005100214367076417;-0,006089573666702236
0,009496346573698475;-0,0053432970838263125;0,001241480257419908;-0,016036954590023966;-0,003920770768596538;0,004467769278710343
0,010334838141810404;-0,005743645497053954;-0,0026792905111766296;-0,011569185311313623;0,002022198161679839;0,005584233935452293
0,010531851526321377;-0,006094334699984799;-0,0006570923494967906;-0,00598495137586133;0,0017615382064748442;-0,0015641355537588664
0,010266097498379803;-0,006552195523362709;0,0011044458569780535;-0,007549086929620197;-0,0023115056161505942;-0,0011598764916471715
0,009760945415403776;-0,0070363400407204915;-0,0012070597591725407;-0,008708963421267368;-0,0032510091443825884;0,006588423839374941
0,00895382985524294;-0,007476306723799151;-0,004458068903555129;-0,0021205395818924277;0,0031548968501306507;0,005044275106392382
0,0077983557582314116;-0,007964555797244713;-0,0013031720534244784;0,002923735524499954;0,001095066422537594;0,0017122931003398373
0,006558060077944185;-0,008631127626832479;-0,0002081056308868845;0,004636028624839791;0,0013864903510823479;-0,0018037653958081629
0,005434713818636956;-0,009349826338557224;0,0011783847201954634;0,0028322632290316285;0,0008610682197029151;-0,0011962377246729217
0,004496808704323319;-0,010076849275517446;0,0020394529398983785;0,0016360255043587069;0,003180491083096204;0,0004934981082037188
0,003672194119170947;-0,010756736823669849;0,005219944022994583;0,0021295236125624256;0,004274301200091146;-0,0011431595867834737
0,002913020554192924;-0,011355046254226316;0,009494245223085729;0,0009863640257789519;0,00022656178928920356;0,0011653986738021892
0,0022390279337173974;-0,011744557923863;0,009720807012374932;0,002151762699581141;-0,003416783532264489;-0,004648414335914737
0,001604489874273029;-0,011754299784576254;0,006304023480110443;-0,002496651636333596;0,0004936853026599186;0,003240234026091599
0,0010560223228119063;-0,011375209364794511;0,006797708782770362;0,0007435823897580032;-0,004284981777731123;0,0037812090479423088
0,0004076887058974398;-0,010743958005808352;0,002512727005039239;0,004524791437700312;-0,0015577437696609742;0,0008995489275883464
-0,0002109016154267066;-0,009840798295511377;0,000954983235378265;0,005424340365288658;-0,0009017174261883032;-0,00028611261725731106
-0,0006485002792428406;-0,008837129505012833;5,326580918996182e-05;0,005138227748031347;-0,002451101389298993;-0,005020165323780999
-0,0008691253284474282;-0,007795261385099158;-0,002397835580109031;0,00011806242425034877;-0,0014484895120742969;0,0026359448958922886
-0,0008842212677307619;-0,006751262632817885;-0,003846325092183328;0,0027540073201426374;0,0006572849927218571;0,0003131907014244442
-0,0008945947100440817;-0,005803177303740973;-0,003189040099461471;0,0030671980215670816;-0,003942562755322815;-0,0036534307625920998
-0,000794807859551696;-0,005008944978351394;-0,007131602854784286;-0,0005862327410250182;-0,0005279095598455102;-0,0005592898569064825
-0,0005723330881966269;-0,004342274256940274;-0,007659512414629796;-0,0011455225979315007;0,0013632773046029084;-0,0010976441682226
-0,00037330762648255867;-0,0039608676497205255;-0,006296235110026888;-0,0022431667661541007;-0,00038732455866664905;0,0018973505917887767
-0,00022010306868575048;-0,0038858415390859687;-0,006683559668693537;-0,0003458161743653239;-4,187369612922154e-05;-0,00018932275335603122
-0,00015662518153510625;-0,004062664832852487;-0,006725433364822758;-0,0005351389277213551;4,6307824191876845e-05;-0,0010923555557587495
-0,000106979941359075;-0,004506830513366747;-0,006679125540630881;-0,0016274944834801046;0,004224545880443048;0,001645600934194677
-7,874025829189796e-05;-0,005220013528473918;-0,0024545796601878334;1,8106450714572373e-05;0,007475933564915799;0,0029449732190437996
-0,00011560035456392509;-0,006200361565206324;0,005021353904727965;0,002963079669758372;-0,004856381020260314;-0,003487605992356889
-0,00015173619280736933;-0,007278892788346243;0,00016497288446765124;-0,0005245263225985167;0,004990542625872424;0,005401793590543212
-6,93488442604787e-05;-0,008156569855297044;0,005155515510340075;0,004877267267944695;0,0017671725559318119;0,0030727598531806767
-7,942548617528725e-06;-0,009027648006869138;0,006922688066271887;0,007950027121125372;0,0010105793745452396;-0,004303353362415666
0,0002485544377432091;-0,00969250553802763;0,007933267440817127;0,0036466737587097058;-0,0013176929548406047;-0,0052230866696154205
0,0008230525089489616;-0,010080455546535244;0,006615574485976522;-0,0015764129109057147;-0,007615549256798332;-0,0008861146208572791
0,0015434175305031024;-0,010151074857410175;-0,0009999747708218099;-0,002462527531762994;0,0023014376150070626;0,0057186824358646665
0,002200726035621015;-0,009957071188846046;0,0013014628441852527;0,0032561549041016727;-0,005980833387885354;-0,001499232566002269
0,002759533439468407;-0,009803066511114789;-0,004679370543700101;0,0017569223380994037;-0,00022982047420047613;-0,009371926305895936
0,0034485870394798668;-0,009597003319616122;-0,004909191017900577;-0,0076150039677965325;0,0004257568746222906;0,0035703014825292506
0,004207917533015302;-0,009578114949865458;-0,0044834341432782865;-0,004044702485267282;-0,0003838529644146216;0,00681791620383583
0,004662647867838877;-0,009755594220830817;-0,004867287107692908;0,0027732137185685485;0,006928135801559876;0,0028911393846842437
0,00495559010325176;-0,010112410857527308;0,002060848693866968;0,005664353103252792;0,0025504323239123328;-0,002085760555925034
0,0053594608874073845;-0,010663918978531516;0,004611281017779301;0,003578592547327758;-0,0006791247968557235;-0,00684411969543558
0,005989905795693122;-0,011132993151781043;0,003932156220923577;-0,003265527148107822;-0,0002506240181553432;0,0037743131292205523
0,006763494405871968;-0,0114176160843194;0,003681532202768234;0,0005087859811127304;0,0006763333943238248;0,0013346536084661853
0,007406461930126502;-0,011544952768020814;0,004357865597092059;0,0018434395895789157;3,4050365448901054e-05;-0,0009248879216507966
0,008069780893625545;-0,011525028163611497;0,00439191596254096;0,0009185516679281192;-0,0022017017024765773;-0,005044116241746499
0,008806837440707746;-0,0113307889353185;0,0021902142600643826;-0,00412556457381838;-0,004177776470418504;0,000723715886933568
0,00958063605450707;-0,010960873068523861;-0,0019875622103541213;-0,003401848686884812;0,002858432522419019;0,007100246911710906
0,01018941208535366;-0,01050334863132665;0,0008708703120648975;0,003698398224826094;0,0018558987531252513;0,0022235969358709307
0,010662114168724857;-0,010125326682543602;0,002726769065190149;0,0059219951606970245;-0,0009558459458507418;-0,005883501316154782
0,011282752181089099;-0,00971246992127796;0,001770923119339407;3,849384454224225e-05;0,00038039303608861097;-0,004388410575836277
0,01214026999988122;-0,009190542397404711;0,002151316155428018;-0,0043499167312940346;0,0021680457794844565;-0,0005563801595354634
0,012999327572455031;-0,008597777948757886;0,0043193619349124746;-0,004906296890829498;-0,0012306227570111072;0,0011066906852413294
0,013684388475777081;-0,007918960853893939;0,0030887391779013673;-0,0037996062055881685;0,0012545698904776609;-0,006027260926129985
0,014173197503465951;-0,007067369281633495;0,004343309068379028;-0,009826867131718153;-0,0016846169251968912;0,0006172532032185374
0,014510022282931294;-0,006092228142256994;0,002658692143182137;-0,009209613928499616;-0,0030879037449353455;0,0031735975454565968
0,014453772377127912;-0,004943354640145334;-0,00042921160175320855;-0,006036016383043019;0,00019418301407880464;0,005122180350668193
0,014029137914184545;-0,0036881334523063873;-0,0002350285876744039;-0,0009138360323748262;-0,00024672878379196003;-0,0015483380732728702
0,013363062795919457;-0,0024500807285375696;-0,00048175737146636394;-0,0024621741056476965;0,00043477153815066685;0,0006419973457488237
0,012660434236359375;-0,0012214291482757276;-4,6985833315697084e-05;-0,0018201767598988727;-0,0031742389371291167;0,0030664511353140633
0,011859318712573386;-1,2047862872540402e-05;-0,003221224770444814;0,0012462743754151906;-0,0028473109925834447;0,00016638008415245653
0,010985396118391442;0,001195453989198019;-0,0060685357630282585;0,0014126544595676471;0,0007479708323114009;-0,0016650705688728284
0,010161324499226106;0,002274106850450786;-0,005320564930716858;-0,0002524161093051813;0,00036707935998944036;-0,0005215650677435069
0,009393759058443476;0,0031100182811824224;-0,004953485570727417;-0,0007739811770486882;-0,005148856706000252;0,00595290615298652
0,008616096973288637;0,0037331071146853847;-0,010102342276727669;0,005178924975937832;-0,0017103285969241738;-0,00010673128388649644
0,007807475641051852;0,00415805652535925;-0,011812670873651843;0,0050721936920513355;0,00666543250139727;-0,0013651141040016412
0,00720601130785258;0,004178912244964009;-0,005147238372254573;0,0037070795880496943;0,0011976823639916687;-0,0037157149522911714
0,006807434722335362;0,0037272611296226936;-0,003949556008262904;-8,63536424147715e-06;0,0013032590012027404;0,004535992182903598
0,006557141320340131;0,0030697204793911958;-0,002646297007060164;0,0045273568186621205;0,0019036823241219553;-6,015028099287667e-05
0,006306502503775241;0,002254197588829182;-0,0007426146829382085;0,004467206537669244;0,0014719980331005522;-0,0035055578231007745
0,006236957959956836;0,0013328228179847613;0,0007293833501623437;0,0009616487145684693;0,004410089637779363;-0,003408853105844739
0,0063461016776452;0,00038174345982281235;0,005139472987941707;-0,0024472043912762698;-0,00393953226133599;-0,0032643113499696286
0,006493711343916304;-0,0005401605643326429;0,0011999407266057166;-0,005711515741245898;-0,0006236391542899303;0,0019151272787154838
0,006543432834536357;-0,00125648566897043;0,0005763015723157863;-0,0037963884625304145;0,0018264716465554512;-6,265836551649917e-05
0,006364693695506574;-0,0019248131445439882;0,0024027732188712375;-0,0038590468280469137;-0,00637013794823324;0,006107991185463069
0,0060340990179755735;-0,002570088557224915;-0,003967364729362002;0,002248944357416155;0,006044136804768521;-0,0002948827145225069
0,005549142467322698;-0,0031192530411509926;0,002076772075406519;0,001954061642893648;-0,0026875473895112134;-2,8451227208764474e-05
0,005154143690966467;-0,0038271121142515498;-0,0006107753141046945;0,0019256104156848836;0,0020003827127224594;0,002342368921123175
0,004837307380325983;-0,004451900304335846;0,0013896073986177648;0,004267979336808059;-0,0004890785811457465;0,0012054271155545193
0,0045974954863128945;-0,005101119506984331;0,0009005288174720183;0,005473406452362578;-0,0016570961736492584;0,0005500916353121804
0,004528402765772128;-0,005694754413688104;-0,0007565673561772401;0,0060234980876747585;0,003859092520273971;-0,005256589029878578
0,004678246303325864;-0,006252368167692998;0,003102525164096731;0,0007669090577961807;-0,00024908367775683393;-0,003569744282614487
0,005069029764386591;-0,0068402446159449804;0,002853441486339897;-0,0028028352248183064;-0,002333167995970803;-0,0009636113282508185
0,005490489587759165;-0,007304020057633094;0,0005202734903690942;-0,003766446553069125;-0,0005400432619643569;-0,0013110578892804037
0,005799836002139008;-0,0076536578398676116;-1,976977159526272e-05;-0,005077504442349529;-0,0004579538003512962;0,0007216147577298049
0,005958524554396084;-0,007982484682487365;-0,0004777235719465589;-0,004355889684619724;0,0003405760172327521;0,0029574682496088245
0,0059141129289591796;-0,00831210231597093;-0,0001371475547138068;-0,0013984214350108992;0,001061114166087812;0,006204407293801784
0,005695465716137486;-0,008660828892332356;0,0009239666113740053;0,004805985858790884;-0,0018796091284143668;0,0018770768372494417
0,0054208816459153574;-0,009015041370882335;-0,0009556425170403615;0,006683062696040326;0,003335335414928947;-0,005272742103921119
0,005338537010044863;-0,009332295184977354;0,0023796928978885856;0,0014103205921192075;-0,003516834432417265;-0,0021483524630813156
0,005523514882015983;-0,009687774699753987;-0,0011371415345286795;-0,0007380318709621081;0,005108825244906634;0,002378973825894748
0,00576490557767187;-0,009948066498615077;0,0039716837103779545;0,0016409419549326398;-0,002726155826613591;0,0017777045741776965
0,005976774998489274;-0,010253843958857315;0,0012455278837643635;0,0034186465291103363;0,0037657081669754677;-0,009370919921585674
0,006254282097503983;-0,010400754070684434;0,005011236050739831;-0,005952273392475338;-0,003145550271238917;-0,0009331687023469981
0,0066685350576831046;-0,010497843067160976;0,001865685779500914;-0,006885442094822336;-0,0016968441019260538;0,007931159666393406
0,006844697082163214;-0,010394482621607928;0,00016884167757486024;0,0010457175715710698;0,000567507410364404;0,00867511351785244
0,006745441422850429;-0,010216494744874842;0,0007363490879392642;0,00972083108942351;0,0008808249704948257;0,000491230693107525
0,006688014466400487;-0,010031753201038763;0,00161717405843409;0,010212061782531034;5,087126896674565e-07;-0,008094711759292522
0,007019420753527485;-0,009817557693685112;0,0016176827711237574;0,0021173500232385123;-0,003292211237839626;-0,004053631808650093
0,007759309511955726;-0,009538675223994098;-0,0016745284667158689;-0,001936281785411581;0,003028459372257153;-0,0009318390188865766
0,008583892271313506;-0,009195085443458133;0,001353930905541284;-0,0028681208042981576;0,0023451579009316215;-0,0017229708160760027
0,009331023759254823;-0,008918476801590804;0,0036990888064729055;-0,00459109162037416;-0,006185117558126285;-0,0019347672966041896
0,009963430415024213;-0,008587710923501822;-0,0024860287516533797;-0,00652585891697835;0,0014711133629110584;-0,005285818355994926
0,010412193405978638;-0,008108981493153925;-0,0010149153887423212;-0,011811677272973276;-0,0005029877024336216;0,002972831346833099
0,010599922040253928;-0,007729693212872164;-0,0015179030911759428;-0,008838845926140176;0,00292487211328471;0,00953333644677759
0,010315183583610287;-0,0073910015481400936;0,0014069690221087672;0,0006944905206374141;-0,0014622473723732987;0,000646931940941009
0,00967689128992104;-0,007113026007055063;-5,527835026453154e-05;0,0013414224615784232;-0,003024647771832395;0,00165703185197838
0,009066378617057289;-0,00677877170508568;-0,0030799261220969265;0,002998454313556803;0,00549802391250967;0,0006024001610692165
0,008509522842656676;-0,006446728537126879;0,002418097790412743;0,0036008544746260196;-0,006259786858615279;0,00093533262486864
0,008072605240798333;-0,006237882414051955;-0,003841689068202536;0,00453618709949466;-0,001582544721197121;0,0008812399248764591
0,007779721817925032;-0,005932312379360522;-0,005424233789399657;0,005417427024371119;-0,000911539249786264;-0,006794409522669964
0,007668285879031517;-0,00578040990739719;-0,006335773039185921;-0,0013769824982988454;0,0027883244512382777;-0,004231435238473441
0,007773547021112847;-0,005845476787009843;-0,0035474485879476436;-0,0056084177367722865;0,00013411028998971952;0,001981760408718475
0,007823728863262222;-0,006163974588189934;-0,003413338297957924;-0,0036266573280538117;0,00011515532453837407;-0,0005029456351315909
0,007649573995940707;-0,006624370332887932;-0,00329818297341955;-0,0041296029631854025;0,0013648484334667366;0,0014535659899176934
0,00733035283549704;-0,007221299609504244;-0,0019333345399528135;-0,002676036973267709;0,0018096031798844059;0,00024737678273958896
0,006845947556525955;-0,00795015620505734;-0,00012373136006840757;-0,00242866019052812;0,0014653743654219897;0,005716164405570184
0,006254500798624163;-0,008756346182208549;0,0013416430053535822;0,003287504215042064;-0,0008319863739111033;0,0006261228661277041
0,005565907633101246;-0,009567485413762494;0,0005096566314424789;0,003913627081169768;0,00026249968438407656;0,0012846050110551094
0,005008814636180011;-0,010324958925102296;0,0007721563158265554;0,005198232092224878;0,002347747696644198;-0,0020952289321279766
0,004608266722505567;-0,011062046171184397;0,0031199040124707533;0,003103003160096901;-0,0011709640565416013;0,0011585795598581944
0,004415648092520119;-0,011768247164633436;0,001948939955929152;0,004261582719955095;0,003712183210376141;0,0012639160709770336
0,004347149588938546;-0,012349651997583646;0,005661123166305293;0,005525498790932129;0,0018326256317652279;-0,003563432980775813
0,004449114394155177;-0,01285309923229669;0,007493748798070521;0,001962065810156316;-0,0031098458361892845;-0,001666627665946982
0,004772099151009093;-0,01313010154035752;0,004383902961881236;0,000295438144209334;-0,004863685297233522;0,0048021489544411294
0,005173566540269263;-0,013107353896495533;-0,00047978233535228565;0,0050975870986504634;-0,00046413406792938927;-0,0008405763098953967
0,005586851455297805;-0,012909250134158294;-0,0009439164032816749;0,004257010788755067;0,0014322536889027626;-0,003930834219616153
0,006204039854272365;-0,012730337665235148;0,0004883372856210877;0,000326176569138914;0,002385440493192892;-0,00591663299208961
0,006991508684797129;-0,012589181852443268;0,0028737777788139796;-0,005590456422950696;-0,0016790782513562696;-0,0004556837209825637
0,007792024578087449;-0,012428492548226545;0,00119469952745771;-0,00604614014393326;-0,001681978868337708;0,0013531813244459234
0,00836892221445974;-0,012152852132857262;-0,000487279340879998;-0,004692958819487336;;
0,008703974245074703;-0,01182942373638967;;;;
0,008851307922910171;-0,01152548651355728;;;;
