x;y;acc_x;acc_y;jerk_x;jerk_y
-0,0029596906711495605;-0,0059597724606998415;-0,005523572248915171;-0,0009758436753319888;-0,0013872945353437388;-0,004454644404726454
-0,0026237690324255676;-0,005940879083297687;-0,0069108667842589094;-0,005430488080058443;0,005064963835608616;0,0009579218531681477
-0,002508790283658182;-0,005961019452908811;-0,0018459029486502937;-0,0044725662268902955;-0,0008646132147536317;0,0013781965696966492
-0,002670246206261152;-0,006198379345722274;-0,0027105161634039254;-0,0030943696571936463;0,0026232870738936848;-0,0018035211011337704
-0,0029055382468101344;-0,006614641887611347;-8,722908951024066e-05;-0,004897890758327417;0,005410226878984417;0,008683515423889593
-0,0032492509338952736;-0,0071546792157881674;0,0053229977894741765;0,003785624665562176;-0,0023517852833316866;0,00042336109905186103
-0,0035964527845608225;-0,007890632174298085;0,00297121250614249;0,004208985764614037;0,0009491929529208132;0,0013969446327590784
-0,003730734723647404;-0,008475160146185514;0,003920405459063303;0,005605930397373116;-0,006290363123689011;-0,005400920813637217
-0,0037461681624882865;-0,008891328687488383;-0,0023699576646257076;0,00020500958373589895;0,0008167486439761285;0,0007458714445817138
-0,0036047853829666364;-0,009083260012896326;-0,0015532090206495791;0,0009508810283176128;-0,0041623533970748805;-0,002777516448200623
-0,003558200910030015;-0,009266990954954833;-0,00571556241772446;-0,0018266354198830104;0,0011620248176821835;0,0036597500530893
-0,0035737447979193766;-0,009412686655880636;-0,004553537600042276;0,0018331146332062898;-0,0008940490340582918;0,0030291193426424112
-0,0038179111825177164;-0,00963144777360176;-0,005447586634100568;0,004862233975848701;0,002023932209030091;-0,002788910077020146
-0,004244219071117748;-0,009776884305994632;-0,003423654425070477;0,002073323898828555;0,0021761452347707766;0,00022380951519809789
-0,004888430425081801;-0,009727831479353556;-0,0012475091902997004;0,002297133414026653;0,002319302425724784;0,0015775012732891502
-0,0056695879560486745;-0,009595845696759338;0,0010717932354250836;0,0038746346873158033;0,005191293737463298;-0,0020792272106008314
-0,006500645854627535;-0,009371974577604053;0,006263086972888382;0,001795407476714972;-0,0003995789365846547;-0,004730794016493817
-0,007288832023789393;-0,008993118070956136;0,005863508036303727;-0,002935386539778845;0,00036141843890885594;-0,00733681341976708
-0,007826494714035714;-0,008542445265239621;0,006224926475212583;-0,010272199959545925;-0,002335394678943642;0,003336068615370641
-0,008129617082829887;-0,00820918792111426;0,0038895317962689413;-0,006936131344175284;0,00036854013016704434;0,008087632622295893
-0,008183742392615557;-0,008286818575370735;0,004258071926435986;0,001151501278120609;-0,002582791866451134;-0,005123949943311418
-0,00808228643055047;-0,008641894483394221;0,0016752800599848516;-0,003972448665190809;-0,004674860739469128;0,0028196138302143403
-0,007810507591427942;-0,008950910340292884;-0,002999580679484276;-0,0011528348349764683;0,0014019306406057863;0,0037428555946463216
-0,007471717549906021;-0,009418824143799178;-0,0015976500388784898;0,0025900207596698532;-0,002046339762452304;0,010552561450281328
-0,00725291073556347;-0,009932851340704532;-0,0036439898013307936;0,013142582209951181;0,0044950878193437405;0,0036325732876851813
-0,007098009922776059;-0,01034327770722309;0,0008510980180129468;0,016775155497636363;-0,0028225243944156597;-0,014336861913912063
-0,00708886870204188;-0,010228000785343604;-0,001971426376402713;0,002438293583724299;-0,0015802546049064337;-0,0010722940229509204
-0,007045683560587184;-0,00944171764355866;-0,0035516809813091466;0,0013659995607733788;0,00444604239423993;0,0036605748755266787
-0,007081355474188596;-0,008557902758424746;0,0008943614129307831;0,0050265744363000575;-0,005087066299611587;-0,007836229509329912
-0,0072590946270423735;-0,007619447890859896;-0,004192704886680804;-0,002809655073029854;0,0007440091614769884;-0,00818174164702401
-0,007401059323378919;-0,006479930045843044;-0,0034486957252038153;-0,010991396720053864;-0,0037574018764105765;-0,009082901153953826
-0,007710732215182698;-0,005452798403747386;-0,007206097601614392;-0,02007429787400769;0,008908129406777543;0,007819104119861697
-0,008158352935994628;-0,004865322630453884;0,0017020318051631511;-0,012255193754145993;-0,00033314557140781687;0,012061971822256323
-0,008894217560871135;-0,005080818772120688;0,0013688862337553342;-0,00019322193188966996;0,0008217472448806828;0,0030241815090574775
-0,009562000913541115;-0,005786522663953332;0,002190633478636017;0,0028309595771678076;0,002709172286416872;0,0024673393322074966
-0,010175028816860882;-0,006499955433061563;0,004899805765052889;0,005298298909375304;-0,0010346874381039761;-0,0011955300848824624
-0,010700431381035208;-0,007100149819083082;0,003865118326948913;0,004102768824492842;0,004055758455672187;0,0012565612467284049
-0,01102984171460742;-0,007488412248729588;0,0079208767826211;0,005359330071221247;-0,005388908262105585;-0,0003865974221668733
-0,011204647315101674;-0,007712563925396381;0,002531968520515515;0,004972732649054373;-0,004349642231406992;-0,0063811076381015686
-0,011062617844291085;-0,007722342399214324;-0,0018176737108914764;-0,0014083749890471953;0,000221546982521581;-0,005094362239768002
-0,010819309632659875;-0,007533211567070092;-0,0015961267283698954;-0,0065027372288151974;-0,005039100062567026;0,0006882111708094718
-0,010648708369464324;-0,007400415734487747;-0,006635226790936921;-0,005814526058005726;0,005316264707466933;0,004806625995752184
-0,010541952175403569;-0,007527729391058012;-0,0013189620834699878;-0,0010079000622535417;-0,0010309831356352106;-0,002403133156431453
-0,01070060505298029;-0,007887624089948505;-0,0023499452191051984;-0,0034110332186849945;0,0023000586414160806;0,0030427719149452304
-0,01091201641389581;-0,008287834791329139;-4,988657768911775e-05;-0,0003682613037397642;0,003376473126747326;0,00577968731731654
-0,01121742558357554;-0,008824486821457173;0,003326586549058208;0,0054114260135767756;0,0025668261221570843;-0,0009384993630258687
-0,011524830216362834;-0,009375869303734798;0,005893412671215292;0,004472926650550907;-0,0022179355502106035;-0,003863025126195324
-0,011699171387187799;-0,009710794745469351;0,003675477121004689;0,0006099015243555828;0,0008490908871065517;-0,006060957080306961
-0,011637776051164152;-0,009866803121181869;0,0045245680081112405;-0,0054510555559513785;-0,004434342335656094;0,001243402612705724
-0,01142936163030032;-0,009998415435920163;9,022567245514646e-05;-0,004207652943245654;0,0005019152005139582;0,0071531406169856315
-0,011039964489112035;-0,010348069972896513;0,0005921408729691047;0,002945487673739977;0,003192193978495156;0,0016451911115256124
-0,010646958321025546;-0,010866030627602687;0,0037843348514642605;0,0045906787852655895;-0,0005923021084321689;-0,004565526292699407
-0,010230266518020292;-0,011266171775359263;0,0031920327430320916;2,5152492566182794e-05;-0,005991733111818276;-0,005209160208266561
-0,009662201320956468;-0,011482685771705217;-0,0027997003687861843;-0,005184007715700378;0,002073760894680976;0,006652563211779927
-0,008966454814171361;-0,011698193668348521;-0,0007259394741052083;0,0014685554960795488;0,0004025849321445951;0,0058423249763890905
-0,0083826963221377;-0,012121061873619844;-0,0003233545419606132;0,007310880472468639;0,0020504722301208367;-0,0045525012072277216
-0,007827975409068249;-0,012485187859047982;0,0017271176881602235;0,002758379265240918;-0,001879030816935079;-0,0019944812321118777
-0,0072861886776772215;-0,012556878625577375;-0,0001519131287748554;0,0007638980331290401;-0,005416501798408496;0,005268224829678703
-0,006675317238759785;-0,012518234221497131;-0,005568414927183352;0,006032122862807743;0,002538727493632653;0,005420818868866528
-0,006070522324993343;-0,012449033896091727;-0,0030296874335506985;0,011452941731674271;0,0021294680906903396;-0,0077025118850734264
-0,0056884640083142346;-0,01213854865617401;-0,0009002193428603589;0,0037504298466008446;-0,004742947534175396;-0,008412919686441478
-0,005427593188977155;-0,011369945746989326;-0,005643166877035755;-0,004662489839840633;-0,0033090384949329144;0,0006992217970419046
-0,005202731143354488;-0,010451325643940607;-0,008952205371968669;-0,003963268042798729;-0,00012554361980465778;-0,0004422103410703926
-0,005203595772813254;-0,009719205134485511;-0,009077748991773327;-0,004405478383869121;0,004139387417394252;-0,002760287302691039
-0,005562548617150764;-0,009145615346742367;-0,004938361574379074;-0,0071657656865601604;0,0055393373865745;0,003312019849704695
-0,006284611421159209;-0,008748244694353986;0,0006009758121954256;-0,0038537458368554656;0,0017703450513422148;0,003047879099065204
-0,0072042086881428154;-0,008637504669428012;0,0023713208635376404;-0,0008058667377902617;0,002060492635638872;0,0029007777302650084
-0,008099766922638606;-0,008680914477976257;0,004431813499176512;0,0020949109924747467;0,00396295422617432;0,001056091891829286
-0,008900472322592891;-0,008756558956036112;0,008394767725350832;0,0031510028843040327;-0,00011327270194436134;-0,0014095046261326238
-0,009523905182580115;-0,008748406994396978;0,008281495023406471;0,001741498258171409;-0,0020152232019689242;0,003139630774534219
-0,009811547333553305;-0,008614214917385682;0,006266271821437547;0,004881129032705628;-0,0008589201090622445;-0,003251133842256587
-0,009767929683590238;-0,00841036291004753;0,005407351712375302;0,0016299951904490406;-0,005628739540946753;0,00397482626899387
-0,009473661160769668;-0,008011265741401152;-0,000221387828571451;0,00560482145944291;0,002467822451402951;-0,003535679158956806
-0,008963098569454086;-0,0075469687651368135;0,0022464346228315;0,0020691423004861043;-0,0038471062681955936;-0,0036557472249746092
-0,008461391491281361;-0,006858478930494758;-0,0016006716453640935;-0,001586604924488505;-0,0008616915668777092;-0,0036682544215182883
-0,007869827028195378;-0,006087223403833259;-0,0024623632122418027;-0,005254859346006793;-0,00014727773915540476;-0,0019786021097414064
-0,007342289430923957;-0,0053794320741513;-0,0026096409513972074;-0,0072334614557482;-0,004345895712828257;0,0009118452122995613
-0,006913246362142209;-0,004881835118309611;-0,006955536664225465;-0,006321616243448638;0,005498904806805621;0,0017202563180355318
-0,00658858893141635;-0,004673576620697852;-0,0014566318574198434;-0,004601359925413107;-0,005172333211109131;0,0012786993146171322
-0,0065421529672595085;-0,004718182772824038;-0,006628965068528975;-0,0033226606107959744;0,002845556056313342;0,0028256689378095973
-0,006553982277399461;-0,004946843321966748;-0,0037834090122156327;-0,0004969916729863771;-0,0021654285810853713;0,002347130284087881
-0,006830970190280572;-0,005308410295541297;-0,005948837593301004;0,001850138611101504;0,005299644405129422;0,0013776231357911783
-0,007259294463650309;-0,005689856936035301;-0,0006491931881715818;0,0032277617468926822;0,0030580367560316957;-0,002888970199571045
-0,007925572240752085;-0,005997298032085246;0,002408843567860114;0,0003387915473216374;0,0015826367816575149;-0,004051513571617649
-0,008617817745380726;-0,006175628658259482;0,003991480349517629;-0,0037127220242960113;0,0014885327387709757;0,005133085564622802
-0,009213709507294962;-0,006340407622540853;0,0054800130882886045;0,0014203635403267911;0,0022752373695173744;0,0028753149846506565
-0,009649942055228492;-0,006653695467794065;0,007755250457805979;0,004295678524977448;-0,0005667056134247561;0,0038523691162266616
-0,009866974079630478;-0,006910168771434205;0,007188544844381223;0,00814804764120411;-0,004810527134091275;-0,007265385766499016
-0,009773796085720226;-0,006994814934075248;0,002378017710289948;0,0008826618747050929;-0,002714117132698035;-0,0017126531172564907
-0,009393076298034724;-0,006753539191068126;-0,0003360994224080871;-0,0008299912425513978;0,0009567076754661841;0,0014655186807366882
-0,008917235801937625;-0,006476956973072799;0,000620608253058097;0,0006355274381852904;-0,0033317697084328246;0,002510828066388443
-0,008454839282736848;-0,00623357440477953;-0,0027111614553747276;0,0031463555045737335;0,0007561635233430397;-0,004062242529625587
-0,007967618433413749;-0,0059647707389588476;-0,001954997932031688;-0,0009158870250518536;0,0007883697651893673;-0,00604125038903186
-0,007588844042305637;-0,005570112852955217;-0,0011666281668423206;-0,006957137414083714;-0,004680118263337807;0,005518070039995132
-0,0072882695684787936;-0,00521209044795366;-0,0058467464301801275;-0,0014390673740885818;0,005009062607795073;0,0013836680963004167
-0,0070343602213256435;-0,0051323535395154515;-0,0008376838223850547;-5,539927778816511e-05;-0,0011909760617160037;0,0003690736553681184
-0,007014320731379697;-0,005110179326040787;-0,0020286598841010584;0,0003136743775799533;0,0018130444720025063;-0,006264832250738067
-0,0070277885943291546;-0,005090221083677649;-0,00021561541209855206;-0,005951157873158114;-0,005204382544263225;-0,0016344046324574535
-0,007122402852642653;-0,005057715866211312;-0,005419997956361777;-0,007585562505615567;0,0025308873577358504;0,009874746839697551
-0,007225641727440094;-0,0052632569636713;-0,002889110598625927;0,002289184334081984;0,005240441941268964;-0,000723583461812477
-0,007545680520492006;-0,005772220561355911;0,002351331342643037;0,001565600872269507;0,001002785173948223;0,0022466336703753087
-0,007981283737488956;-0,006189616785677242;0,00335411651659126;0,0038122345426448156;-0,00021850018479610545;-0,0036282329629176435
-0,008322833700780184;-0,006544388975107793;0,0031356163317951546;0,00018400157972717213;-0,003069558426500363;0,0038086060114623788
-0,00853021900340776;-0,006746671782832552;6,605790529479183e-05;0,003992607591189551;0,002175258779715611;0,0029842100163695595
-0,008612179652763532;-0,0069415945273682235;0,0022413166850104027;0,00697681760755911;0,0013949227037246548;-0,0037597756739833066
-0,008691497985907511;-0,006976812968256313;0,0036362393887350575;0,003217041933575804;-0,004474355856169621;-0,00835565620572487
-0,008681163651651076;-0,006732958704842038;-0,0008381164674345631;-0,005138614272149067;0,000783961524214366;-0,003858023295543217
-0,008525379741845236;-0,006360422764084731;-5,4154943220197094e-05;-0,008996637567692284;0,00026212082994847563;0,011236424399639705
-0,00840312049073678;-0,006193431394213387;0,00020796588672827854;0,0022397868319474212;0,00046724977766401943;0,006086390365196953
-0,008283027437357132;-0,006386305527049734;0,000675215664392298;0,008326177197144374;0,0032570684421402984;-0,002749926076155068
-0,008154615748508351;-0,006489588186608184;0,003932284106532596;0,005576251120989306;-0,0033298212052796095;-0,00576465831223863
-0,00799919543308388;-0,006259823758280859;0,000602462901252987;-0,00018840719124932348;3,6131073105794e-05;0,003188677420030636
-0,007686483753398105;-0,005807009285113962;0,000638593974358781;0,0030002702287813127;-0,0026091760386847684;0,0016231132916672275
-0,00734967355766221;-0,005361731099597038;-0,0019705820643259875;0,00462338352044854;-0,001922264269812346;-0,004098346154997087
-0,006987319602951963;-0,004796442104928861;-0,0038928463341383335;0,0005250373654514529;0,003096709829889105;-0,007921284445886786
-0,006703788930814757;-0,004046217769442743;-0,0007961365042492285;-0,007396247080435334;-0,0003284741270896119;-0,0008543825290353302
-0,006575972112043083;-0,0032749919393385667;-0,0011246106313388404;-0,008250629609470664;0,0017228185668487495;0,005225772327186809
-0,00648000075344138;-0,002799615992451804;0,000598207935509909;-0,003024857282283855;0,0006029161722803378;0,003278885625464606
-0,006429013820093229;-0,002654265229943867;0,0012011241077902468;0,00025402834318075107;0,0014139923392606224;-0,002429106622980709
-0,006354098569324682;-0,0026299087587272852;0,002615116447050869;-0,002175078279799958;-7,599447861023068e-05;0,003497227693538149
-0,006231138354244526;-0,0025953911537834728;0,0025391219684406385;0,0013221494137381912;-0,0030887602386042157;-0,0007768200168043887
-0,006003573481282334;-0,002647876680031659;-0,0005496382701635771;0,0005453293969338024;-0,002680831225287561;-0,006232772855923774
-0,005674443729582517;-0,0026474762297303174;-0,003230469495451138;-0,005687443458989971;-0,00014541784679625303;0,0008809653246198285
-0,0053672995086892425;-0,0026252626035516233;-0,003375887342247391;-0,004806478134370143;0,002120709612180305;0,0034891231213832336
-0,005189374067614014;-0,002830546715732529;-0,0012551777300670863;-0,0013173550129869094;-0,0036979833779315907;0,009511206081438864
-0,005146484120228682;-0,0032280899532882395;-0,004953161107998677;0,008193851068451954;0,00040263435700743644;-0,0075877485647909415
-0,005153801282046032;-0,003678327391363427;-0,004550526750991241;0,0006061025036610129;-0,0010966662379400527;-0,004826837319899316
-0,00535924488818333;-0,003800810786700536;-0,005647192988931293;-0,004220734816238303;0,007198209873518907;0,007172520888562253
-0,005746709564360277;-0,0038990500818912046;0,0015510168845876138;0,0029517860723239503;0,0009090158002879045;0,0014351267563683795
-0,006360061960094476;-0,004166118769731405;0,0024600326848755183;0,00438691282869233;-0,0016768546618212976;-0,007195657163130698
-0,006911373680445171;-0,004315116014678648;0,0007831780230542207;-0,002808744334438368;0,0016497740377462156;-0,0028333932737207995
-0,007364284093400845;-0,004288636746478197;0,0024329520608004362;-0,005642137608159167;0,0006818475470120877;-0,00014559566722197048
-0,0077858673854343495;-0,004374507251655281;0,003114799607812524;-0,005787733275381138;0,0034506067937802587;0,00501978944134171
-0,008110132595035837;-0,0046860632611587325;0,006565406401592783;-0,0007679438340394279;-0,005241590969649962;0,0010790130627102018
-0,008309805820324824;-0,005229128601677429;0,0013238154319428208;0,0003110692286707739;0,00042323188043066895;0,0008902867646934931
-0,0082468627895501;-0,005802911695557703;0,0017470473123734898;0,001201355993364267;-0,004033999668912408;0,00036698110240282467
-0,008130967141497662;-0,0063642520202911446;-0,0022869523565389183;0,0015683370957670917;0,0047538716939926895;0,000674581847672745
-0,007945189600950284;-0,006877538105290017;0,0024669193374537712;0,0022429189434398367;-0,0026818900244179322;-0,0008800767819218402
-0,007850890154664465;-0,007328090706458205;-0,000214970686964161;0,0013628421615179964;-0,0009602683736076867;0,0035771581706556532
-0,007657913934880493;-0,0076889265498888;-0,0011752390605718477;0,00494000033217365;0,0008387302524268669;0,0024190974089567663
-0,0074735365425750875;-0,007995248706858674;-0,00033650880814498074;0,007359097741130416;0,0016550530006407271;-0,00783159424545285
-0,007336168712692557;-0,008103970850541603;0,0013185441924957464;-0,00047249650432243384;-0,00040202855790821834;0,00025618396236559704
-0,007212261235135825;-0,007918329084579316;0,000916515634587528;-0,0002163125419568368;-0,0018946325436866585;0,0007851083574620388
-0,007035611989879263;-0,007751587178789925;-0,0009781169090991304;0,000568795815505202;0,0019739458026633017;0,00031606254913954523
-0,006822302119239201;-0,007593497774678808;0,0009958288935641713;0,0008848583646447472;-0,0002925445032163909;7,518478059440059e-05
-0,006648116924963103;-0,007412656537947483;0,0007032843903477803;0,0009600431452391478;0,002042182256315861;-0,005866907603890553
-0,006434098574944439;-0,007196420966630368;0,0027454666466636413;-0,004906864458651405;-0,0036320418598549953;0,0034022287663821593
-0,006191948849311863;-0,006941783669503688;-0,000886575213191354;-0,001504635692269246;-0,0008404537841557314;0,0028112297688045185
-0,005839980457812742;-0,006883420950723062;-0,0017270289973470854;0,0013065940765352724;-0,002501188225908113;-0,002903698415383682
-0,0055234750748412755;-0,0068852436596332075;-0,0042282172232551984;-0,0015971043388484096;0,0007037050888552832;0,0022904834997926893
-0,005276050851763692;-0,006834802605481942;-0,0035245121343999153;0,0006933791609442796;0,0012068055115827536;-0,0012408611698591088
-0,005197755317616316;-0,0068482457248846135;-0,0023177066228171617;-0,0005474820089148291;0,0021407898646914336;-0,0035506054162667278
-0,005260440268844937;-0,006833953677849513;-0,00017691675812572805;-0,004098087425181557;-0,0033288952705551045;0,0022154170429331543
-0,005415833484986245;-0,006841560911171005;-0,0035058120286808325;-0,0018826703822484026;0,002016876765250364;0,006810795095344296
-0,005578303371452581;-0,00701309164149976;-0,0014889352634304687;0,004928124713095894;0,0017351161809195659;-0,0011270728535487107
-0,005881005739066151;-0,007259929187118451;0,0002461809174890972;0,003801051859547183;0,002866753764189489;-0,005321514555954837
-0,00624326551721694;-0,007309641744213307;0,0031129346816785863;-0,001520462696407654;-0,00011267749864388166;-0,003241162244079776
-0,006595678058668164;-0,007207312226926274;0,0030002571830347047;-0,00476162494048743;-0,002203265074092825;0,0029560646764644483
-0,006823573212852246;-0,007165801217495549;0,0007969921089418797;-0,0018055602640229818;0,0010070077902227248;0,006740797501951307
-0,006931458079714938;-0,00731475520568432;0,0018039998991646045;0,004935237237928325;-0,0018954727853894016;-0,0063054456716821194
-0,007007463262219956;-0,007535931604434011;-9,14728862247971e-05;-0,0013702084337537945;0,0027282942427719337;-0,0014629980910371154
-0,00701130844875839;-0,007559698513666569;0,0026368213565471366;-0,00283320652479091;-0,0050263611025093136;-0,0035009644442878796
-0,007018812550745815;-0,007638273760249278;-0,002389539745962177;-0,0063341709690787895;0,0019004939562903;0,006673896415766545
-0,006920843798471355;-0,007830177267823623;-0,000489045789671877;0,0003397254466877553;-0,001211024918990139;0,006426314165010383
-0,006918456636035383;-0,008275447614161121;-0,001700070708662016;0,006766039611698138;0,002683969310919382;-0,005416982444287066
-0,006935631305186285;-0,008707128942631108;0,000983898602257366;0,0013490571674110718;0,001693336592490019;-0,0051101601060980495
-0,007020808802683668;-0,00886816868663317;0,002677235194747385;-0,0037611029386869776;-0,004353135746802905;0,0035150262207264416
-0,007066630356090757;-0,008975246143938789;-0,0016759005520555204;-0,0002460767179605361;0,0038395822705545313;0,007894496984158034
-0,00700536250170795;-0,009232767718791886;0,002163681718499011;0,007648420266197498;-0,0014820034368449864;0,0011448662885753524
-0,007011130669407363;-0,009500132362363406;0,0006816782816540246;0,00879328655477285;0,0008819593035340467;-0,007864942145276527
-0,006930351568366816;-0,009461560195287025;0,0015636375851880713;0,0009283444094963234;0,00023085929471730604;-0,0017181927449573253
-0,006822305336060108;-0,00907125656601973;0,0017944968799053773;-0,000789848335461002;-0,0016470462887835657;0,004827199852175945
-0,006651713600345877;-0,008643819160372584;0,00014745059112181158;0,004037351516714943;0,0012083973781837065;0,0006731139679552467
-0,006409341989435432;-0,008247975688143876;0,001355847969305518;0,00471046548467019;-0,001622027767551687;-0,006085372300762004
-0,006161072354880114;-0,0076906381552465704;-0,0002661797982461689;-0,0013749068160918143;-0,000348310774375471;-0,002654861905873579
-0,005858568801552575;-0,006944882002962458;-0,0006144905726216399;-0,004029768721965393;-0,000395823930167738;0,0027554562562391305
-0,005566712440154883;-0,006254122123322018;-0,0010103145027893778;-0,0012743124657262628;-0,002069921302229341;0,00586146984442848
-0,0052994357016620565;-0,005724552992560194;-0,003080235805018719;0,004587157378702217;0,0032979114218065486;-0,0027605897884345476
-0,005072571543280805;-0,00524595636042742;0,00021767561678782965;0,0018265675902676692;-0,0021843405753573797;-0,007580887997333363
-0,004968916817100303;-0,004583873433146557;-0,00196666495856955;-0,005754320407065694;0,0038933212614182394;0,0005484266378188718
-0,004856555066248287;-0,003848727802254988;0,0019266563028486894;-0,005205893769246822;-0,003357582379271959;0,004484134475139304
-0,004822859913739053;-0,003343754987646046;-0,0014309260764232695;-0,0007217592941075185;0,0017489124725707378;0,003215286108554573
-0,0047120985091158715;-0,0030470179238069775;0,00031798639614746826;0,0024935268144470543;6,54315193755195e-05;-0,005436121976067569
-0,0046585741475496205;-0,0027791512317322095;0,00038341791552298776;-0,002942595161620515;-0,0031863226846267773;-0,0019108395928521052
-0,0045923303301374716;-0,002411543467079559;-0,0028029047691037895;-0,00485343475447262;0,00163052003475396;0,0022266793710893143
-0,0045107497961044025;-0,0021616395088917295;-0,0011723847343498295;-0,0026267553833833057;-0,0003579320032386646;0,003649926498422003
-0,004541285452835485;-0,0021058729408828048;-0,001530316737588494;0,0010231711150386971;0,003822969782863478;-0,00156013140878037
-0,004618716498940561;-0,002155176588209212;0,002292653045274984;-0,0005369602937416729;-0,000844676870680891;-0,0006332487718527791
-0,004757360214549177;-0,002163553390934072;0,0014479761745940928;-0,001170209065594452;0,002613134694570182;0,0016291685092382976
-0,004804297808346793;-0,0021934086054085982;0,004061110869164275;0,0004589594436438457;-0,0012443276755113308;-0,0017573000042904185
-0,004793316355160645;-0,002270072182506903;0,002816783193652944;-0,0012983405606465728;0,0012040688383059411;0,005172290628200606
-0,0046198904672079275;-0,0023283773818594537;0,004020852031958885;0,003873950067554033;-0,0018553775385564408;-0,004058183733835256
-0,004333793251509091;-0,002438616203637867;0,0021654744934024445;-0,00018423366628122356;-0,0021407898931302127;-0,0015087941251804918
-0,0038868619545318994;-0,0023938970227141195;2,4684600272231738e-05;-0,0016930277914617153;-0,0002298259991709295;-0,0022972107363302477
-0,00335331167781861;-0,002356547188441621;-0,00020514139889869776;-0,003990238527791963;-0,005733172442579648;-0,0016564017861251945
-0,0028187740170944314;-0,002386918465827591;-0,005938313841478346;-0,0056466403139171575;0,0010125455002076567;0,0027233142593510104
-0,002292442012326201;-0,0025768992843252393;-0,004925768341270689;-0,002923326054566147;0,0009688737454307816;-0,0004517782398830855
-0,002003642561217104;-0,002992745715379574;-0,003956894595839908;-0,0033751042944492327;0,0005302521817111688;0,006889687673661243
-0,0019118738437588344;-0,0035255251886165545;-0,003426642414128739;0,0035145833792120107;0,003338789750515672;0,0031390700988697673
-0,0019783809101341617;-0,004193308833631505;-8,785266361306665e-05;0,006653653478081778;0,0020828668348768925;-0,001528365463056694
-0,002181953673074638;-0,004720509143477974;0,001995014171263826;0,005125288015025084;-0,0019182070579535637;-0,002236238236075272
-0,0023890405425596372;-0,0049815633142011725;7,680711331026213e-05;0,002889049778949812;0,0022128587169542163;0,004379600205115269
-0,0025163268451940837;-0,005037605964323367;0,0022896658302644785;0,0072686499840650814;0,0009999712941900357;-0,00014059514486639002
-0,0026405408632961193;-0,00497808662328757;0,003289637124454514;0,007128054839198691;0,001325753022432874;-0,0034637559409039093
-0,002673168248187576;-0,004627821282889169;0,004615390146887388;0,003664298898294782;-0,0012540376474160994;-0,0023474500962647124
-0,002574210148100852;-0,0039924337489228206;0,0033613524994712887;0,0013168488020300698;-0,001789289708590977;0,0038672093354397905
-0,002290636442138632;-0,003210474259024681;0,0015720627908803117;0,00518405813746986;0,0026387461797250655;-0,001183699107332896
-0,0018726086361975612;-0,0023758408170453387;0,004210808970605377;0,004000359030136964;-0,0033511841070091378;-0,0038759740537364536
-0,0013916983186212776;-0,0013338450495672016;0,0008596248635962395;0,00012438497640051074;-0,0032842954977538204;-0,0036249747048507745
-0,0007423556422207788;-0,00013183492088358613;-0,002424670634157581;-0,0035005897284502638;-0,0015888272575490872;0,001903628322633199
-5,8627971276430655e-05;0,0010751506068560498;-0,004013497891706668;-0,0015969614058170649;0,0018881977562569263;-0,0013729049123224236
0,0005281128743016144;0,002142112545457675;-0,002125300135449742;-0,0029698663181394885;-0,002666549407478437;-0,0023008429509797645
0,0009543138042113926;0,003145196027826618;-0,004791849542928179;-0,005270709269119253;-0,0023040301161922176;-0,0009344090162776153
0,0012955027287031812;0,004029484857469981;-0,0070958796591203965;-0,006205118285396868;0,0018702139671514864;-0,00151655802242473
0,0014450176714778426;0,004702945316348574;-0,00522566569196891;-0,007721676307821598;0,00443927431905748;0,0009272679746585993
0,0013106974278876882;0,005128201043811292;-0,00078639137291143;-0,006794408333162999;5,790717368338999e-05;0,001267356906987288
0,0009673505566187773;0,005244589718961147;-0,00072848419922804;-0,005527051426175711;-0,0027957312786623164;-7,266733658527202e-05
0,0005925480304334093;0,005089202060784482;-0,0035242154778903564;-0,005599718762760983;0,0038045778676051908;0,007911929940130666
0,00018860613627891964;0,004712732345560787;0,00028036238971483433;0,002312211177369683;0,0023422727401322743;0,002161768971482708
-0,00035630437699118425;0,004112273879826654;0,0026226351298471087;0,004473980148852391;0,001786164236994044;0,0001505831853051698
-0,0008900003946726948;0,003604303861187308;0,004408799366841153;0,004624563334157561;-0,006071170450940001;0,0009016608100779477
-0,001318791007160321;0,0032752930485020577;-0,0016623710840988487;0,005526224144235509;0,002567305199063674;0,002883725700590062
-0,001571229644974301;0,00313126476918311;0,0009049341149648255;0,00840994984482557;0,0010391742392516987;-0,004524020361212605
-0,0018901631261522352;0,0032082854556335825;0,0019441083542165241;0,0038859294836129654;-0,00010345604793324248;-0,006456002400687763
-0,002172899242731576;0,0036217041358770773;0,0018406523062832816;-0,0025700729170747977;0,0009291429340883423;-0,001133905208560132
-0,002377871025142256;0,004190559995465091;0,002769795240371624;-0,0037039781256349297;0,0031221973987311177;0,0024754105036645935
-0,0025092167153016047;0,0046566129383701135;0,005891992639102742;-0,0012285676219703362;-0,002316587278050085;-0,0024153255811699276
-0,002529770595846089;0,004974506756249738;0,0035754053610526568;-0,0036438932031402638;0,001490739765713442;-0,005399067830352544
-0,002314644770826463;0,0052432578692505494;0,005066145126766099;-0,009042961033492808;-0,004642156478468544;0,00881246871300409
-0,0019565027313647307;0,0053662532541257505;0,00042398864829755467;-0,0002304923204887177;-0,0012132173245323237;0,004817557451587226
-0,0013957148868323547;0,005127530197661239;-0,000789228676234769;0,004587065131098508;-0,0008913265572332088;-0,0054186496005852874
-0,0008179674963680764;0,004879587448377179;-0,0016805552334679778;-0,0008315844694867791;-0,000659958043107662;-2,6499318894326884e-05
-0,00027178925295318887;0,004815127304337059;-0,00234051327657564;-0,000858083788381106;0,003279993405271143;0,0024013860038829687
0,00020716678112297953;0,004717403781517467;0,0009394801286955034;0,0015433022155018628;-0,004062614257737934;0,0048322108598432695
0,0005925022841361224;0,004585356907162632;-0,003123134129042431;0,006375513075345132;0,003368766337947046;-0,004148646273998191
0,0010154169922970853;0,004515042121427872;0,00024563220890461493;0,002226866801346941;5,6456507397623784e-05;-0,007783164322346825
0,001313406335296351;0,004699747858706916;0,0003020887163022387;-0,005556297520999884;-5,719551000270273e-05;0,005408844867732077
0,0016212209666518012;0,004973528268039838;0,000244893206299536;-0,0001474526532678072;-0,003144623567883316;0,0021019060773252024
0,0019411191466593412;0,005025056776532765;-0,00289973036158378;0,001954453424057395;0,0013592242989693762;-0,002093065730824184
0,0022708130549188624;0,0050706871788949795;-0,0015405060626144038;-0,00013861230676678882;0,002990032433238546;-0,00525156353525183
0,0024845177487150326;0,0051944957182194895;0,001449526370624142;-0,0053901758420186185;0,0013793636736266837;-0,0058315340214050715
0,0026366022000066263;0,0053127597652733284;0,002828890044250826;-0,01122170986342369;-0,003235165925289607;0,011820896158964575
0,002846667706123186;0,005215416778646422;-0,0004062758810387812;0,000599186295540885;0,00022656411785547392;0,006485257384484688
0,003169888814009779;0,004669205397482569;-0,00017971176318330728;0,007084443680025573;-0,0008282628717663637;-0,006123955286231719
0,00347685888665482;0,0041469614681403505;-0,001007974634949671;0,0009604883937938541;-0,0030279388228766496;-0,0003395396948518703
0,0037766404887725293;0,003908095285999155;-0,004035913457826321;0,0006209486989419838;0,0020390460665930116;0,005421883726632382
0,004036103105492251;0,003707648639609714;-0,001996867391233309;0,006042832425574365;-0,0031449195592037904;0,0026255951003851946
0,004134129183898921;0,0035320399411779523;-0,0051417869504370994;0,00866842752595956;0,0033934504509614966;-0,0039178734149525885
0,004152280566656258;0,0035981445397691653;-0,0017483364994756029;0,0047505541110069716;0,0002822642876101761;-0,015276254997958802
0,003964760471396111;0,004010986239398761;-0,0014660722118654268;-0,01052570088695183;-0,0006012199200138846;-0,003038214012167459
0,0037073069161569403;0,004613850103468635;-0,0020672921318793114;-0,01356391489911929;-0,00027562626871307366;0,00966831432281666
0,003391210472443152;0,004795685932060436;-0,002342918400592385;-0,0038956005763026297;0,003795690813773865;0,008167398948800253
0,0029924223434541915;0,004434965164687465;0,00145277241318148;0,004271798372497623;-0,002936411416378834;-0,002410968531730659
0,0024999174784415355;0,003918420374262389;-0,001483639003197354;0,0018608298407669643;0,0016404250714635964;-0,0011511606466768631
0,0020655235099561386;0,0035727475187372184;0,0001567860682662424;0,0007096691940901012;0,002826293487004271;0,00478225507539011
0,001571783981342848;0,0033015078568427256;0,002983079555270513;0,005491924269480211;0,0007793318227097799;0,003713784215575333
0,0010843158954602066;0,0030586549627118374;0,003762411377980293;0,009205708485055544;0,0031363788693712664;-0,006790212303444704
0,0007161709917883859;0,0030354790393601577;0,0068987902473515595;0,0024154961816108406;-0,007358392465460639;-0,009932756235286222
0,0004985225432357769;0,0033805314554106996;-0,00045960221810907934;-0,007517260053675381;0,0023821863163323003;-0,0018353234947362518
0,0005568257045772304;0,003822203718725675;0,001922584098223221;-0,009352583548411633;0,0013102010521550776;0,0010695088424045596
0,0005967447771943206;0,003963185579893636;0,0032327851503782985;-0,008283074706007074;-0,005920560713612251;0,001892387734581065
0,0007135672137403397;0,003730064099125131;-0,0026877755632339524;-0,006390686971426009;0,00149737794948792;0,008683568632461114
0,0009597010563014907;0,0031656196301163425;-0,0011903976137460325;0,002292881661035105;-0,0010767246390468894;0,003080553500263903
0,0010983238763332837;0,0023455476822505142;-0,002267122252792922;0,005373435161299008;0,0030127088885153613;0,0017982044251713333
0,0011893307918152353;0,00161719100082609;0,0007455866357224394;0,0071716395864703415;-0,0003461469507874959;0,0043524083182353845
0,0011896528171854701;0,0011037717258536263;0,00039943968493494353;0,011524047904705726;0,00048501423317233797;-0,0020387699998884387
0,0012197983079846025;0,0008772180343399762;0,0008844539181072815;0,009485277904817287;-0,0014077215306599507;-0,00423657159257575
0,0012659213861811326;0,0011116262590145551;-0,0005232676125526692;0,005248706312241537;-0,002434832088131965;-0,00444498789028186
0,001347422621101954;0,0017254455998818256;-0,002958099700684634;0,0008037184219596774;0,0009485868330060855;0,0025928125975277147
0,0014079931515206684;0,0025492131932387573;-0,0020095128676785486;0,003396531019487392;0,0004410039265338693;-0,00305902405272937
0,0013502396939119976;0,0034051295234740764;-0,0015685089411446793;0,00033750696675802216;-0,00020469126193731202;-0,008799593554392887
0,001212105721596185;0,004396907094488891;-0,0017732002030819913;-0,008462086587634865;-0,0013809259807703467;0,0019383869022796818
0,001011231391634585;0,005402184944174026;-0,003154126183852338;-0,006523699685355183;0,0028227120074455613;0,0057325488258200274
0,0007394290535497055;0,006068979330353768;-0,0003314141764067767;-0,0007911508595351557;3,696454613646982e-05;0,0005675139972010634
0,00034146166811073236;0,006474825729119301;-0,0002944496302703069;-0,0002236368623340923;-0,0013777596576305291;-0,008979350784162649
-6,976228438451178e-05;0,006849026093503428;-0,001672209287900836;-0,00920298764649674;0,0013821515354050014;0,0015491995751289178
-0,0004927642220905682;0,0072142809833941925;-0,00029005775249583456;-0,007653788071367823;-0,0006063481493239469;0,0066244567319057035
-0,000982654531312658;0,007211416367425087;-0,0008964059018197815;-0,0010293313394621195;-0,0002219507025637002;0,00044473254100074744
-0,0014841471506345813;0,006902400228601268;-0,0011183566043834817;-0,0005845987984613721;0,0027688301499869186;-0,005089985275646358
-0,0020214960060292958;0,0065522108361989635;0,001650473545603437;-0,00567458407410773;0,0029214215212585853;0,003298830163279018
-0,00260357912559935;0,006178637491858206;0,004571895066862022;-0,0023757539108287123;0,003909401482710781;0,0041772341938361435
-0,003119643303345266;0,005578080784553138;0,008481296549572803;0,0018014802830074311;-0,003130060760943243;0,004690439426006804
-0,0034528316784167012;0,004882493920814922;0,00535123578862956;0,006491919709014235;-0,000924608585078257;-0,0017766296123802733
-0,0034467681915052247;0,004258966268397003;0,004426627203551303;0,004715290096633962;0,0012319484655978555;0,00023656071312173899
-0,0032266552730485652;0,003895115404339653;0,005658575669149159;0,004951850809755701;-0,002357986432029946;0,004447670244684537
-0,002829477266449854;0,0037198761441476617;0,0033005892371192128;0,009399521054440238;-0,0034556640804812404;-0,00586631103975517
-0,0022059562330851764;0,003742710916345899;-0,00015507484336202762;0,0035332100146850676;-0,0034121109616783805;-0,004936851886108012
-0,0014504116302357303;0,004141526530721746;-0,003567185805040408;-0,0014036418714229448;0,00231691137699332;0,002127905405827815
-0,0007010700211207653;0,004681670545684994;-0,0012502744280470882;0,0007242635344048703;0,0011884072103899163;-0,0008666651144838694
-9,441584420741657e-05;0,005165668885791326;-6,186721765717197e-05;-0,00014240158007899906;-0,002181158453695445;-0,0033877825566320796
0,0004622273555840486;0,005678637767273852;-0,0022430256713526168;-0,0035301841367110787;0,00032688621275220493;-0,002715111423840205
0,0010163958666692269;0,006185910585553218;-0,0019161394586004118;-0,006245295560551284;0,00066467696405801;0,004760480704306708
0,0014808433509003005;0,006551976038364142;-0,0012514624945424019;-0,0014848148562445762;0,0011272355102988699;0,002922167335000142
0,0018686452567873578;0,006668229668753013;-0,000124226984243532;0,0014373524787555658;-0,003245533730947388;-0,0032997571292933403
0,0022063886628927187;0,006725090704892102;-0,00336976071519092;-0,0018624046505377745;-0,00193638276995442;-0,0012455322454554552
0,0025391629896283387;0,006839445840181413;-0,00530614348514534;-0,0031079368959932296;0,00433789672989951;0,0047413936616861885
0,0027371468877563218;0,006879304789449214;-0,0009682467552458301;0,0016334567656929588;-0,0004585444179515952;0,002769967237036819
0,0027228850464784907;0,006794846262877284;-0,0014267911731974253;0,004403424002729778;0,0015066283609835585;0,0012759722557800779
0,002669893334990827;0,006775726006933074;7,983718778613313e-05;0,005679396258509856;0,0011746124226514817;-0,00392929821994914
0,0025598299765752664;0,006932742711098055;0,0012544496104376149;0,0017500980385607157;-0,0002865950752030805;-0,001478510591111315
0,0024529601056711508;0,007316935265603429;0,0009678545352345344;0,00027158744744940067;0,0041689683682155365;-0,0009202729288931288
0,00239626821918454;0,007771131741651232;0,005136822903450071;-0,0006486854814437282;-0,003968083977988701;-0,0010250748465029658
0,0023782905141073105;0,008236191715597013;0,0011687389254613698;-0,001673760327946694;0,001263737268390415;-0,004193511035337105
0,0025657857251680837;0,008675304270285043;0,0024324761938517847;-0,005867271363283799;-0,002409808677896516;8,703810219432007e-05
0,002800030493247312;0,009047466411855205;2,2667515955268613e-05;-0,005780233261089479;-0,0023508816273244554;0,0032037996079722353
0,0031315743090806116;0,009184937698894016;-0,0023282141113691868;-0,002576433653117244;0,0023527991692208067;3,038111512226882e-06
0,003464024825552122;0,009091199655489247;2,4585057851619907e-05;-0,002573395541605017;-0,0004003726438192856;-0,0008369396987957523
0,0037033467775688645;0,008894404265959789;-0,0003757875859676657;-0,003410335240400769;0,0016326599311651396;0,002900888008687652
0,003943652131899672;0,00859467305476613;0,001256872345197474;-0,0005094472317131171;-0,0005973746230598515;0,003694213042180289
0,004168925982791773;0,00815852843395644;0,0006594977221376225;0,0031847658104671717;0,001812716664443978;-0,004211686455657421
0,004444474727491773;0,007702005923878226;0,0024722143865816004;-0,001026920645190249;0,0008716809858848873;-0,0005153893303148915
0,004746403381077278;0,007372874046218698;0,0033438953724664877;-0,0015423099755051406;-0,003625233730543631;0,0035416674111598823
0,005147220610126047;0,007002665342751561;-0,00028133835807714336;0,0019993574356547417;-0,0037079397124096525;0,0020553884458020533
0,005681793654073475;0,006570764240264218;-0,003989278070486796;0,004054745881456795;-9,028393320001382e-05;-0,0040094163391587445
0,006205113163697817;0,006218837435203064;-0,00407956200368681;4,532954229805042e-05;0,00019344594476033983;-0,0023049588970286694
0,006568861550502688;0,006029100465400183;-0,00388611605892647;-0,002259629354730619;0,0015566446570252912;0,004396931209402877
0,006769427457160086;0,005841176677289223;-0,0023294714019011786;0,0021373018546722578;-0,0006910558939721423;0,003927885214637161
0,006814548721460426;0,0055628677149890384;-0,003020527295873321;0,006065187069309419;0,005274414760800539;-0,002946137548493627
0,006766491129684719;0,0053700508268757444;0,002253887464927218;0,003119049520815792;0,0013228986873210502;-0,0017069446435263036
0,006597612446074079;0,005419841421534827;0,003576786152248268;0,0014121048772894884;-0,0018183102195768464;-0,0010086041403869206
0,006518889261060526;0,005594393997026542;0,0017584759326714217;0,0004035007369025678;0,0002700267342028162;0,0002964594363160933
0,006583237522136905;0,005825430767609835;0,002028502666874238;0,0006999601732186611;0,0009716543450836168;0,003917963506688049
0,0067179248205201415;0,006072607567669232;0,0030001570119578547;0,00461792367990671;-0,0028030477050872415;-0,008581770760057561
0,006933752225578347;0,0063477827746573744;0,00019710930687061312;-0,003963847080150851;-0,0014558370776900087;-0,0028818047105094446
0,007269585911114866;0,006807674928841786;-0,0012587277708193956;-0,006845651790660295;-4,2253226525956755e-05;0,006248017794481253
0,007613303968926211;0,007109013199820164;-0,0013009809973453523;-0,0005976339961790422;-0,00033486942509472484;0,0027181110892683102
0,007906672915904779;0,007136525399172129;-0,0016358504224400772;0,002120477093089268;-0,0010847536177833184;-0,0006640684386223505
0,008148002622989533;0,007140132238676933;-0,0027206040402233955;0,0014564086544669175;-4,728715594570776e-05;-0,007494523681701892
0,008323898313176684;0,007228558161905308;-0,0027678911961691033;-0,006038115027234975;0,0008325676911886681;0,0007846452416830074
0,0083909698417549;0,007375240431312359;-0,0019353235049804351;-0,005253469785551967;0,0008605497761359493;0,006928073815306385
0,008347325722486351;0,007280398099630011;-0,0010747737288444859;0,0016746040297544174;-0,003303126314471383;-0,001336350146129317
0,008226268663018585;0,006975416976525585;-0,004377900043315869;0,00033825388362510034;0,0034550002393788637;-0,0032365674517561838
0,008062220654397038;0,006737420014611336;-0,0009228998039370051;-0,0028983135681310834;0,000249248083295156;-0,0014083781314391253
0,007723056644042858;0,006512953208042089;-0,0006736517206418491;-0,004306691699570209;0,00038974427959181934;0,009906240385124498
0,007346976641531198;0,006172553858747601;-0,00028390744105002974;0,00559954868555429;0,0024306108434148654;0,0030683143814422276
0,006943950570193863;0,005659886841470303;0,0021467034023648357;0,008667863066996517;-0,0015081552042593982;-0,005897092315335584
0,006529568201214527;0,005371201771615177;0,0006385481981054375;0,0027707707516609337;0,002662352125292866;-0,002402536259409671
0,006201053968329785;0,0054292312244399125;0,0033009003233983036;0,0003682344922512626;0,001204536353518415;0,0019116785016614624
0,00589808166336926;0,005598091507331085;0,004505436676916719;0,002279912993912725;-0,002098619031440929;0,003253924737427527
0,005727145371344668;0,005781681169912308;0,0024068176454757895;0,005533837731340252;0,0009604825139812589;-0,004795264029781754
0,005736426546396743;0,006056467352250039;0,0033673001594570484;0,0007385737015584981;-0,005120299371098175;-0,006224999691166966
0,005841980427267851;0,006552607043841381;-0,0017529992116411264;-0,005486425989608468;-0,0010182625729681372;0,006032930226416489
0,006082226314517241;0,007078289683495063;-0,0027712617846092635;0,0005465042368080208;0,0036961111527092083;0,0036179114165992565
0,006252352233300985;0,007384515283564406;0,0009248493680999448;0,004164415653407277;-0,00043961486078258893;-0,005995007214034065
0,006311627680700359;0,007712601053106069;0,00048523450731735585;-0,0018305915606267875;0,0010703939879044555;-8,057626877555624e-05
0,006407897102823731;0,008207263448784025;0,0015556284952218113;-0,0019111678294023438;-0,00336865766268446;0,00018788128477395527
0,0065235759052397965;0,008628702182036908;-0,0018130291674626486;-0,0017232865446283885;0,002600810779087387;0,0012338534706937132
0,006701479847464735;0,008973694202113698;0,0007877816116247383;-0,0004894330739346753;-1,0430772981739889e-05;-0,003749053627883553
0,006806862622991168;0,009249754760405352;0,0007773508386429984;-0,004238486701818228;3,7148623803495706e-05;-0,005116018228705027
0,00694375666298259;0,00950623799573962;0,0008144994624464941;-0,009354504930523255;-0,0010853188745753306;0,0050303880023821745
0,007111744736519732;0,009593181763001158;-0,00027081941212883653;-0,004324116928141081;0,000521505397997557;0,0025757127683103676
0,007312312788554733;0,009305945333041766;0,0002506859858687205;-0,0017484041598307132;0,0001274402602327862;0,000866185991558216
0,007502048064104582;0,00884574422595673;0,0003781262461015067;-0,0008822181682724972;-0,004482935897129781;-0,00615002294376929
0,0077018107790891785;0,008315606952478466;-0,004104809651028274;-0,007032241112041787;0,004447380033295784;0,00737971333789697
0,007916698543917836;0,007750180952269302;0,0003425703822675097;0,0003474722258551832;-0,004653701436650198;0,0015848351781993786
0,007967393922705363;0,006903465307578467;-0,004311131054382689;0,0019323074040545618;0,001560914213950132;0,002143094229650644
0,00803179211678359;0,006070648551921839;-0,0027502168404325567;0,004075401633705206;-0,0008214368293225083;0,0037371523050115374
0,007923745068686509;0,005315124092427393;-0,003571653669755065;0,007812553938716743;0,0015473001837758293;-0,0018481013976001798
0,0077056893469721255;0,004722615698281156;-0,0020243534859792356;0,005964452541116563;0,007382895057753247;0,00033787816067576415
0,00734476747846754;0,004442609461683589;0,0053585415717740115;0,0063023307017923275;-0,00260422599890206;0,00021442898061083127
0,006902871470523785;0,004401181326730684;0,0027543155728719515;0,006516759682403159;-0,0018262044764571772;-0,0023474752049066627
0,00667531712545099;0,004611846419849472;0,0009281110964147743;0,004169284477496496;-0,0011792980734856295;-0,002579718636204334
0,006557935403293074;0,0050831819002643865;-0,00025118697707085524;0,001589565841292162;0,0019597465733576236;-0,004684854252911458
0,0064776781249917485;0,005721288759779161;0,0017085595962867683;-0,003095288411619296;-0,001741646625301324;-0,0013343401554211376
0,0063873733676075885;0,006422978252945621;-3,3087029014555736e-05;-0,004429628567040433;-0,0027214028337423646;0,0012630608087841888
0,0063654109940749;0,0070008562096473105;-0,0027544898627569203;-0,0031665677582562446;-0,0023506247816213466;-0,001806504030302497
0,006342125139381628;0,007401549023667382;-0,005105114644378267;-0,004973071788558742;0,004234437947710584;0,0010468207647273964
0,00620865969017808;0,007675579127357204;-0,0008706766966676827;-0,003926251023831345;0,0002158478060671487;-0,0007103304128766308
0,005870989655199401;0,007750686359504677;-0,000654828890600534;-0,004636581436707976;0,0006055204081671095;0,0011408185911102597
0,005498492552354016;0,007668743550698895;-4,930848243342445e-05;-0,0034957628455977163;0,0013674092696156076;0,0011796012287379753
0,005099802293884608;0,007401337484424794;0,0013181007871821832;-0,002316161616859741;0,00028061147241220663;0,003714455553475715
0,004699139696117864;0,006994100904326784;0,0015987122595943898;0,0013982939366159741;0,001767355123364192;0,005463427048227998
0,004351201129838406;0,006494217859554385;0,003366067382958582;0,006861720984843972;0,0014809963288583278;-0,006463713885399541
0,004067211053942725;0,006050266572246625;0,00484706371181691;0,0003980070994444307;-7,415300517707446e-05;-0,003956292208372181
0,003917863673365387;0,005880784124332624;0,004772910706639835;-0,00355828510892775;-0,005210066853512635;0,005773617411129195
0,003962398841260725;0,005727221960396401;-0,0004371561468727997;0,002215332302201445;0,0015705530964012504;-0,0015094506244631989
0,0041978504374216566;0,005431328392103066;0,0011333969495284507;0,000705881677738246;-0,002528927255204108;-0,0022566158132824726
0,004415815787707676;0,00522404811589779;-0,0013955303056756574;-0,0015507341355442267;0,0034884474994862497;-0,0028423908519245034
0,004679117015974833;0,005045003106802044;0,0020929171938105923;-0,00439312498746873;0,0026043151220594973;0,008388001312368776
0,004886597032014965;0,004803928732284529;0,00469723231587009;0,003994876324900046;-0,006191115124474414;0,0056158997083867734
0,00517779373580752;0,004387129358268264;-0,0014938828086043243;0,00961077603328682;0,001999582598603028;-0,0020074214312838096
0,005656879732234879;0,004130125037248002;0,0005056997899987037;0,00760335460200301;2,045684034296391e-05;-0,009671546040449758
0,0060762104163180645;0,004257551757559212;0,0005261566303416676;-0,002068191438446748;0,002061785072606348;0,0014835259767412012
0,006515769092001199;0,004689112661950542;0,0025879417029480156;-0,0005846654617055469;-0,00232118177466345;0,0024674906556998166
0,006976374032897999;0,005037945908804003;0,00026675992828456563;0,0018828251939942697;-0,002844324243769736;-0,003884931648091783
0,00754049664191272;0,005363392537189241;-0,00257756431548517;-0,002002106454097513;0,00074268427897764;0,0016019459202986919
0,008115289648058823;0,00576415217333425;-0,0018348800365075302;-0,0004001605337988212;0,002515339855157034;-0,008305359301626902
0,00858698008158552;0,00608482755131536;0,0006804598186495037;-0,008705519835425723;-0,0034408262222063724;0,007602949190001179
0,008985275313651916;0,006389496507944516;-0,0027603664035568687;-0,0011025706454245443;0,0024003465026319337;0,005294454733207332
0,009410788938464292;0,0063459446711566425;-0,00036001990092493497;0,004191884087782788;-0,0029081118101809966;-0,00750587200270314
0,009725887907134393;0,006258290008551788;-0,0032681317111059316;-0,003313987914920352;-0,00011038866195098307;-0,0014988099107275388
0,010026586079767497;0,0063383107094582445;-0,0033785203730569147;-0,004812797825647891;0,00306748804584156;0,000987740560585565
0,010196558983956362;0,006285771893767888;-0,0003110323272153548;-0,003825057265062326;0,0006751958922905921;0,004227005250630078
0,010231391073222953;0,0060407211650516145;0,0003641635650752373;0,00040194798556775213;-0,0009669527854536675;0,005423028736704
0,010253781869400928;0,0056426681457328485;-0,0006027892203784302;0,005824976722271752;-0,0015159539230905072;-0,005637329362075422
0,010290739208181915;0,005260693045836793;-0,0021187431434689374;0,00018764736019633022;0,0026634027977933683;0,0028017242908348616
0,010303584978147762;0,005111717014831607;0,0005446596543244309;0,002989371651031192;0,0016373606588903633;0,0038444887292075625
0,010231681022374853;0,004970246878234275;0,002182020313214794;0,006833860380238754;-0,004091136463683753;0,0016339116449483881
0,010181563452774921;0,00494835160767819;-0,001909116150468959;0,008467772025187142;0,0036433260390265065;-0,002377681537862719
0,010218726695703579;0,005199810752331655;0,0017342098885575474;0,006090090487324423;-0,0006338963160357203;-0,005847325928030084
0,01017952529261348;0,005789980777992606;0,0011003135725218272;0,0002427645592943395;0,0004812161455036712;-0,0022716251331555137
0,010209692285065684;0,006623754423146534;0,0015815297180254984;-0,0020288605738611742;-0,001691526356662365;0,005778817002954795
0,010283871820418759;0,007467238650672236;-0,0001099966386368667;0,0037499564290936205;-0,003874227492454585;-0,008028819427420925
0,010421312544492856;0,00822956845524349;-0,003984224131091452;-0,004278862998327304;0,0022768138384234304;-0,009800828103008363
0,010554353403021478;0,00914189651697849;-0,0017074102926680212;-0,014079691101335667;-0,001758345318957355;0,001241837468242163
0,010528025296306441;0,009883070058780396;-0,0034657556116253763;-0,012837853633093504;-0,000421726286072871;0,007107354870028143
0,010433400777884683;0,010061055956528878;-0,0038874818976982473;-0,0057304987630653614;0,001438595903400175;0,0041345328337658305
0,010200146034997911;0,009725527708953617;-0,0024488859942980723;-0,001595965929299531;0,0015552420550122292;-0,0067583140559827615
0,009811392016203208;0,009160779510855744;-0,0008936439392858431;-0,008354279985282292;0,002397106427435597;0,00705183826917305
0,009324682557636582;0,008532192675585889;0,0015034624881497538;-0,0013024417161092428;0,0029823570453120785;0,007010173736861469
0,008802227341498523;0,0075694346409047415;0,004485819533461832;0,005707732020752226;-0,003949584918428672;0,0011316322021490688
0,008339910624886454;0,0065545789375792245;0,0005362346150331598;0,006839364222901295;0,0006899659043154427;0,0025929313533905873
0,008057026689612858;0,005768032515083797;0,0012262005193486025;0,009432295576291883;-1,3162554227952317e-06;-0,0018631845586163098
0,0077955921389405896;0,0052550606615044205;0,0012248842639258073;0,007569111017675573;0,0011284691388238899;7,501941983145688e-05
0,0075832056090422645;0,00511938063097672;0,002353353402749697;0,00764413043750703;-0,0003456910499682886;-0,0022354440038713508
0,007419814449700971;0,005286465041156042;0,0020076623527814086;0,005408686433635679;-0,004598614935942658;-0,002937978822934978
0,007350557426469667;0,0057593146688356455;-0,002590952583161249;0,002470707610700701;0,002113619578001158;-0,0028922215185656908
0,007361606897349617;0,006448511753860676;-0,00047733300516009103;-0,0004215139078649899;-0,0009226972379688669;-0,007834840210338284
0,007269018264903119;0,0072365371433137345;-0,001400030243128958;-0,008256354118203274;0,0021088123360081257;-0,0012121353299576199
0,007157336312250216;0,008007701976452194;0,0007087820928791677;-0,009468489448160894;-0,0015542626933912063;-0,004363921687615541
0,0069896531498721565;0,008448612644862522;-0,0008454806005120385;-0,013832411135776435;-0,00020759726430727432;-0,00028246544047416666
0,006850321271209262;0,008510783735346415;-0,0010530778648193129;-0,014114876576250601;-0,0005824978470526931;0,008974161864690744
0,006677170168525887;0,00801965838039925;-0,001635575711872006;-0,005140714711559857;0,003755481475333333;0,009209114705092794
0,006461895951249739;0,006963937962402061;0,002119905763461327;0,004068399993532937;0,0011674540740932715;0,0006451043598352801
0,00618119870549871;0,005702588955942477;0,0032873598375545987;0,004713504353368217;0,0004647954288745926;-0,001422636297104457
0,005985297690286135;0,004603975949224211;0,0037521552664291913;0,00329086805626376;-0,0022527037520997106;0,001388479235541057
0,005920891068575744;0,003693903116640674;0,0014994515143294807;0,004679347291804817;-0,00198106237152168;0,0029087958567427102
0,006006570657522521;0,0029154650063076873;-0,00048161085719219954;0,007588143148547527;-0,0008635486755080024;-0,0053335000587207415
0,0061522283070424766;0,002324200787646893;-0,001345159532700202;0,0022546430898267855;-0,00439200001991244;-0,007383234746976976
0,006278621522274744;0,0020364622949279997;-0,005737159552612642;-0,00512859165715019;0,0010898063916877088;-0,0017267174196260206
0,006351208356199004;0,0018389095258021782;-0,004647353160924933;-0,006855309076776211;0,0019115978002979261;0,007123291058347091
0,006194308808018759;0,0014362130903903488;-0,002735755360627007;0,0002679819815708806;0,0013488217239782246;0,009809113245008484
0,005851515133401515;0,0007593042919074712;-0,0013869336366487822;0,010077095226579364;0,00699350639879015;0,005793628449468534
0,005399291244359191;9,311477268742873e-05;0,005606572762141368;0,015870723676047898;0,0004362417295466353;-0,006359129378514152
0,0048915900098509164;-0,00016999093746943917;0,006042814491688003;0,009511594297533746;0,002724464056752876;-0,004251489769036509
0,0046081516858282965;0,00020173229941560888;0,00876727854844088;0,005260104528497237;-0,0037477953813104814;0,004486963328379976
0,004566425941473196;0,0009539193082020067;0,005019483167130398;0,009747067856877213;-0,0031600514682077058;-0,006330767621388789
0,004875391339055731;0,001916510498128294;0,0018594316989226922;0,0034163002354884245;0,00010681715460222896;-0,007719004971580602
0,005385136063323482;0,00326898440232967;0,001966248853524921;-0,004302704736092178;-0,0053283276710493765;-0,007777289600898116
0,0059692580555481415;0,004758110315950583;-0,0033620788175244554;-0,012079994336990293;0,0017049579997944209;0,004400207518497776
0,006632030001913797;0,006075128040127808;-0,0016571208177300345;-0,007679786818492518;-0,0023235607457959273;0,0018575089783155196
0,007160318795578474;0,006908945990825422;-0,003980681563525962;-0,005822277840176998;0,004986751142035395;-0,003398192879430967
0,00762232275653395;0,0074355724687833365;0,0010060695785094331;-0,009220470719607965;0,0009867158394670783;-9,388114189332053e-05
0,007925099454948388;0,00772930783313417;0,0019927854179765114;-0,009314351861501285;-0,006588682802059043;0,003438702379203573
0,008268118936503203;0,007654224368700684;-0,004595897384082531;-0,005875649482297712;-0,0005196788778834005;0,000832253914174963
0,008690849834777078;0,007206566829807148;-0,005115576261965932;-0,005043395568122749;0,0027879829035058756;0,004562900643240497
0,008929744837687652;0,006523883311621703;-0,002327593358460056;-0,0004804949248822521;0,0016213560617777123;0,0026548361589172897
0,00896401679011959;0,005639463970711347;-0,0007062372966823438;0,0021743412340350377;-0,0024454643983432556;0,0034289720501959192
0,008905185008213124;0,004735824832805702;-0,0031517016950255994;0,005603313284230957;0,0011410192675675168;0,0006877663942958245
0,008818103734439364;0,003919159344261458;-0,0020106824274580826;0,006291079678526781;0,003392847570419466;-0,003935623834255747
0,008604954392864581;0,003326626387086453;0,0013821651429613835;0,0023554558442710344;-4,111525510114289e-05;-0,002397167483283974
0,008311377754191475;0,0029857366170525186;0,0013410498878602406;-4,1711639012939616e-05;-0,0014134685527843194;0,0014161069125809209
0,008073087721236823;0,0027390650807894257;-7,241866492407878e-05;0,0013743952735679812;-0,0020066780482709545;0,0004995013843255708
0,007888439683796582;0,0024907250789658153;-0,0020790967131950333;0,001873896657893552;0,001278836635264985;-0,000264344166603904
0,007700894899759378;0,002297360888084924;-0,0008002600779300484;0,001609552491289648;0,0015655772315692207;-0,0033815860793071917
0,007430186247194372;0,002178952563519775;0,0007653171536391723;-0,0017720335880175436;-0,0017492352129985234;0,0023977503494728714
0,007127467191512163;0,002124926338606212;-0,000983918059359351;0,0006257167614553277;0,00660267209478177;0,008207925800152109
0,006855360821975523;0,002000018770171947;0,005618754035422419;0,008833642561607437;-0,003657879889346155;-0,004165115684372014
0,006543897730064508;0,0019001398721958955;0,0019608741460762635;0,004668526877235422;0,0002792539133967542;-0,006922111082801462
0,006457184799570389;0,002153606676684141;0,0022401280594730177;-0,0022535842055660393;-0,0034068712904910536;-0,0019375155396745558
0,006448906834919321;0,002593814556261804;-0,001166743231018036;-0,004191099745240595;0,0022000834244609857;0,007068837397388408
0,006530233992647174;0,002943879067616825;0,0010333401934429498;0,002877737652147813;-0,0020749678223553336;0,003035467571123787
0,006564891421134306;0,003126299589162222;-0,0010416276289123838;0,0059132052232716;0,000743857067641962;-0,008694132581931538
0,006640882457359156;0,003423829616793532;-0,0002977705612704218;-0,0027809273586599376;-0,0003648902186802472;-0,004090656215798363
0,00667520838842751;0,003957887853355706;-0,000662660779950669;-0,006871583574458301;0,0016311425000249125;0,006050854159438221
0,006697623497045047;0,004380708995571482;0,0009684817200742435;-0,00082072941502008;-0,0008004742643357432;0,002409469822765256
0,006693532174464557;0,004528666794808926;0,0001680074557385003;0,0015887404077451761;-0,0033699843344728586;-0,006235317860341316
0,006728180120687038;0,004643795417445567;-0,0032019768787343583;-0,00464657745259614;0,004291121950208254;-0,0049429951114182
0,006769548365139058;0,004822473656392015;0,001089145071473896;-0,00958957256401434;-0,0024988121178812217;0,0058759367914606175
0,006682837534441703;0,004815288797234618;-0,0014096670464073258;-0,0037136357725537222;0,00027598732981096163;0,0029578571260013425
0,006639692506603305;0,004424521035516647;-0,0011336797165963641;-0,0007557786465523797;-0,00145063334763057;-0,004337645182889427
0,006540160796908614;0,0038852078428965268;-0,002584313064226934;-0,005093423829441807;0,0006460216119940354;0,0005513317984361527
0,006395281898550068;0,0033156635044143115;-0,0019382914522328987;-0,004542092031005654;0,0034280154057534096;0,008473971669314264
0,006147030477622445;0,0025423822127544236;0,001489723953520511;0,00393187963830861;-0,0018175847591688221;0,0036919793908078927
0,005821247398605506;0,0015874172398543103;-0,0003278608056483112;0,007623859029116503;6,193957179077836e-05;-0,005859648379609806
0,005555053277729387;0,0007897274524865409;-0,00026592123385753286;0,0017642106495066971;0,0004847722605607202;-0,0017560839761066403
0,005275744724627336;0,00029699202628343186;0,00021885102670318735;8,126673400056864e-06;-0,0004777142322006239;0,0034913982737617786
0,004985799322170983;-0,0001251749739394094;-0,0002588632054974366;0,0034995249471618355;0,004404357299876913;0,0033377226114838614
0,0047046079607827584;-0,0005470169072262483;0,004145494094379476;0,006837247558645697;-0,0030286049186969977;-0,008860912088829824
0,004413062071174636;-0,0008288778426266139;0,0011168891756824784;-0,002023664530184127;-0,00021404165938987418;-0,001436087998544857
0,004287335945341693;-0,0008372488756811515;0,0009028475162926042;-0,003459752528728984;-0,0005161964844273698;0,00409767944110662
0,0042062853865360485;-0,0009265664899430542;0,0003866510318652344;0,0006379269123776357;0,00013476712665573543;-0,001837674256676823
0,004161348728382109;-0,0011542742053541164;0,0005214181585209698;-0,0011997473442991874;0,0012999622634973368;-0,0004396299958864189
0,004131878111502778;-0,001356464844270073;0,0018213804220183066;-0,0016393773401856063;0,0010318994006403848;0,0010714359312268967
0,004123264220964286;-0,0016066453769579972;0,0028532798226586914;-0,0005679414089587095;-0,0009889527938231751;0,004058327223483121
0,004187505547306526;-0,0019224010032533457;0,0018643270288355163;0,003490385814524412;0,00019824261370469942;6,164620577154417e-05
0,004365878066555114;-0,0022608742859070424;0,0020625696425402157;0,003552032020295956;-0,0007433460089765614;-0,000327928024490505
0,0046188236669571225;-0,0024597321359797627;0,0013192236335636542;0,003224103995805451;2,048952729560849e-05;0,0021800874678055276
0,00495427205306074;-0,002516508705240645;0,0013397131608592627;0,005404191463610979;-0,0011733499426029304;-0,002395966103446223
0,0053424893845069035;-0,002444321114669309;0,00016636321825633238;0,0030082253601647554;0,0016260421204023767;-0,0028535022745871316
0,0057842952423874374;-0,002155965865553534;0,001792405338658709;0,00015472308557762382;-0,003049770511274391;-0,0026763337540149715
0,006232755628998225;-0,0017472816020311687;-0,001257365172615682;-0,0025216106684373477;-0,0018905466488178535;-0,002481713811188977
0,00675291222915536;-0,0013324084150856982;-0,0031479118214335355;-0,005003324479626325;0,0015912040093489233;-0,0009161512292846508
0,0072227742224078685;-0,0010183996548777218;-0,0015567078120846123;-0,0059194757089109755;-2,9332422717492923e-05;0,005243628164900316
0,007566719742803036;-0,0009045238738547986;-0,0015860402348021052;-0,0006758475440106597;0,0010382066696246195;0,001925761203957252
0,007848396950714818;-0,0010274271211883142;-0,0005478335651774857;0,0012499136599465922;-0,0021270365401708236;0,002978052604070268
0,008066632549234516;-0,0011773642702822562;-0,0026748701053483093;0,00422796626401686;0,0013242742030850907;-0,004579624300048903
0,008262954805147115;-0,0012773048729783345;-0,0013505959022632186;-0,00035165803603204315;;
0,008352282256845782;-0,0012081268251137385;;;;
0,00838758587245392;-0,0011530150986904242;;;;
