x;y;acc_x;acc_y;jerk_x;jerk_y
-0,0021974295855907485;0,004911054252066727;0,0023235940717130713;-0,0011773351582074626;-0,0016417232222391553;-0,0006267074203977763
-0,0024577386406347866;0,004707657978716946;0,0006818708494739159;-0,0018040425786052389;-0,0007996026061161884;0,0001555059792759661
-0,0026251039328103014;0,004457168299038866;-0,00011773175664227253;-0,0016485365993292728;0,0006074062617751619;-0,0002368830431022234
-0,00276519439100686;0,004134516916216576;0,0004896745051328893;-0,0018854196424314962;0,0005299573662260471;-7,162554490092177e-05
-0,002909994119469109;0,003745924069421116;0,0010196318713589364;-0,001957045187332418;0,0004295683712330495;-0,0017991540064733955
-0,003035206867726043;0,0032819144369283957;0,0014492002425919859;-0,0037561991938058134;-0,002341412996716599;0,00041011967861301693
-0,0031196343411286193;0,002739622996942379;-0,0008922127541246133;-0,0033460795151927965;2,4464679235142173e-05;0,0004179765346209209
-0,0031460938048275162;0,00204708358920413;-0,0008677480748894711;-0,0029281029805718756;0,0008154056915242458;0,0029108827845259547
-0,0032082417786913975;0,0012207010008581686;-5,234238336522534e-05;-1,72201960459209e-05;0,0009375671084355802;-0,0003945241373420963
-0,003305099675550858;0,0002771942932893323;0,0008852247250703549;-0,0004117443333880172;0,0002526293144517605;0,001825285484765054
-0,003404051267744927;-0,0006670012221213408;0,0011378540395221154;0,0014135411513770367;-0,00047589008985737813;0,0027880070769867975
-0,0034675938709361823;-0,0016276665108675345;0,0006619639496647373;0,004201548228363834;-0,0010297009506714944;0,0009926082621560597
-0,0034856223125465527;-0,002531790153558647;-0,0003677370010067571;0,005194156490519894;0,001608547900712104;-0,0010936842017797987
-0,0034771721961703336;-0,003267851867115206;0,0012408108997053469;0,004100472288740095;-0,00034169988057583534;6,71583248562091e-05
-0,0034834315598343845;-0,003796147321050969;0,0008991110191295115;0,004167630613596304;0,0003089921127774342;0,00014985427473557245
-0,003440058487510222;-0,004160423883437128;0,0012081031319069457;0,004317484888331877;-0,0027222137474568336;-0,002322089058311938
-0,003360720974420879;-0,004357995221279436;-0,001514110615549888;0,0019953958300199387;0,0003626559016879777;-0,001021318849029118
-0,0032330593360552578;-0,004382867163588468;-0,0011514547138619102;0,0009740769809908206;-0,0002940081088364521;-0,0018221003512984696
-0,0031659621223116326;-0,004327923272696702;-0,0014454628226983623;-0,000848023370307649;0,0024437035048037736;0,0009378343458466692
-0,0031449230971224837;-0,004234016302565304;0,0009982406821054113;8,981097553902029e-05;-0,001953698672901835;-0,0016406831422216689
-0,003181702584841269;-0,004174030267246212;-0,0009554579907964239;-0,0015508721666826486;0,00032950749914802124;-0,0009992986338032278
-0,0031785524452758378;-0,004110451792905558;-0,0006259504916484027;-0,0025501708004858764;-0,00015252992213883598;0,0011407746461291612
-0,003213620625342264;-0,004108908205232211;-0,0007784804137872386;-0,0014093961543567152;0,0005903409120623648;0,0033101079493587926
-0,003273726825074626;-0,004209371449578299;-0,00018813950172487381;0,0019007117950020774;0,0023052546701692322;-0,0025285091923138298
-0,003364972241358478;-0,004366210540098656;0,0021171151684443584;-0,0006277973973117523;-0,003232603309770196;0,0025849955658396456
-0,003463743237711324;-0,004447021158818929;-0,0011154881413258377;0,0019571981685278933;0,0021339597782745745;-0,0016739903696343927
-0,0034778296273263965;-0,004552943673431673;0,0010184716369487368;0,00028320779889350056;-0,0018464419545012323;0,0023789218224101044
-0,0035365355425945023;-0,0045805782613033;-0,0008279703175524955;0,002662129621303605;0,002066987075271823;-0,00015397198303276904
-0,0035545025923846584;-0,004596884537219188;0,0012390167577193273;0,002508157638270836;-0,0010047582433615754;-0,0033387634930877597
-0,0036055884548769146;-0,0045067056282829315;0,0002342585143577519;-0,0008306058548169237;-0,0007821209356446562;0,0019296240984362362
-0,003607113647060398;-0,004316200413815842;-0,0005478624212869043;0,0010990182436193124;0,0012647875831959254;-0,000497693233730806
-0,0035992684986695706;-0,004158919433541429;0,0007169251619090211;0,0006013250098885065;-0,00131382805291555;0,0047303374557994965
-0,0036133378471302196;-0,003957677723522244;-0,0005969028910065288;0,005331662465688003;0,0012778863993067324;-0,0021873543458201944
-0,003598730189114508;-0,0037323830131075174;0,0006809835083002036;0,0031443081198678086;0,0006979151298775466;-0,0004208305636398055
-0,0036079986467390576;-0,003293821804065272;0,0013788986381777502;0,002723477556228003;-0,0007655557273425345;-0,0014512937353263061
-0,003590027764031599;-0,0027294882702283137;0,0006133429108352156;0,001272183820901697;-0,0017674747622622722;0,0017391957822027113
-0,00351690093579703;-0,0020562156341422354;-0,0011541318514270565;0,0030113796031044082;0,0015731033378582615;-0,0010370238539316942
-0,0034192403911290524;-0,0013320556452200891;0,00041897148643120496;0,001974355749172714;0,0014994841164287231;-0,003170610273405955
-0,0033677451205181576;-0,0004874404721737667;0,0019184556028599281;-0,001196254524233241;-0,00021384211248021145;-0,0037758322883574558
-0,003299490990450014;0,00043614893083946445;0,0017046134903797167;-0,004972086812590697;-0,0026931644180798464;0,002498762857184568
-0,0031544986362674735;0,001311888152883366;-0,0009885509277001298;-0,0024733239554061287;0,0013400850097162326;0,0011874550837388045
-0,0029413217424697448;0,0019887439024236396;0,0003515340820161028;-0,0012858688716673242;0,0004992721021257751;-0,000645566244373362
-0,002767686885780021;0,002566666693747668;0,0008508061841418779;-0,0019314351160406862;-0,0014949934220241032;-0,0064356701500987434
-0,002579990665809653;0,003093154730205003;-0,0006441872378822253;-0,00836710526613943;-0,000553669574305117;0,0024054946147579193
-0,00235826219847361;0,0035423853620207115;-0,0011978568121873423;-0,00596161065138151;3,494580521567342e-05;0,00585673032594726
-0,0021623012206528555;0,0036569317831908425;-0,0011629110069716689;-0,00010488032543425063;0,00041709456064947803;-0,0014072373108109243
-0,002014254515319595;0,0035330137783057126;-0,0007458164463221909;-0,001512117636245175;0,00264741174872115;-0,00010277461544389022
-0,0019127242502652016;0,003404900560403213;0,001901595302398959;-0,0016148922516890651;-0,001444848484527174;0,0011300454609733113
-0,0018410266430636956;0,0032163026370509063;0,0004567468178717851;-0,00048484679071575387;0,0014366960624520933;0,005608896486087464
-0,001693265223766231;0,002963109023631037;0,0018934428803238784;0,00512404969537171;0,0007291403790492361;-0,0009004729379673421
-0,0015272339317538952;0,0026905215385825375;0,0026225832593731145;0,004223576757404368;-0,0018529574428422218;-0,004935684539991422
-0,0012854649245286043;0,002622896041348907;0,0007696258165308927;-0,0007121077825870542;0,0016242425232201214;-5,5960152055015144e-05
-0,0009387925869283887;0,0027242136144114506;0,002393868339751014;-0,0007680679346420693;-0,0034363208902444143;-0,0015113810157729585
-0,0005613352166669376;0,002797046876170512;-0,0010424525504934001;-0,002279448950415028;0,0007113987124701526;0,004547417991869182
-8,812311281544574e-05;0,0028391574205438906;-0,0003310538380232476;0,0022679690414541542;-0,000889865945541659;-0,00018302251403440328
0,00034339088901631006;0,0027900900069006687;-0,0012209197835649065;0,002084946527419751;0,0003991905251848112;-0,0008910381791864402
0,000761662737327136;0,002831741354915612;-0,0008217292583800953;0,0011939083482333107;-3,832493454581157e-05;-0,0014127323591585084
0,0011310977942953656;0,002956790564027346;-0,0008600541929259069;-0,00021882401092519765;-0,0004606969907619239;0,0007926977461788359
0,0014676636809283915;0,0031295961070684124;-0,0013207511836878308;0,0005738737352536383;-0,000159944682657627;0,0007833912521167802
0,0017698273998443808;0,003293648689672471;-0,0014806958663454578;0,0013572649873704185;0,00012990940011272517;-0,003821296854044323
0,002019161071412857;0,003480656221686675;-0,0013507864662327326;-0,0024640318666739047;0,0009862150504742415;-0,0019232479017336213
0,0022092669083275153;0,0037219543531956958;-0,00036457141575849117;-0,004387279768407526;-0,0003269097005614355;-0,0006419159505342692
0,002345341286592864;0,00386469121003776;-0,0006914811163199266;-0,005029195718941795;-0,0004882432527733918;0,004268603934948281
0,002466832808227873;0,003831936876143524;-0,0011797243690933185;-0,0007605917839935139;-0,00040283389742150344;-0,0002203554519066564
0,002560665085210085;0,0035980147134916153;-0,001582558266514822;-0,0009809472359001703;0,0025448001545212567;-0,0008385253057626163
0,002607308387428564;0,0033336688794799664;0,0009622418880064348;-0,0018194725416627866;-0,0012605825267097553;0,0013606111472895949
0,0025906493589864504;0,0030300851560323104;-0,0002983406387033205;-0,00045886139437319173;-0,0008119119165922034;0,0009355251932068945
0,0026124800060645945;0,0026537225309181435;-0,001110252555295524;0,00047666379883370275;0,0012414847600359796;0,0029334903443029997
0,002622377027594605;0,0022590054500290484;0,00013123220474045572;0,0034101541431367025;0,0012075751607011354;0,0014762826449192454
0,0025878639469127953;0,0018833549210933017;0,001338807365441591;0,004886436788055948;-0,000992485449784808;-0,003097031413212256
0,0025586001544206033;0,001644110557883023;0,00034632191565678316;0,0017894053748436917;-0,0038049518480063604;0,002128015971795308
0,002582888656546075;0,0016003236661949825;-0,0034586299323495773;0,0039174213466389995;0,004680629370043314;-0,0022764727553885034
0,0026210300352978184;0,0016281129895006894;0,0012219994376937368;0,0016409485912504962;-0,002047374310282013;-0,0005195322023270749
0,002520826216755578;0,0018125991666719562;-0,0008253748725882762;0,0011214163889234213;-0,00030195089987786194;-0,002985955649493603
0,002469502375721088;0,002062723287493243;-0,0011273257724661381;-0,0018645392605701819;0,0003952622303988948;-0,0026450070439175966
0,0023851635397830664;0,0023577040638714667;-0,0007320635420672433;-0,0045095463044877784;0,0008614034049168814;0,003882767294713825
0,0022557316729463995;0,002578103269826883;0,0001293398628496381;-0,0006267790097739534;-0,0008005399290167553;0,001358170270977399
0,002097017264427043;0,002618120623602788;-0,0006712000661671172;0,0007313912612034457;0,0011573511372700226;-0,0023248744022134338
0,0019434764504216715;0,002633066816987735;0,00048615107110290545;-0,0015934831410099881;0,0007716659243218321;0,00045783743430449775
0,0017630876337696156;0,00267726866082082;0,0012578169954247376;-0,0011356457067054904;0,00017123933100012673;0,0012412814919584292
0,0016021448599616759;0,0026577311790135054;0,0014290563264248643;0,00010563578525293882;-0,0023937562964306616;0,0015069438707457777
0,0014915147659707256;0,0025927678689379712;-0,0009646999700057973;0,0016125796559987166;0,0018405463828900584;-5,6387531622320575e-05
0,0014380469250367702;0,002532029990272555;0,0008758464128842611;0,001556192124376396;-0,0005293743858081484;-0,0033517301020919432
0,0013459910853025826;0,002535795297847087;0,00034647202707611263;-0,0017955379777155472;-0,0010228390114155606;0,0013595268911006375
0,0012889691020837655;0,0026018082903966743;-0,0006763669843394479;-0,0004360110866149097;0,0003477073864306471;0,0003678345100838476
0,001245805999947993;0,0025959997638376406;-0,00032865959790880084;-6,817657653106213e-05;0,00010145595646866845;0,0005723489768286599
0,0011755882184386424;0,00257275079381401;-0,0002272036414401324;0,0005041724002975978;-0,0006108755321131802;-0,003146123440851613
0,0010922240530129399;0,0025467747607291367;-0,0008380791735533126;-0,002641951040554015;0,0001946816178464983;-0,0010362858565537078
0,000999771741929632;0,002540965623656168;-0,0006433975557068143;-0,003678236897107723;0,0018600345535069694;0,0013058054545039
0,0008737962639041917;0,002429478444961038;0,001216636997800155;-0,002372431442603823;-0,00036173805001418063;0,0008643937645912356
0,0007220848836504789;0,0021708617903815996;0,0008548989477859745;-0,0015080376780125873;-0,0020862242014391946;0,0013139934707552502
0,0006190389833087721;0,0018173478780980083;-0,00123132525365322;-0,00019404420725733715;0,0028212691217811853;0,0004065722418399656
0,0005501890408785044;0,0014035124586939131;0,0015899438681279653;0,00021252803458262845;-0,001103131438971429;-0,0013821621915240615
0,00043208608830210796;0,0009819152709995248;0,00048681242915653636;-0,001169634156941433;-0,0009075041230503667;0,0004214734567674471
0,00037758089045083;0,0005688192046884415;-0,00042069169389383036;-0,000748160700173986;-0,00011303946610794098;0,0007135688505820591
0,0003425481897658136;0,00010893777209970083;-0,0005337311600017713;-3,459184959192681e-05;-5,95873919785367e-05;-0,0013730583971158766
0,0002906878213250439;-0,0003808700884959992;-0,000593318551980308;-0,0014076502467078034;0,0010535258295246942;-0,004255557607100925
0,00021747820648420341;-0,0008720616230753764;0,00046020727754438615;-0,0056632078538087285;-0,003704834356102083;0,0002681916695029332
0,00012053584956415057;-0,0014195591675230657;-0,0032446270785576967;-0,005395016184305795;0,0010944920414931976;0,003929308599784097
4,2001783745873166e-05;-0,002193585026123104;-0,002150135037064499;-0,0014657075845216985;0,0013618603125558765;0,0024752950481182687
-0,00016631736521471212;-0,0031834115320953744;-0,0007882747245086226;0,0010095874635965701;0,0017887355560971185;-0,0011957126858691963
-0,00046064191565787734;-0,004231866341448513;0,0010004608315884959;-0,00018612522227262618;-0,0011354177378572212;1,7108730736375977e-05
-0,0007864974550813874;-0,005239937652257788;-0,0001349569062687253;-0,0001690164915362502;0,0011763140624939834;0,0021921110378478603
-0,0010723345612413577;-0,006255453971957968;0,0010413571562252581;0,00202309454631161;0,000868251497042994;0,0012156178711863752
-0,001363569943652077;-0,007277730951319599;0,0019096086532682521;0,0032387124174979853;-0,0002725078967428518;-0,003609593841275599
-0,0016131510398137861;-0,008219084148828765;0,0016371007565254003;-0,0003708814237776137;5,819414279773644e-05;-0,0018078093724918365
-0,001786347789844765;-0,009030888849638012;0,0016952948993231368;-0,00217869079626945;-0,00042620779225669564;0,0012521364982461813
-0,001894060509614728;-0,009857528807398363;0,0012690871070664411;-0,0009265542980232688;0,00032077371399041876;0,0007849903092883304
-0,0019339614334117653;-0,010771316397009493;0,0015898608210568599;-0,00014156398873493847;-0,0007491860965735536;0,00262269009029914
-0,001923098872926145;-0,011722166158541552;0,0008406747244833063;0,0024811261015642017;0,0008455200430454307;-0,0023652301630729955
-0,0018486418795982504;-0,012678678479623008;0,001686194767528737;0,00011589593849120616;0,00038999267614321653;0,000793150213444338
-0,0017405578972910236;-0,013535945756641899;0,0020761874436719535;0,0009090461519355442;-0,0014746465643843548;0,001454016863533636
-0,0015650261242826473;-0,01438857719612114;0,0006015408792875987;0,00236306301546918;-0,0020352144779665453;-0,0006953537680405852
-0,0013064468535273926;-0,01520484678952296;-0,0014336735986789466;0,0016677092474285948;-0,000868049022138842;0,001008764818114627
-0,0010238059476006343;-0,01592659386230601;-0,0023017226208177886;0,0026764740655432218;0,0015038394091978404;-0,0007977962508016745
-0,0007985119856210337;-0,01658163256519192;-0,0007978832116199482;0,0018786778147415473;0,001894241535661232;0,0010551896961593088
-0,0006652869284741445;-0,0171296123054561;0,0010963583240412838;0,002933867510900856;-0,0001938858790897077;0,0006178931122136078
-0,0005639771997920535;-0,017602444933130616;0,0009024724449515761;0,003551760623114464;0,0008908572656791949;0,0012215412622058608
-0,000418813138148311;-0,0179579228603691;0,001793329710630771;0,004773301885320325;0,00016670240249160462;-0,0001883978937747277
-0,0002375501787065055;-0,018171330362683005;0,0019600321131223756;0,004584903991545597;0,0006338469653710673;-2,2065515569547056e-05
1,5445969160530825e-05;-0,018193805789584096;0,002593879078493443;0,00456283847597605;-0,002413475479019281;0,0009920564967935142
0,0003468434015524622;-0,018032885056823364;0,00018040359947416214;0,005554894972769564;-0,001747644184180162;0,0021655789596911057
0,0007819959970841314;-0,01768945078502359;-0,0015672405847059999;0,00772047393246067;-0,00218515037539899;0,006878643532919004
0,0012243647365947669;-0,017123820714313034;-0,00375239096010499;0,014599117465379674;0,0021949228474446095;-0,0026535706659643887
0,0016040438527171624;-0,01624937168630405;-0,0015574681126603804;0,011945546799415285;-0,0002258517262162807;-0,0056551854788164935
0,0018336273304353585;-0,014790957959679881;-0,001783319838876661;0,006290361320598792;0,0022990508878698093;-0,00233048122321336
0,0020009120836471392;-0,012854722361079098;0,0005157310489931483;0,003959880097385432;-0,001343889241642901;-0,002207614175303907
0,0020968640433038535;-0,010666872309654366;-0,0008281581926497528;0,001752265922081525;-7,103129421298648e-05;-0,005457966878275655
0,0022134452449202938;-0,008320627054334215;-0,0008991894868627393;-0,00370570095619413;0,0007374109816874891;-0,009853527782960642
0,002296900118830744;-0,005904291162130803;-0,00016177850517525016;-0,013559228739154772;0,001003857704964431;0,0009771107005567825
0,0023443874132666846;-0,003636183308175156;0,0008420791997891808;-0,01258211803859799;-0,0024314255091393427;0,004878487732211459
0,002385403567495615;-0,0019104446037857003;-0,001589346309350162;-0,00770363030638653;-0,0012273970616646507;0,00441898260118484
0,002460102889716113;-0,0006879906209401643;-0,0028167433710148126;-0,0032846477052016904;0,0014200155827332056;0,0004508006731320166
0,0024712283595626043;0,00022631814964991056;-0,001396727788281607;-0,0028338470320696738;0,0010132325375379891;-0,00015404922208034355
0,002369684094568503;0,001009241012031918;-0,0003834952507436179;-0,0029878962541500173;0,00026433839964882383;0,0004047848618037586
0,0022122707180431377;0,0016788099931311382;-0,00011915685109479407;-0,0025831113923462587;-0,0013121042801381572;0,0014579600389376252
0,0020395175314880274;0,002228863124064358;-0,0014312611312329512;-0,0011251513534086335;-0,0009034905285454989;-0,0011809746142003655
0,0018619980708891254;0,002675591799303727;-0,00233475165977845;-0,002306125967608999;0,0029205036176932105;-0,0017493135814556637
0,0016272281650409053;0,003077314420406751;0,0005857519579147603;-0,004055439549064663;-0,002468158071962401;0,0003503728428885383
0,0012990681928015475;0,003386792002805415;-0,0018824061140476408;-0,0037050667061761244;0,001968423733874694;0,00229547853724138
0,0009943382988787798;0,0035340520032414923;8,601761982705326e-05;-0,0014095881689347445;-0,001684461302935687;0,003621186295849635
0,0006143121603941066;0,003533109335430525;-0,0015984436831086336;0,0022115981269148904;0,0010311561054807197;-0,0007161722275858262
0,00023772672670251555;0,0034757831408621675;-0,0005672875776279139;0,0014954258993290642;0,0009319091253824491;-0,0006316385797228014
-0,00020279645431342086;0,0035069208713704057;0,0003646215477545352;0,0008637873196062629;0,0007048047327262545;0,0001029123457442771
-0,0006660111384344738;0,003597875637851807;0,0010694262804807897;0,00096669966535054;0,0007519221852326126;0,0021196648320085665
-0,0011146409606453455;0,0037233818971174584;0,0018213484657134023;0,0030863644973591065;-0,00193603049578785;-0,0006965000913822239
-0,0015204937316369855;0,003887556142997131;-0,00011468203007444777;0,0023898644059768825;0,0016404289946424441;-0,0017723689391874048
-0,0018534925640000892;0,0041751849687711685;0,0015257469645679964;0,0006174954667894778;-0,00021709355478426867;-0,0011911191170825841
-0,002191078677566171;0,004558408370784281;0,0013086534097837277;-0,0005736236502931064;0,0014245023516350971;-0,0024565983851169704
-0,002467634912549533;0,004966331591468973;0,002733155761418825;-0,0030302220354100767;-0,0013700019738653382;-0,0005977902357627435
-0,002691845011141546;0,00535130986614194;0,0013631537875534866;-0,00362801227117282;-0,0013246427033154762;-1,2532112353136338e-06
-0,002806728879276806;0,005615079259398505;3,851108423801042e-05;-0,003629265482408134;0,0015626537378357896;-0,0008923615051546485
-0,0028670865959099265;0,005733728161808156;0,0016011648220738;-0,004521626987562782;-0,0010948778988377345;0,0029030088379590757
-0,0029259038691735262;0,005707206444921482;0,0005062869232360656;-0,0016186181496037066;-0,0007203767035079411;8,341418887736207e-05
-0,002920674549554174;0,005499819648532297;-0,00021408978027187553;-0,0015352039607263446;-0,00187291470858994;0,0037754482854068377
-0,0028951937530053793;0,005227688126158964;-0,0020870044888618156;0,002240244324680493;0,0014328307777050492;0,00025492738289496775
-0,00287827654766746;0,004894148445356576;-0,0006541737111567664;0,002495171707575461;0,001813734195573749;-0,0012920931893267984
-0,002944839521884013;0,004650218537541409;0,0011595604844169827;0,0012030785182486625;-0,0009166583912254972;0,0002329850377952858
-0,003037569444546837;0,00450609549802926;0,00024290209319148548;0,0014360635560439483;0,0007470695667276261;-0,0010757304313335492
-0,003083916947832981;0,0044100955992470575;0,0009899716599191116;0,00036033312471039913;-0,00040787431045787026;0,001233509230468166
-0,0031205483673914657;0,004371538242706613;0,0005820973494612414;0,0015938423551785652;0,00098877109984849;-0,004367814528195443
-0,003117580920553186;0,004347394211154584;0,0015708684493097314;-0,002773972173016878;-0,001767830181287497;0,0016614300668563453
-0,003091329579736457;0,004387003873809699;-0,00019696173197776556;-0,0011125421061605328;-0,0003124273765999913;0,0005577731456646723
-0,0030022435009473387;0,004315654649544138;-0,0005093891085777569;-0,0005547689604958606;-0,0010509986774123875;0,000915256752149804
-0,002921035891437331;0,004199803741032155;-0,0015603877859901444;0,0003604877916539434;0,0018078251084961;-0,0038722806346931926
-0,002860203846270433;0,004061762074100338;0,0002474373225059556;-0,003511792843039249;0,0007410012318654069;-0,0008863272152078161
-0,0028617873125431413;0,003938139918834679;0,0009884385543713625;-0,004398120058247065;-0,0009867298569284366;0,0033399555516212265
-0,0028534732859156115;0,0036740460498474498;1,7086974429258994e-06;-0,0010581645066258388;0,0009774801087785168;0,0005128772521811389
-0,002805621717113227;0,003234027378530338;0,0009791888062214427;-0,0005452872544446999;-0,0020684595399240863;0,000463884545915505
-0,0027577018004131255;0,002751682126948193;-0,0010892707337026436;-8,14027085291949e-05;0,0029464646527198185;-0,0014973372279172628
-0,0026706143314641664;0,0022475253851882595;0,001857193919017175;-0,0015787399364464577;-0,00357476530947011;0,0029414878111373548
-0,002627097691863313;0,0017401125350871584;-0,001717571390452935;0,001362747874690897;0,00022488528134009117;0,0034109338167359338
-0,002509293295501772;0,0011695500875281992;-0,0014926861091128438;0,004773681691426831;0,0007491995236603363;-0,0003922088485704975
-0,002460191754758349;0,0006534975549568757;-0,0007434865854525075;0,004381472842856333;0,0003144515127960282;-0,004542031822537323
-0,0024707976583794398;0,0003283922900426255;-0,0004290350726564793;-0,00016055897968098986;0,001115882316932569;0,00011841285778355342
-0,0025111430254186307;0,00017854593884262856;0,0006868472442760898;-4,214612189743644e-05;-0,0001975980579101283;0,0014185646052660705
-0,0025686497953640807;2,2277228455392072e-05;0,0004892491863659615;0,001376418483368634;0,0010166771700952926;0,00019644810029882318
-0,0025986826755384873;-0,0001356773268077419;0,001505926356461254;0,0015728665836674573;-0,0009906989468262822;-0,0033483450073912647
-0,0026091455882582557;-0,0002385751427361305;0,0005152274096349718;-0,0017754784237238074;-0,0006369245201387555;0,0002748065910510907
-0,0025593714467195736;-0,0002785582953178208;-0,00012169711050378368;-0,0015006718326727167;-0,0006189039468344343;0,001704859248232369
-0,0024889882087954923;-0,0003895605848484634;-0,000740601057338218;0,00020418741555965243;0,0002936971170875227;0,0011222779245290242
-0,0024234728552915627;-0,0005605897476860147;-0,00044690394025069524;0,0013264653400886766;-0,00043159145845438757;-0,000903494100703001
-0,002387581544081162;-0,0007234514139011798;-0,0008784953987050828;0,00042297123938567563;0,00040314937320313354;-0,0016023895669869115
-0,002369566390480789;-0,0008332544665127979;-0,00047534602550194927;-0,0011794183276012359;-0,0004967091479028407;0,0003926413532863264
-0,002386691052828619;-0,000926138669548989;-0,00097205517340479;-0,0007867769743149094;0,0010322451068979846;0,0018968643358751314
-0,0024228295561965272;-0,0010661996056892296;6,0189933493194625e-05;0,001110087361560222;0,0017716070357392047;0,0001762823250879425
-0,002497850266500627;-0,0012377316208020664;0,0018317969692323993;0,0012863696866481644;-0,0007374932633483766;0,0014476069426927474
-0,0025704633794649987;-0,0013648601414524943;0,0010943037058840227;0,002733976629340912;-6,109778764956664e-05;-0,000979109536192388
-0,002569804613660075;-0,001440533874636996;0,001033205918234456;0,0017548670931485238;-0,0014033594933009555;0,0007305228438468023
-0,00252537369961979;-0,001406848542647861;-0,00037015357506649943;0,002485389936995326;0,0008365575187246552;-0,0006356073102224864
-0,002439614548850127;-0,0013029685269327848;0,00046640394365815574;0,0018497826267728397;0,0007799326496517947;0,0009503228640126513
-0,002368661541083124;-0,0010996729137378958;0,0012463365933099504;0,002800105490785491;-0,002394924941196086;-0,0016340747262328162
-0,0022790523755697946;-0,0008223859954720931;-0,0011485883478861356;0,0011660307645526748;0,0010502390141629361;-0,0006335067106148246
-0,002139589746324067;-0,0004330948575748709;-9,834933372319943e-05;0,0005325240539378502;-0,0003270981326100181;-0,0003264561314127324
-0,002046070650993785;2,837510904458388e-06;-0,0004254474663332175;0,0002060679225251178;0,000820520161877003;-0,0016425103067971222
-0,001956485529012431;0,00046007084154130163;0,00039507269554378555;-0,0014364423842720044;0,00020745135759722005;0,0003937022022453048
-0,0018839183056844058;0,0009255468890791497;0,0006025240531410056;-0,0010427401820266996;-0,0018874722024924614;-0,0001397406410578242
-0,0017955481745346293;0,0013335652412461176;-0,0012849481493514558;-0,0011824808230845238;0,0011379472833991378;0,00042538945571553993
-0,0016830770812592123;0,0016998739861320174;-0,0001470008659523181;-0,0007570913673689839;0,0008982850514354657;-0,0023559359814606107
-0,0016220039139578535;0,002018883498094536;0,0007512841854831476;-0,0031130273488295945;-0,00119083727133798;0,0006823054081722679
-0,0015668107812945875;0,0023076093553622955;-0,00043955308585483244;-0,0024307219406573266;-7,408670676235102e-05;0,0033080892866230935
-0,0014815662812119957;0,0024718141186768714;-0,0005136397926171835;0,0008773673459657669;-0,00038605885610194096;-0,0006410220239020589
-0,001413903904563597;0,002538790004365154;-0,0008996986487191244;0,00023634532206370795;0,0023435241619880753;0,00023408650562048439
-0,0013667871196198858;0,0026408605838920676;0,001443825513268951;0,00047043182768419234;-0,0025375826045933997;-0,0043563992502355375
-0,0013556582806249396;0,0027523849763015293;-0,0010937570913244488;-0,003885967422551345;0,001670763862146537;0,002183941115633775
-0,0012867764210992352;0,0028827266418183584;0,0005770067708220881;-0,00170202630691757;0,0007591379819561969;0,0014257448419990049
-0,001261644845226509;0,002857629610433134;0,001336144752778285;-0,0002762814649185652;-0,0020667810890011816;-0,0018689693534477553
-0,001213432998520899;0,0027644515267712068;-0,0007306363362228965;-0,0021452508183663205;0,0018691026049793488;0,0006200280730898136
-0,0011117753617041577;0,0026602221845125366;0,0011384662687564523;-0,0015252227452765069;-0,0007606333719508522;-0,00045637518458606363
-0,0010393431783363323;0,0024701828095192143;0,0003778328968056001;-0,0019815979298625705;0,0013630673351520371;0,0011806597742383754
-0,0009213723442182488;0,0022191345247148313;0,0017409002319576372;-0,0008009381556241951;-0,0020886425208594753;0,0018583922846306111
-0,0007882881942279413;0,0018888223227159454;-0,00034774228890183806;0,001057454129006416;0,0016699729629514725;-0,0007639436784336977
-0,0005855680349593283;0,001526472594492092;0,0013222306740496344;0,0002935104505727183;-0,00039697557476127063;-0,0009329244139182069
-0,0003967575672467888;0,0012064210314284948;0,0009252550992883638;-0,0006394139633454886;-0,0018460816125462527;0,0002977389359565784
-0,00015505787257226396;0,0008981098863878066;-0,0009208265132578889;-0,0003416750273889102;0,0009220622792339896;9,683278088029774e-05
0,00012365202607379547;0,0005642221828132989;1,2357659761007278e-06;-0,00024484224650861246;-0,0007262041835728768;0,002792862597292619
0,0003655288641895393;0,00021666747814323467;-0,000724968417596776;0,0025480203507840067;0,0011100952390158316;-0,0005456633439768939
0,0006074551329443272;-0,000140680916387174;0,00038512682141905556;0,0020023570068071128;-0,0008329829030795672;-0,001033805860786688
0,0008203826649952441;-0,0003961084968862224;-0,00044785608166051163;0,0009685511460204247;0,00011927707940122614;0,001364198498589781
0,0010487152699029231;-0,0005714417971129863;-0,0003285790022592855;0,0023327496446102058;0,0007149213213734143;0,00039158812078133286
0,0012591336315441817;-0,0007080330514989332;0,0003863423191141288;0,0027243377653915386;-0,00274869484966115;-0,0005614465595707822
0,0014564088330950688;-0,0007513143201004718;-0,002362352530547021;0,0021628912058207564;0,0021630906801854213;-0,0013970971840713692
0,0016691377274105211;-0,0006856220780863489;-0,00019926185036159977;0,0007657940217493872;-2,9604424334687962e-05;0,0025808114383743253
0,0017873725205040927;-0,0005334141878393958;-0,00022886627469628773;0,0033466054601237125;-0,0010514274793668385;-0,00160761766070216
0,0018976368395832003;-0,0003505745367224672;-0,0012802937540631262;0,0017389877994215524;-0,0005959209343817176;-0,001282013805203661
0,0019987465076744563;-3,387066720059005e-05;-0,0018762146884448438;0,00045697399421789145;0,0012721832178728895;0,0009703358088334352
0,0020486444256031873;0,00035239271429814915;-0,0006040314705719543;0,0014273098030513267;0,0023019816430072046;0,00046494925787917037
0,0020234937559941244;0,000756935055565604;0,0016979501724352503;0,001892259060930497;-0,0006679127425711986;-0,0005007598506816882
0,0019741818275621835;0,001218569788955112;0,0010300374298640516;0,0013914992102488088;-0,0018795778521085785;-0,00269709231920761
0,0019927879060276524;0,0017558948847818398;-0,0008495404222445269;-0,001305593108958801;-7,037335282958357e-05;0,0012007093894153414
0,0020525954816876836;0,00234887994901852;-0,0009199137750741104;-0,0001048837195434596;0,001515310614793458;-0,00018410921708105626
0,0020784214404579336;0,0028896412888968484;0,0005953968397193476;-0,00028899293662451586;-0,0016094714359797258;-0,0023092957754245746
0,002067450848225219;0,003426207279993438;-0,001014074596260378;-0,0025982887120490905;0,00033471939916104865;-0,0011211324597224792
0,0020802961295812786;0,003951213553625047;-0,0006793551970993295;-0,0037194211717715697;-0,0012625960028943908;0,00262622192760667
0,002052578427086923;0,004372288278774693;-0,0019419511999937203;-0,0010931992441648997;0,0012887667753545273;-0,0006072410377323256
0,001997686516708594;0,004644586157053475;-0,000653184424639193;-0,0017004402818972253;0,001433667353330427;-0,00037650740778795433
0,0018651165583305166;0,004873156065565662;0,000780482928691234;-0,0020769476896851796;-0,0004620709770844292;0,0018414327706313266
0,0017064192229668713;0,00503370836280196;0,00031841195160680485;-0,00023551491905385302;0,000571587398396238;7,020372701277422e-05
0,0015789412047508753;0,0051111827524508505;0,0008899993500030429;-0,0001653111920410788;0,00025042010009047183;-0,00042114296757053693
0,0014641996645991515;0,005179236545337587;0,0011404194500935147;-0,0005864541596116157;0,00028864944328604175;-0,0008880777260813488
0,0013850580984475494;0,0052406778905426795;0,0014290688933795564;-0,0014745318856929646;-0,0010239246038869013;0,0015634292752169654
0,0013515333102996879;0,005278661069363308;0,0004051442894926552;8,889738952400084e-05;-0,0014771607607993592;0,002038650812163867
0,0013751712778870089;0,005257662972756219;-0,001072016471306704;0,0021275482016878677;0,000993195712102983;-0,0023797819815142007
0,0014150150170540359;0,005240220771730089;-7,8820759203721e-05;-0,000252233779826333;-0,00030992263704897327;0,0008778358159077515
0,0014119780973687946;0,005307880498771474;-0,0003887433962526943;0,0006256020360814185;0,0004462676839051688;0,0023305208585479575
0,0014057883473154046;0,005365450874619805;5,7524287652474526e-05;0,002956122894629376;-0,0013726981441924135;0,0010790105509529968
0,0013840488614119068;0,005448045331911394;-0,001315173856539939;0,004035133445582373;0,0019872112395902426;-0,0038753715924875753
0,001364610347014508;0,005648884704988156;0,0006720373830503036;0,0001597618530947975;-0,0006615263266393952;-0,0003062760809343923
0,0012925648783555115;0,006011129415888214;1,0511056410908437e-05;-0,00014651422783959478;0,0004329302247319672;-0,0011620888337484925
0,0012474009050185274;0,0063797646009120645;0,0004434412811428756;-0,0013086030615880873;-0,00012705564910323042;0,0007178804526072613
0,0012026573739379795;0,0067425392168223314;0,0003163856320396452;-0,000590722608980826;-0,0011589133665186012;-0,0016249562523860395
0,0011756514941031466;0,007052969710269074;-0,000842527734478956;-0,0022156788613668654;0,00310451507784517;-0,001557459571132097
0,0011613010395498996;0,007339771299356584;0,002261987343366214;-0,0037731384324989625;-0,001744520781870311;0,0017700210986127674
0,0011132494756174944;0,007537945733989419;0,000517466561495903;-0,002003117333886195;-0,0007764996511031505;-0,0008437130976732821
0,0011556774054197376;0,007585194631322296;-0,0002590330896072475;-0,0028468304315594772;0,0032783887942905363;0,0035266627359548663
0,001218803997681817;0,007552318835299724;0,0030193557046832888;0,0006798323043953891;-0,0032040005841548237;0,00042914845274338864
0,0012715692663596064;0,007405569822014774;-0,00018464487947153496;0,0011089807571387778;0,001768728563239154;-0,0008883314497054595
0,0014451087632247276;0,007286014100905639;0,001584083683767619;0,00022064930743331823;-0,0022764097988639473;-0,002603736581764604
0,0016112624649109873;0,007210817610082056;-0,0006923261150963284;-0,002383087274331286;0,0011360783288068346;0,002938483192399921
0,0018407795139479515;0,0071444470915558046;0,00044375221371050627;0,0005553959180686352;-0,001094982126584071;0,0007945122257682902
0,002042603518381063;0,006982753082056302;-0,0006512299128735646;0,0013499081438369254;-0,001121874119176483;-0,002298723960131449
0,0022621776113625944;0,006843274909279546;-0,0017731040320500477;-0,0009488158162945237;0,0017325567987098792;-0,0013147614212743186
0,0024557025078291834;0,006757793062256265;-4,054723334016852e-05;-0,0022635772375688423;-0,0013912364080370943;0,004579404421069716
0,0025783032430137707;0,0066343585825812046;-0,0014317836413772628;0,0023158271835008737;-0,00036711068221231824;0,0011825739667471191
0,002699282088864751;0,00642038101340339;-0,001798894323589581;0,003498401150247993;-0,0006677562587485836;-0,0021430788133756096
0,0027629895890606405;0,006299036531565611;-0,0024666505823381646;0,0013553223368723832;0,0030712253630355707;-0,0008801852219400275
0,002754741316312947;0,006317628095737751;0,0006045747806974061;0,0004751371149323558;-0,002208754862724864;-0,0006380097982029431
0,0026478270202717267;0,0063904325533847865;-0,001604180082027458;-0,00016287268327058735;0,002342393965209036;0,00022146704411202256
0,002565095715458403;0,006482242495629116;0,0007382138831815779;5,859436084143521e-05;-2,5905977939402747e-05;-0,004518554754777304
0,002418197207363981;0,006567537530542622;0,0007123079052421752;-0,004459960393935869;0,00027428337575466366;-0,0007533522603291598
0,002300827254596822;0,006655176339889786;0,0009865912809968388;-0,005213312654265029;0,00016077584825969354;0,0007957740534653424
0,00221194961803935;0,006564416733479515;0,0011473671292565324;-0,004417538600799686;-0,0012170974810162064;0,0012875835948980008
0,0021625356327217514;0,006265124620898642;-6,973035175967396e-05;-0,0031299550059016856;0,0003057870897344231;0,00031584379978018273
0,0021590163325744143;0,005789130964285782;0,00023605673797474913;-0,002814111206121503;0,0004932443390093452;0,0016177991132118458
0,0021527078183566904;0,005187939107436855;0,0007293010769840944;-0,0011963120929096571;-0,002268903391283758;0,0008325028011408747
0,002155841573657956;0,004474182802343068;-0,0015396023142996637;-0,0003638092917687824;0,0012575604820375536;0,002772520113667895
0,002188147372038586;0,0037125740135328946;-0,00028204183226211016;0,0024087108218991127;-0,0012389932374813131;-0,0014982805354377474
0,002158869077847229;0,0029364128530519696;-0,0015210350697434233;0,0009104302864613653;0,0007917766264700851;0,0007017770142113862
0,0021183091103653875;0,002256600125447009;-0,0007292584432733382;0,0016122073006727515;-0,00022650958052424647;0,0005474479581750197
0,0020169077400938092;0,0016132046093005035;-0,0009557680237975846;0,0021596552588477713;-0,0013765791930696256;1,0923723606665395e-05
0,0018863360320912977;0,0010342973851809078;-0,00233234721686721;0,0021705789824544366;0,002142099987304521;0,00036058865058142923
0,0017175336031368825;0,0005417763714152229;-0,00019024722956268933;0,002531167633035866;0,00011476012634957858;-8,646475600070699e-05
0,0014554372855077788;0,00013607851694771552;-7,548710321311075e-05;0,002444702877035159;-0,0003717565409768267;0,0012035257873179647
0,0011857310786961676;-0,00016837263219835722;-0,00044724364418993745;0,0036482286643531236;0,0010764990478046247;-0,0035032563023419056
0,0009130053877560321;-0,0003750356662630236;0,0006292554036146873;0,00014497236201121803;0,00028889190893162213;0,000861419732614466
0,000622389951048299;-0,00043576955375356505;0,0009181473125463094;0,001006392094625684;0,0033071762131553833;-0,0004338820597962322
0,0003569447304851534;-0,0004907045467636578;0,004225323525701693;0,0005725100348294519;-0,0027095029794960384;-0,0010386830452530568
0,00012822540242386023;-0,0005053838559887231;0,0015158205462056542;-0,00046617301042360497;-0,0005091934230040615;-0,001267479922873264
6,851901539063474e-05;-0,0004971627638206104;0,0010066271232015928;-0,001733652933296869;-0,00045048329289901277;0,0010614235301341403
6,944545020563542e-05;-0,0005075885920694419;0,00055614383030258;-0,0006722294031627288;0,0020464632680877205;0,0024475144184203414
0,00011063696994869981;-0,0005873605376501481;0,0026026070983903005;0,0017752850152576126;0,0002728921924174577;-0,0016391076754049619
0,0001740742429038674;-0,0006940216593573635;0,002875499290807758;0,0001361773398526507;-0,004874195394346715;-0,0006330936859032035
0,000341615799794647;-0,0007296713804542744;-0,0019986961035389564;-0,0004969163460505528;0,0021846600385672446;0,0003631204335117072
0,000624177328317737;-0,0007598740079570792;0,00018596393502828823;-0,00013379591253884562;0,0004109801300803545;0,00011504417786047452
0,0008267910126992686;-0,0008099532893019062;0,0005969440651086427;-1,87517346783711e-05;-0,0005475040644615341;-0,0005538530701216932
0,0010368432544819318;-0,0008653844071482871;4,9440000647108656e-05;-0,0005726048048000643;0,001082355918988722;-0,002460594043497636
0,0012707732588689408;-0,0009215655943818027;0,0011317959196358307;-0,0030331988482977003;-0,0031609701954406905;0,00027058143519855665
0,001506680863281834;-0,0010006509738073209;-0,0020291742758048598;-0,0027626174130991436;0,0035378822931663514;0,0016026269293929335
0,0017878603044801605;-0,0012010643071647471;0,0015087080173614917;-0,0011599904837062101;-0,0035412325225984698;0,001363951291681844
0,0019878727746462928;-0,001511982337046139;-0,002032524505236978;0,00020396080797563387;0,0012082454451695646;-0,00028657125686528534
0,0022482335655068845;-0,0018692999862757794;-0,0008242790600674135;-8,261044888965147e-05;0,0009388897621689235;-0,0005859045029002891
0,002427293376157997;-0,0022184592031863947;0,00011461070210150998;-0,0006685149517899405;0,0010912968714216834;0,0031891477759735873
0,002573382024406413;-0,0025709228380525954;0,0012059075735231933;0,0025206328241836468;-0,0023763916113806183;0,0018444501457628298
0,00272405510073889;-0,0029501270709903944;-0,001170484037857425;0,004365082969946477;-0,0018995580044042504;-0,000626231599739055
0,002922964480012294;-0,0032285059909608472;-0,0030700420422616753;0,0037388513702074216;0,0024251558932037037;-0,002666419970998382
0,003075054497771401;-0,0033322815921334407;-0,0006448861490579716;0,0010724313992090395;-0,0006514049288449814;-0,0004609012319058553
0,0031043428338400417;-0,003286503138497738;-0,001296291077902953;0,0006115301673031842;-0,0005479950021133329;0,002549955476512919
0,0031078357239463627;-0,003197827428893673;-0,0018442860800162858;0,003161485643816103;0,0004064087354663376;-0,000607492398205442
0,003059476970936566;-0,003084690512597481;-0,0014378773445499482;0,002553993245610661;-0,0007373269183277506;-0,002817748916017937
0,002937346774726118;-0,002845094170548645;-0,002175204262877699;-0,00026375567040727577;0,0029585867737828495;0,00023507224600786275
0,0027577014847336716;-0,0025033380986753825;0,0007833825109051507;-2,8683424399413016e-05;-0,0012972566074537992;0,0004185754193776481
0,0024910480242261177;-0,002172132253618411;-0,0005138740965486485;0,00038989199497823507;0,00014466273341125907;0,0006013605999372063
0,0022557298641547696;-0,0018420737455374157;-0,00036921136313738945;0,0009912525949154413;0,0010556094753297607;-0,0032052800023648596
0,0019998567402214756;-0,0014964195576572911;0,0006863981121923712;-0,0022140274074494183;0,0007536433708119419;-0,0021681354074124595
0,001729215161762686;-0,001111115265980549;0,0014400414830043132;-0,004382162814861878;-0,00028398295025006126;-0,0009285145510828409
0,0014860295077915914;-0,0008143720706017836;0,001156058532754252;-0,005310677365944719;-0,0008794425446110796;0,0025424157455250958
0,0013004455131406692;-0,0006929153878174933;0,00027661598814317234;-0,002768261620419623;0,0009392560294055156;0,0003986781274277554
0,0011611038597999172;-0,0007838857996709919;0,001215872017548688;-0,0023695834929918676;-0,00044581646213476614;0,001075732867372451
0,0010328268459848919;-0,0009855866763412752;0,0007700555554139218;-0,0012938506256194166;-0,0001209128600881855;0,000750173208081989
0,0009531847128718142;-0,0012820708927312333;0,0006491426953257363;-0,0005436774175374276;-0,0024396777150812836;0,0006429194313481087
0,0009043448019752934;-0,001630309134145968;-0,0017905350197555472;9,924201381068115e-05;0,0002336407904041382;0,004085579001158177
0,000881470598891802;-0,0020002944722622;-0,001556894229351409;0,004184821014968858;-0,00032909091600008544;-0,0026479570329079327
0,0007869749950180887;-0,0023663101298260045;-0,0018859851453514945;0,001536863982060925;0,0009239313400360525;-0,0029235380520662643
0,0006302036219703192;-0,002564932946791055;-0,000962053805315442;-0,0013866740700053393;0,0010077692948747465;-0,0002661805945916307
0,00039799284310848977;-0,002702081204473668;4,5715489559304545e-05;-0,00165285466459697;6,514676990097053e-05;0,0029750374191991197
0,00012729991203404268;-0,002894696424956495;0,00011086225946027508;0,0013221827546021497;0,00015166340038325066;0,000638901758218402
-0,00014156439945803225;-0,003153425832023201;0,00026252565984352574;0,0019610845128205517;0,0008590804663698515;-0,0032894886227684966
-0,0004059942205716961;-0,0033592679289058203;0,0011216061262133772;-0,0013284041099479449;0,000986603452715052;-0,0009018575205620438
-0,000659923015291619;-0,003486666645275618;0,0021082095789284293;-0,0022302616305099887;-0,002687946773258055;0,00315281344556953
-0,0008689875649630067;-0,003667201526043333;-0,0005797371943296256;0,0009225518150595413;0,000827649410978612;0,001526075981282085
-0,0009937237314772574;-0,003936946872031448;0,0002479122166489864;0,0024486277963416264;-0,0005406631949146472;-0,003314720340254096
-0,001141649385764693;-0,004169790145417181;-0,0002927509782656608;-0,0008660925439124695;0,001549619418506374;-0,0035867650021882413
-0,0012796585513861693;-0,00430468830694925;0,0012568684402407132;-0,004452857546100711;-0,0019424839853527179;0,000967442828991194
-0,0014293777561382717;-0,004474230170237817;-0,0006856155451120047;-0,0034854147171095168;0,0011101865274265807;0,0028510501689468642
-0,0015288222232807459;-0,004821886335370412;0,000424570982314576;-0,0006343645481626525;3,7408463334234754e-05;0,002927733825916823
-0,0016556913122277;-0,005308959089187389;0,00046197944564881077;0,0022933692777541703;0,0007451366519694025;-0,002580607016171965
-0,0017655775618820712;-0,005821406424930871;0,0012071160976182133;-0,0002872377384177949;-0,0004994191431421241;0,0010016949795710328
-0,0018569846337104902;-0,006242118989564186;0,0007076969544760892;0,0007144572411532379;0,00010725107335334688;0,003564238632321415
-0,0019001070616341805;-0,006674321063734214;0,000814948027829436;0,004278695873474653;0,00013122791722405824;0,0014694345270208353
-0,001914921611378827;-0,0070779448482581105;0,0009461759450534943;0,005748130400495488;-0,00023449909472875868;0,00015977438174999414
-0,0018971382400102962;-0,007310420797843022;0,0007116768503247356;0,005907904782245482;0,000520286311258715;-0,00535403552943961
-0,0018415078308396259;-0,007312971531408115;0,0012319631615834506;0,000553869252805872;-0,0012763798695528475;-0,00048673201785875975
-0,0017574103476559657;-0,007079206073683388;-4,4416707969396896e-05;6,713723494711221e-05;0,0014443335630642262;-0,0009093292096096772
-0,0016240343380089677;-0,006823285845846425;0,0013999168550948293;-0,000842191974662565;-0,001530022479764373;0,00016813840611781816
-0,0014924349966807457;-0,006564680128611579;-0,00013010562466954367;-0,0006740535685447469;0,001256249365476466;-0,0002844735575398827
-0,0013048389811487304;-0,006339762090363235;0,0011261437408069223;-0,0009585271260846295;-0,0016568088680917331;-0,0009679156415485779
-0,001122447190603497;-0,006141806194856681;-0,0005306651272848108;-0,0019264427676332074;0,00040871784861724707;0,0010360420882180588
-0,0008950096504259865;-0,005982191384393511;-0,0001219472786675637;-0,0008904006794151487;0,00037977517166971723;0,0026590245010829072
-0,0006887987153398685;-0,005899634284635671;0,00025782789300215353;0,0017686238216677586;-0,0007747268719111335;0,0013558420663655757
-0,0004874656714004531;-0,0058526932120544365;-0,0005168989789089799;0,0031244658880333342;-0,0011345393941975387;-0,0010043904999478825
-0,0002758195117409515;-0,005735007186606491;-0,0016514383731065186;0,0021200753880854517;0,002440570136473622;-0,0005533058746671204
-8,484931123780909e-05;-0,0054923425256372125;0,0007891317633671032;0,0015667695134183313;-0,001799681370096234;4,8213650884199044e-05
4,0063354341072555e-05;-0,005164874849144517;-0,0010105496067291308;0,0016149831643025303;0,001544170749276385;0,0013829583856568017
0,0001965412904546383;-0,004774736392115087;0,0005336211425472541;0,002997941549959332;-0,0015307645024942836;-0,0005311426992324203
0,00031259724229903887;-0,004319998608513556;-0,0009971433599470295;0,0024667988507269117;0,00027374536379705036;-0,0010044480199580819
0,0004499980398453295;-0,0037453431629136513;-0,0007233979961499791;0,0014623508307688299;0,0016004289056682618;-0,002580851756399792
0,0005475131029937391;-0,0030720157632846707;0,0008770309095182827;-0,0011185009256309622;-0,002235667887829227;0,0008829972109738113
0,0006160922462961494;-0,002340194330424937;-0,0013586369783109443;-0,00023550371465715092;0,0022670528036083226;0,0015033175579104753
0,0007197526259792911;-0,0016531129345904415;0,0009084158252973783;0,0012678138432533244;-0,0009161307154853145;-0,0029984875863763097
0,000769067526529995;-0,000975451687342232;-7,714890187936196e-06;-0,0017306737431229853;-0,0003523726327428582;-0,0017624516737606045
0,000854719060092594;-0,0002470778863638897;-0,0003600875229307944;-0,00349312541688359;0,0012256831618597981;0,00021983335333149515
0,0009400619980476756;0,0004120689648895333;0,0008655956389290037;-0,0032732920635520947;-0,0015019564307106742;0,002577160282481443
0,0010110014350855254;0,0009314907994676126;-0,0006363607917816705;-0,0006961317810706517;2,35672903430538e-05;-0,0021952629511588807
0,0011165646976805353;0,0013199809515036082;-0,0006127935014386167;-0,0028913947322295325;0,0008443252613097203;4,856582095676826e-05
0,0011966735286042785;0,0016806258322967775;0,00023153175987110364;-0,002842828911272764;-0,0018526493615570391;0,0007033982833075103
0,0012522706194704769;0,0019256149238007659;-0,0016211176016859355;-0,002139430627965254;0,0015362023790780818;0,0020945654136970207
0,0013171289807315195;0,0020568908588538435;-8,491522260785367e-05;-4,48652142682332e-05;-0,00023788081456157378;-0,0014022112171278647
0,0013171426379251247;0,002102589568788311;-0,00032279603716942745;-0,001447076431396098;-0,0005636686925020902;-0,0006976507187995556
0,0013137596862144159;0,002146493670152049;-0,0008864647296715177;-0,0021447271501956536;0,0011080194799175345;0,0003771097660713804
0,0012974648930169298;0,002132514714259943;0,0002215547502460169;-0,0017676173841242732;-0,002574924005730974;0,0004244343314162291
0,001245711510632583;0,002032746672360011;-0,002353369255484957;-0,001343183052708044;0,003361768893285655;-0,0012924884628045738
0,0012028203182580769;0,0018622739350951083;0,0010083996378006978;-0,002635671515512618;-0,0020841580296842403;-0,0011734639082366313
0,0010657943556641725;0,0016380738757218838;-0,0010757583918835426;-0,003809135423749249;0,00196887979512916;0,000805346877971843
0,0009691043785822961;0,0013084469557281544;0,0008931214032456176;-0,003003788545777406;-0,001768355930309537;0,0019457102849769273
0,0008293840658250779;0,0008264546187844552;-0,0008752345270639193;-0,001058078260800479;0,00040400690537044023;0,004469263025988771
0,0007253886091976844;0,0002243107400096596;-0,0004712276216934791;0,0034111847651882923;0,0025583609241426625;-0,0010351890067982726
0,0005863837714877342;-0,0004201562691971551;0,0020871333024491835;0,0023759957583900197;-0,003180984770041144;-0,0009502964587693383
0,0004285298289100448;-0,0009281758877964382;-0,0010938514675919607;0,0014256992996206815;0,002223981341219528;1,4601263231089207e-05
0,0003541612184303227;-0,0013411556760601203;0,0011301298736275675;0,0014403005628517707;-0,0021849834964885657;0,00034987757379038864
0,00023603854924692224;-0,0016971074923389754;-0,0010548536228609981;0,0017901781366421593;0,004217648590243518;0,0025091639715460884
0,00016312107500862443;-0,0019954472861037596;0,0031627949673825205;0,004299342108188248;-0,0020959200879344174;-0,006078177786695074
4,800945585588674e-05;-0,0022221799544028574;0,001066874879448103;-0,0017788356785068266;0,0003884109529158574;-0,00017850780805137717
5,940963539844985e-05;-0,002276938938374425;0,0014552858323639605;-0,0019573434865582037;-0,0005640710208992686;0,00246846407184112
0,00011348481011893709;-0,002402851349486266;0,0008912148114646919;0,0005111205852829162;-0,0009032829099609088;0,002097656502216043
0,00022577141813398275;-0,002607057500060435;-1,2068098496216886e-05;0,002608777087498959;0,0004947620845521528;0,00038545083302128635
0,00037370661860761605;-0,0027908188272232877;0,00048269398605593587;0,0029942279205202454;-0,0003733657599830943;-0,006292103259041212
0,0005211590951414007;-0,0028702290708861817;0,00010932822607284155;-0,003297875338520967;-0,00100651157128198;0,002191925241241191
0,0006879193311174228;-0,002829870197728266;-0,0008971833452091384;-0,0011059500972797759;-0,0008755148682552255;0,0026238655956815904
0,0008590526961363586;-0,0029214263381111888;-0,0017726982134643639;0,0015179154984018145;-0,0016279039035424735;-0,0014769588021647517
0,0009942987273469288;-0,003057220482385303;-0,0034006021170068373;4,095669623706277e-05;0,003101933756244346;-0,0018324377175043538
0,0010586368300189244;-0,003132298006723344;-0,00029866836076249126;-0,001791481021267291;-9,796918807178367e-05;-0,001820621664201827
0,0009869508480106466;-0,003205737263211903;-0,00039663754883427493;-0,003612102685469118;-0,0007938057271787285;0,00493389325596795
0,0009033181315718691;-0,0033508357605511537;-0,0011904432760130035;0,001321790570498832;0,0009847147214430522;0,0016838754552761792
0,0008038199131797206;-0,0036404183653091686;-0,00020572855456995123;0,003005666025775011;0,00030978089868096033;-0,00241727850548816
0,000656703963747052;-0,003877129347247231;0,0001040523441110091;0,000588387520286851;-0,00019284432536539626;-0,0016790130688662669
0,0005013588721315854;-0,003993613688154292;-8,879198125438716e-05;-0,0010906255485794158;0,001197242427891182;0,0017562841933446566
0,00035017587428055907;-0,00408656252824988;0,0011084504466367948;0,0006656586447652407;-0,0025668923120394883;0,002876718628371827
0,00019544119717935726;-0,004223136390288644;-0,0014584418654026935;0,003542377273137068;0,002469392946890536;3,692477002677219e-05
8,504453794362727e-05;-0,0043330839065367985;0,0010109510814878425;0,00357930204316384;-0,0006269727394470547;-0,002035131712610702
-8,368979590821045e-05;-0,00430133633185947;0,0003839783420407877;0,001544170330553138;0,0011130529658617242;4,178000270704807e-05
-0,0002119860865005345;-0,004126416675455588;0,0014970313079025119;0,001585950333260186;0,0012281977385789726;0,001529490413040152
-0,000324923243411227;-0,003889730205829581;0,0027252290464814845;0,003115440746300338;-0,0005700731211484029;-0,00012850933043626056
-0,0003779791480058191;-0,003589605722873166;0,0021551559253330816;0,0029869314158640775;-0,00017860546091166135;-0,0015886390996452254
-0,00032202589074115177;-0,003164863610064738;0,0019765504644214203;0,001398292316218852;-8,817620280155217e-05;-0,0029667290413545808
-0,00017986639646316117;-0,002620644240621746;0,001888374261619868;-0,0015684367251357287;-0,0018259037826331911;0,0019845837718608025
4,135511639168622e-05;-0,0020204931785300006;6,247047898667694e-05;0,00041614704672507385;-0,001849267615176826;0,0030212168350747595
0,00033811159971132833;-0,0014830795854436842;-0,0017867971361901491;0,0034373638817998334;0,002216688444524252;-0,001561095891442519
0,0006373669021904376;-0,000929020110488365;0,000429891308334103;0,0018762679903573144;-0,0008755359709758763;-0,002700270375951587
0,0008651503192219408;-0,00023746608026105234;-0,0004456446626417733;-0,0008240023855942726;0,002239970896173872;-3,679804506217729e-05
0,0011101293885868082;0,0005291386695805529;0,0017943262335320988;-0,0008608004306564498;-0,003033698424366727;0,0029391924156000893
0,0013372826714460047;0,001262783323998387;-0,0012393721908346284;0,0020783919849436394;0,0013285386263990062;0,0003878731781788297
0,001636209003646485;0,0019619959611899634;8,916643556437787e-05;0,002466265163122469;0,0002496535614362888;-0,0045593556464529755
0,0018855604482135803;0,0027443442777792854;0,00033881999700066667;-0,0020930904833305064;0,00011180319230755242;-0,0010095065991838625
0,0021384785502032507;0,003625343200893506;0,0004506231893082191;-0,003102597082514369;-7,103904003906425e-05;0,003210922233382027
0,0024049494520729476;0,004422618504674507;0,00037958414926915485;0,00010832515086765804;-0,0036638639345265567;0,0013068033464400247
0,002689445281514973;0,005095789925154933;-0,003284279785257402;0,0014151284973076828;0,00337467954469603;-0,0033941770048299957
0,002989124476927765;0,005773294351670065;9,039975943862799e-05;-0,001979048507522313;0,00018384276467491023;-0,0017556317472485483
0,0031574324809302613;0,006507403918077503;0,0002742425241135382;-0,0037346802547708613;-0,00036493763828517045;0,00027091172747090164
0,0033293564753103023;0,00716235154418405;-9,069511417163223e-05;-0,0034637685272999597;0,0007392878319231466;0,0017823262978261811
0,003512250170654885;0,007667911960099763;0,0006485927177515144;-0,0016814422294737785;-0,00329510841408856;-0,0009205542044626591
0,003691516061432602;0,008034921634923477;-0,0026465156963370456;-0,0026019964339364376;0,0014558626315305662;-0,0012309696154455818
0,00389672566092038;0,00833467362056824;-0,0011906530648064795;-0,0038329660493820195;-0,0003545550515330065;0,0013818062830416034
0,003996074632554676;0,008530345748855545;-0,001545208116339486;-0,002451159766340416;-0,0012682096239155505;0,0010190113644671928
0,004047797481596713;0,008572699235167569;-0,0028134177402550364;-0,0014321484018732233;0,0016890632373814246;8,235764523861766e-05
0,00403771200598517;0,008517006330825977;-0,0011243545028736118;-0,0013497907566346057;-0,0011125797792053;-0,0003657361938259329
0,003915089820763426;0,008404027490409456;-0,0022369342820789118;-0,0017155269504605386;0,002364229924566391;-2,2297228232798227e-05
0,0037474934554267377;0,00823705701972755;0,00012729564248747938;-0,0017378241786933368;-0,0007327954059123815;-0,0016489596439195342
0,0034904197188068927;0,008001465471027223;-0,0006054997634249021;-0,003386783822612871;0,0010444449833844072;0,0024841543686221768
0,003238437807886547;0,007696360955179163;0,0004389452199595051;-0,0009026294539906943;0,00014625948002224692;-0,0010772956082656382
0,002962235906429205;0,007255785086426589;0,000585204699981752;-0,0019799250622563325;0,00023649725328188376;0,0009449134630788447
0,002703591813770243;0,006779104039514385;0,0008217019532636358;-0,0010350115991774878;-0,0018132404519768455;-5,355074789956116e-05
0,0024683559091105514;0,006223225990111929;-0,0009915384987132098;-0,001088562347077049;0,00032109968951990475;0,0020566498962740903
0,0022659880825814053;0,005625947476742374;-0,000670438809193305;0,0009680875491970414;0,0011486041015507237;0,0032533556670405472
0,0020239587161037307;0,004985126469489736;0,00047816529235741867;0,004221443216237589;-0,0004205526382610042;3,40807330701659e-05
0,0017551117972583238;0,0043830289642049795;5,761265409641447e-05;0,004255523949307755;0,0016063316160125213;-0,003589492521446941
0,0015053914901072137;0,0039497891875697275;0,0016639442701089358;0,0006660314278608137;-0,002458477035173434;2,8991435538347488e-05
0,0012579756891199605;0,003686770368906785;-0,0007945327650644984;0,0006950228633991612;0,0022281290627388164;0,002243509523628659
0,0010771176589370642;0,0034503928073582753;0,001433596297674318;0,00293853238702782;-0,0010426824532075857;0,0002123890287439173
0,0008644783181515883;0,003241816160345732;0,00039091384446673233;0,0031509214157717375;0,0004806393576031378;-0,0020030420434489077
0,000709182829273085;0,0031507808088143013;0,0008715532020698701;0,0011478793723228298;0,0012686228351326961;-0,00456316317032085
0,0005695238941732511;0,0031857823139137403;0,0021401760372025663;-0,00341528379799802;-0,0036973666953794802;0,004005977865867066
0,000464727087156212;0,0032666989939060926;-0,001557190658176914;0,0005906940678690464;0,0024084823209092176;0,002534477733644791
0,00044553732162727546;0,003211004321978524;0,0008512916627323036;0,0031251718015138374;-0,0009020795895588645;-0,0010770233496717185
0,0003640599297712624;0,003178937412765717;-5,0787926826560865e-05;0,002048148451842119;0,00213000351495354;-0,0048860178617290695
0,00031663420442454147;0,0032718773756134642;0,002079215588126979;-0,0028378694098869506;-0,002587311070801372;-0,0002638623315815436
0,0002671769620047581;0,0034467432765348956;-0,0005080954826743927;-0,003101731741468494;0,0006829356390724503;0,005410740962282931
0,00030088834311005396;0,0035080944010608493;0,0001748401563980576;0,002309009220814437;0,0015695021678172232;-0,00026362749596982316
0,00031427590490837407;0,0034453762559280626;0,0017443423242152808;0,0020453817248446138;-0,001318397467078257;-0,002711137465897573
0,00033465707296261645;0,003475018479627854;0,00042594485713702383;-0,0006657557410529591;0,0001892127174726102;-0,003758279883504273
0,0004248119339854701;0,0035864759723214295;0,000615157574609634;-0,004424035624557232;-0,0024848919708211886;0,0026105663796881923
0,0005320045892938047;0,003671303235372887;-0,0018697343962115545;-0,0018134692448690398;0,0017641436464648878;0,003140302812433271
0,0006638035475865247;0,003579169073442055;-0,00010559074974666668;0,0013268335675642312;-0,00039984231703892384;-0,0031846090480993905
0,0007208131300307824;0,003414496141716462;-0,0005054330667855905;-0,0018577754805351593;-0,000453482482954036;-0,002054303040366079
0,0007735990824851735;0,0033028965526934375;-0,0009589155497396265;-0,003912078520901238;-0,0001670314554215388;0,0013477934844793663
0,0008061677122681411;0,003116985944449007;-0,0011259470051611653;-0,002564285036421872;0,0004292145551103403;0,005025056295560229
0,0008003797200615235;0,0027745921953685267;-0,000696732450050825;0,002460771259138357;0,0009741964470894905;-0,0010645551447296953
0,0007495538476484593;0,0023296270448311717;0,00027746399703866553;0,0013962161144086618;-0,0004676495672757842;-0,0013555518456452934
0,000670858677233362;0,0019830927446593508;-0,00019018557023711864;4,066426876336848e-05;-0,0005233219949692582;-0,0012761979916022306
0,0006032620666998115;0,0016924070890638767;-0,0007135075652063769;-0,0012355337228388621;0,0006379678904684955;0,004022616914371349
0,0005280580333567762;0,001403348004218937;-7,553967473788135e-05;0,002787083191532487;-0,0007813481918966447;0,0001686968143783732
0,0004243136974054858;0,001064867570460443;-0,000856887866634526;0,00295578000591086;0,00026808282613645373;-0,002849442238291075
0,00031754777446468016;0,0008378704643632484;-0,0005888050404980723;0,0001063377676197852;0,0009806480015952484;0,000758536006561325
0,00017650633685849346;0,0007291045585024883;0,0003918429610971761;0,0008648737741811102;4,768374810138615e-05;-0,0010213013893814581
1,1912697632383892e-05;0,0006245921633465196;0,00043952670919856227;-0,0001564276152003479;-0,0006062737320821029;0,002667664004354255
-0,00013700722314983864;0,0005546747191577953;-0,00016674702288354062;0,002511236389153907;0,0014187839398487776;-0,002125932640887472
-0,0002683460755641187;0,00047850017036105705;0,001252036916965237;0,00038530374826643496;-0,002097144426164159;-0,0006590535985334291
-0,00040635480889374034;0,0005027750771304751;-0,0008451075091989221;-0,0002737498502669942;0,0013666620874022428;-0,000986074179760531
-0,0004942820655447525;0,0005424621338305505;0,0005215545782033208;-0,0012598240300275253;-0,00014658910739462003;-0,0005061456710214376
-0,0006160136225637216;0,0005711991965199462;0,0003749654708087007;-0,0017659697010489629;-0,0002981902202874951;0,0009977252365988773
-0,0007168829964545578;0,0005495432980082409;7,677525052120562e-05;-0,0007682444644500856;-0,0006719065955653365;-0,00041549053752782013
-0,000802753751513046;0,00045724861145457707;-0,0005951313450441309;-0,0011837350019779057;-0,0001573983410610054;0,000940503797251916
-0,0008855534965506861;0,00033422414632290983;-0,0007525296861051363;-0,00024323120472598964;0,001915841587673963;-0,0007420741192123307
-0,0009921584953900913;0,00016385028111212633;0,0011633119015688267;-0,0009853053239383203;-0,0009259211338263906;0,0003044434478902758
-0,001128864681673702;-1,6252832287696762e-05;0,00023739076774243612;-0,0006808618760480445;3,4756243786036867e-06;0,0011944969975889235
-0,0012190383918945595;-0,00023576815864505263;0,0002408663921210398;0,0005136351215408791;-0,0009145725596868583;8,207850527532003e-05
-0,0012997164714057196;-0,0004825179600443303;-0,0006737061675658185;0,0005957136268161991;0,0016542363207957267;-0,0003136787190654907
-0,0013707598952320383;-0,0007087223565819728;0,0009805301532299082;0,0002820349077507084;0,0004293383022778638;0,0004921092501927252
-0,0014687515657609896;-0,0009110982080469674;0,001409868455507772;0,0007741441579434336;0,000278203764673593;-8,056470127287829e-05
-0,0015275220301607445;-0,0011021926632019336;0,001688072220181365;0,0006935794566705553;-0,0010687074850538603;-0,00018690204066527938
-0,0015298977563401885;-0,0012623213520391624;0,0006193647351275047;0,0005066774160052759;0,0002211579541029282;-0,0004776302182683545
-0,001464750593712378;-0,001394706862609569;0,0008405226892304329;2,9047197736921382e-05;-0,0008841592094783121;-0,0011008075604698395
-0,0013748288416794675;-0,0015068252765397647;-4,3636520247879174e-05;-0,001071760362732918;0,00012377859323059112;0,0005712363477843527
-0,0012512861820773394;-0,0016177818025604833;8,014207298271195e-05;-0,0005005240149485654;-0,0024997466129984235;-0,0031554671261803946
-0,0011294889832851266;-0,0017716087430905188;-0,0024196045400157115;-0,00365599114112896;0,0018637923739514561;-0,0010564306080805136
-0,0010044861015736052;-0,001945456644218497;-0,0005558121660642554;-0,004712421749209474;-0,0011187249848454046;0,003741635376875836
-0,0009762674014627123;-0,0022655441909916335;-0,00167453715090966;-0,0009707863723336374;-0,00045292331510709063;0,0002637712784094304
-0,0009702811879943897;-0,0027741286077331492;-0,0021274604660167507;-0,000707015093924207;0,003733467332977223;0,001422665519745181
-0,0010312764605624534;-0,0033215444793680098;0,0016060068669604723;0,0007156504258209739;-0,005587175711945398;0,0008017047003167216
-0,0011773701517711873;-0,003897240954759839;-0,003981168844984926;0,0015173551261376955;0,005541440030157014;0,0008473368215846377
-0,0012592235683015023;-0,004444311413118829;0,001560271185172088;0,0023646919477223333;-0,0011729132694920513;0,0019506077816221906
-0,001500323738631214;-0,004930687666432312;0,00038735791568003664;0,004315299729344524;0,00025481052969165974;-0,0022492868211841655
-0,0016790130615540425;-0,005322476241836901;0,0006421684453716964;0,0020660129081603584;0,0019936804366664437;-0,0015995837943435787
-0,0018422080678496694;-0,005541652828067709;0,00263584888203814;0,00046642911381677976;-0,0025168896715396863;0,0025727870321473056
-0,0019797163363304286;-0,005678188897972103;0,00011895921049845382;0,0030392161459640854;0,0037694283668076034;0,0006337193480509817
-0,002011790649529662;-0,005796067803323825;0,0038883875773060572;0,003672935494015067;-0,0017209150154479796;-0,000415617688397818
-0,0020391065943089572;-0,005792378062836985;0,0021674725618580776;0,003257317805617249;-0,0005059270269831898;-0,0011590636841840585
-0,0019108870359960104;-0,005641770902589541;0,0016615455348748878;0,0020982541214331907;-4,14259625956849e-05;-0,0010747876942252127
-0,0016959685752087404;-0,005360871030117408;0,001620119572279203;0,001023466427207978;;
-0,0014145882930264747;-0,004996040992787947;;;;
-0,001068403227953041;-0,0045902722983701665;;;;
