y;x;acc_x;acc_y;jerk_x;jerk_y
-0,004918010223773602;-0,007665015196721441;0,0003842586941122661;-0,0013852888140275937;0,0005014122739269156;-0,005819645069670351
-0,004403900887683951;-0,007488086144058883;0,0008856709680391817;-0,007204933883697945;0,0003809527994893258;0,005990670541776169
-0,0039452031041554035;-0,007295786743631833;0,0012666237675285075;-0,0012142633419217758;-0,003785920476237492;-0,0013339500528620207
-0,0037747026759747744;-0,007068060504483216;-0,0025192967087089846;-0,0025482133947837965;0,0029740626558794614;0,0015734572031927962
-0,003652772781471016;-0,006789669314633459;0,0004547659471704768;-0,0009747561915910002;0,00039552118221458654;0,002139740483053501
-0,0036327714227586093;-0,006612049993132061;0,0008502871293850633;0,0011649842914625008;-0,0024548888871484265;0,0021662607750358442
-0,003651760311709843;-0,006416240033743845;-0,0016046017577633631;0,003331245066498345;0,00015374995221270615;0,0006269644780354799
-0,0036241498290025763;-0,006186418589180225;-0,001450851805550657;0,003958209544533825;0,0010790043966212304;-0,0007108961614045728
-0,0034632895436353763;-0,00602078121492714;-0,0003718474089294266;0,0032473133831292522;-0,0017229404955839689;4,32762928058994e-05
-0,0031441008764868227;-0,005913177912896081;-0,0020947879045133955;0,0032905896759351516;0,0037906952317478815;-0,001896686909046319
-0,0026950196740130996;-0,0058204485072222;0,001695907327234486;0,0013939027668888326;0,0012913574880144552;-0,0029180850649138147
-0,00211431488450197;-0,005811510617728855;0,002987264815248941;-0,001524182298024982;-0,00013455427478986648;0,00021932079868305226
-0,0014778539843152872;-0,00573473643514613;0,0028527105404590747;-0,0013048614993419298;-0,0012755711756514965;-0,0031382042391604175
-0,0009023603760496037;-0,005538471659953447;0,0015771393648075782;-0,004443065738502347;0,00017110934295043456;0,0024330244430738153
-0,0003790612277575974;-0,005228098463142401;0,0017482487077580128;-0,002010041295428532;-0,0018601798544921472;-0,003091627476177353
-3,3484709005684966e-05;-0,004854639691739052;-0,0001119311467341344;-0,005101668771605885;1,3429432105152572e-05;0,003036969699766025
0,00023169015792908615;-0,004411250972025383;-9,850171462898183e-05;-0,00206469907183986;-0,0034382649643397573;0,003773460753812164
0,00029279827399962186;-0,003972339498181079;-0,003536766678968739;0,0017087616819723038;-0,0012660068675398595;-0,0026782232287521227
0,00027131842719656317;-0,0035373680929219344;-0,0048027735465085986;-0,0009694615467798189;-0,0011481887672819685;0,001036347703141028
0,0003181890476723966;-0,003243867354821539;-0,005950962313790567;6,688615636120908e-05;0,0025302795890398133;-0,002555242306622109
0,0003262812062770373;-0,0031424775585814878;-0,0034206827247507537;-0,0024883561502609;0,0018359022688144572;0,00033632334292187874
0,0003370488111361264;-0,0032791262548930596;-0,0015847804559362966;-0,002152032807339021;-0,0034061033392997486;0,0002892464114200525
0,00024828216998477946;-0,003552602260194661;-0,004990883795236045;-0,0018627863959189686;0,0032240260784211355;-0,004483931131873671
7,343421653987169e-05;-0,0038894694837337145;-0,0017668577168149097;-0,0063467175277926394;0,005404443295134259;0,0016370818752924152
-0,0001759251927417948;-0,00442597205908221;0,0036375855783193495;-0,004709635652500224;0,00042308100526682046;0,0012824517085931984
-0,000679153303135167;-0,0050331489431033015;0,00406066658358617;-0,0034271839439070258;-0,001096464061893787;0,0006508717285690462
-0,0013707668396285482;-0,00549482240399162;0,002964202521692383;-0,0027763122153379796;-0,0022371650410323296;0,0011446972039882847
-0,00219946773387821;-0,00579406920153649;0,0007270374806600532;-0,001631615011349695;0,0017966446477870601;0,0009148153009951379
-0,0031392211167413915;-0,0059747478982136665;0,0025236821284471134;-0,000716799710354557;-0,0002797413526893777;0,003170194821981581
-0,0041442391000585605;-0,006126345095664439;0,0022439407757577357;0,002453395111627024;-0,004905099974006566;0,001570402809268831
-0,005177929071789912;-0,006176995007977328;-0,0026611591982488303;0,004023797920895855;-0,0035466899926363815;0,005339005131379471
-0,006113483239056182;-0,006137887289259908;-0,006207849190885212;0,009362803052275326;0,004272273382331104;0,0018445405974656937
-0,006888085489486618;-0,006205225938472441;-0,0019355758085541075;0,01120734364974102;0,0021373390639429224;0,0006782213208462173
-0,007288175617826041;-0,0065208785553203825;0,0002017632553888149;0,011885564970587237;0,00198855520993646;-0,004690078642831053
-0,007239972000175824;-0,0069139542045104875;0,002190318465325275;0,007195486327756184;-0,0007171033772541691;-0,0016985455314892095
-0,006716345783702117;-0,007298959323485041;0,001473215088071106;0,005496940796266975;0,004213704682996616;-0,0015671818099357443
-0,005904900114118162;-0,007596351703846582;0,005686919771067722;0,0039297589863312304;0,0015174432921180592;-0,008067912898959737
-0,004873576812683529;-0,00783481548068528;0,007204363063185781;-0,004138153912628506;-0,0010108238508470813;-0,004601422901734355
-0,003685063151795646;-0,007845802466681269;0,0061935392123387;-0,00873957681436286;0,0002828662906806667;0,0009527220659973079
-0,0026620756474129035;-0,0075686149301498265;0,006476405503019367;-0,007786854748365553;-0,0024954060374460796;0,007953205256468386
-0,0019886712156046756;-0,007043685825124836;0,003980999465573287;0,00016635050810283325;-0,0021667789326306336;-0,0030532847921635915
-0,0016267409737310697;-0,006259700499979071;0,0018142205329426536;-0,0028869342840607583;-0,00434156519818002;-0,003761344553794177
-0,0012581567115333505;-0,0053164751962103745;-0,002527344665237366;-0,006648278837854935;-0,0016409807024752587;0,0023467378566195407
-0,0010050498206980616;-0,004300681071123971;-0,004168325367712625;-0,0043015409812353946;5,107729727364674e-05;0,007082419303535807
-0,0010178740833769703;-0,003385980732647063;-0,004117248070438978;0,0027808783223004126;0,00047159191039439913;-0,001620307249864037
-0,0012027599853052945;-0,00263801340887866;-0,003645656160044579;0,0011605710724363755;-0,003150176000092486;-0,005228338420600109
-0,0012764107543416024;-0,002054736007927816;-0,006795832160137065;-0,004067767348163734;0,0023057946352202235;0,00016457480461923996
-0,0013036386804804552;-0,0016172848533787551;-0,0044900375249168414;-0,003903192543544494;0,00015988274632695865;0,005001899014831342
-0,0014935773005458571;-0,001451666985235177;-0,004330154778589883;0,0010987064712868477;0,002963518920755165;0,005287194283518905
-0,001839643622353039;-0,0014656506180882722;-0,001366635857834718;0,0063859007548057525;0,001671701658134725;-0,002138768527857937
-0,002141761685308747;-0,001652840442084963;0,000305065800300007;0,004247132226947815;-0,001063706817440585;-0,004460167035072758
-0,002188443718072225;-0,0018946957003950424;-0,000758641017140578;-0,0002130348081249428;0,00015835564140975755;0,0008318872377933925
-0,0020652404617577903;-0,0021243483266931216;-0,0006002853757308205;0,0006188524296684497;0,0020545989276809715;0,0006252082082164531
-0,0019505585977683533;-0,0023843465936768237;0,001454313551950151;0,0012440606378849028;-0,0003656636593788315;0,000822057515081541
-0,0018111226365921781;-0,002668356275689759;0,0010886498925713195;0,002066118152966444;0,0018932595341153158;-0,0016018982928552687
-0,001621924249900607;-0,002894193415624688;0,0029819094266866353;0,0004642198601111751;-0,0019448929382806374;-0,0002658872702001325
-0,001350081137090378;-0,0030764845598567642;0,001037016488405998;0,0001983325899110426;-0,0005953804845339195;-0,00015898667694870354
-0,0010596692298757023;-0,0031394993270213753;0,00044163600387207846;3,9345912962339066e-05;0,0023231384255822107;-0,002264567189287337
-0,0007613240190645846;-0,003161033434649746;0,002764774429454289;-0,002225221276324998;-0,0012888750369775132;-0,0004828910243806885
-0,0004614049717349735;-0,0031649021021232337;0,001475899392476776;-0,0027081123007056864;0,0012088571356100447;0,0019925937652436497
-0,00025049477545836227;-0,00305817979241855;0,0026847565280868207;-0,0007155185354620365;-0,0016963656770429617;-0,00440152456197572
-0,0001479090712099785;-0,0028924215070147952;0,000988390851043859;-0,005117043097437757;-0,0017578013261018433;-0,0004608808241882787
-7,394410838007618e-05;-0,0026192729604875677;-0,0007694104750579842;-0,005577923921626035;0,0019328322937457731;0,0020873431949593917
-0,00020466086944768416;-0,0023065887799185855;0,001163421818687789;-0,0034905807266666436;0,0005609341136988688;0,0034997520715649433
-0,0005584945873803335;-0,002024681018351923;0,0017243559323866578;9,171344898299683e-06;-0,0019254406375998692;0,003458942282277975
-0,0010519515343796486;-0,0016962363840377487;-0,00020108470521321142;0,0034681136271762746;0,002438071179427608;-0,005933264301742628
-0,0015450416275830318;-0,0012988175124281083;0,0022369864742143968;-0,0024651506745663535;-0,0049691429056519;0,0008284478651448129
-0,0018994071756993638;-0,0009094420290269962;-0,0027321564314375033;-0,0016367028094215405;0,0004123899797712407;-0,0009327244137701182
-0,00235237875079835;-0,0004305870866573082;-0,0023197664516662626;-0,0025694272231916587;0,001233044108131483;0,00364123610723531
-0,002870818438274198;-6,101840154512043e-05;-0,0010867223435347797;0,0010718088840436513;-0,008585511118547738;-0,0019288962809280163
-0,0034920352146777123;0,00021575962550041686;-0,009672233462082519;-0,0008570873968843651;0,006124385471893841;-0,003005924144447905
-0,00407037963571948;0,00044906875880456297;-0,0035478479901886774;-0,00386301154133227;-0,0012215420438633435;0,003634521407978056
-0,004683007552636623;0,0002954885536254083;-0,004769390034052021;-0,00022849013335421442;0,0037205253819385777;-0,0009102557574363901
-0,005450155931207057;-5,571161293415911e-09;-0,0010488646521134432;-0,0011387458907906045;0,004947660915091396;0,007253303081251855
-0,006226443915111659;-0,000486275297310076;0,003898796262977953;0,006114557190461251;-0,005408069894396976;0,0013776518700714946
-0,007048281734647886;-0,0010144996095433963;-0,0015092736314190232;0,007492209060532745;0,007199732996326789;-0,0016261736939361393
-0,007625537266565662;-0,0013867720712575984;0,005690459364907766;0,005866035366596606;-0,0036071836997354154;0,0008167685961247284
-0,007903104436062128;-0,0018194154782285616;0,0020832756651723502;0,006682803962721334;-0,0007743615456746039;-0,0032450202539921202
-0,00794603019089473;-0,002024440510603214;0,0013089141194977463;0,003437783708729214;0,0014456633875819733;0,004760620511194663
-0,00772164378721848;-0,0021461345163709725;0,0027545775070797196;0,008198404219923877;0,0006779099478557982;-0,005007476843857994
-0,00735974603519306;-0,0022154719573588212;0,0034324874549355178;0,003190927376065883;-0,0025093384559219736;-0,009132498688493057
-0,006669912114370686;-0,002174626298063481;0,0009231489990135441;-0,005941571312427174;0,0005879374163484941;-0,0012095833617076501
-0,005852441098505676;-0,00199648114057072;0,0015110864153620382;-0,007151154674134824;-0,0034572435626550532;0,0033573355900881757
-0,005272632935137752;-0,0017814100231174175;-0,001946157147293015;-0,0037938190840466485;0,0010721887020904222;0,006664153175302709
-0,004978870958735222;-0,0015058954490496331;-0,0008739684452025928;0,0028703340912560604;-0,002797785655027838;-0,0059980913831667315
-0,004836861745694558;-0,0013082271608735696;-0,003671754100230431;-0,003127757291910671;-0,0033720245423846697;-0,0009877047684932888
-0,0045800391690036515;-0,0011455176105056098;-0,0070437786426151006;-0,00411546206040396;0,003847656161429066;0,0005404388594616311
-0,004448326883989172;-0,0011296782241468671;-0,0031961224811860346;-0,003575023200942329;-0,0030989764472727117;0,0014008333433876557
-0,00448123308139085;-0,0013955899834927285;-0,006295098928458746;-0,002174189857554673;0,004568157565451439;0,007422783151498538
-0,004657140206830222;-0,0017893466420860313;-0,0017269413630073074;0,005248593293943865;0,004064871001342139;-0,003214587106827177
-0,004920014926571781;-0,002434907257817684;0,002337929638334832;0,002034006187116688;0,0019623454707905774;0,0017133164530309525
-0,004972945914555585;-0,003149545528069629;0,004300275109125409;0,0037473226401476406;-0,0004058367043528882;0,004635058203527401
-0,004944516655054722;-0,0037706666127881807;0,003894438404772521;0,008382380843675041;0,00042259325861490615;0,00016569260229590266
-0,0047661944899479525;-0,004219776693141716;0,004317031663387427;0,008548073445970944;0,002124540564595309;0,0003942396633830822
-0,004252577091094182;-0,00451310923730435;0,006441572227982736;0,008942313109354026;-0,003019852938024384;-0,01113120913494408
-0,0033970367544015733;-0,004633760514931488;0,0034217192899583526;-0,0021888960255900536;-0,002756692189174112;-0,004089234132522757
-0,002183803893334804;-0,004496748903439316;0,0006650271007842407;-0,006278130158112811;0,0025108954088119556;0,0016201520741520904
-0,0010581268732916366;-0,0042228685203488095;0,0031759225095961963;-0,0046579780839607204;-0,0037090205719156194;-0,002881944632005749
-0,0001835750595729817;-0,0039223870532269335;-0,0005330980623194231;-0,007539922715966469;0,00364575620696056;0,002191357098587074
0,0005046576307872443;-0,0034948686857212098;0,0031126581446411367;-0,0053485656173793954;-0,001905545401598395;-0,0024423032582799754
0,0008912934125088116;-0,0030886742407082632;0,0012071127430427417;-0,007790868875659371;0,002773369944277581;0,004288959652401225
0,0010639865695352031;-0,002557973469909671;0,003980482687320323;-0,0035019092232581456;-0,005307606311789646;0,0004240043501402106
0,0009250449715352198;-0,001978988189389369;-0,001327123624469323;-0,003077904873117935;0,0019361600907262383;0,000345151808361803
0,0006460270046049106;-0,001240783601376254;0,0006090364662569153;-0,002732753064756132;2,8733123238127573e-05;0,0019720139765724946
0,0002438928427498841;-0,0005556639583419121;0,0006377695894950429;-0,0007607390881836373;-0,002801527489345604;-0,00011786344617396166
-0,0002675514416953878;0,0001538171433427064;-0,002163757899850561;-0,000878602534357599;-0,0002696436773691191;0,00037409774300868615
-0,0008094252896680052;0,0008888090286071267;-0,00243340157721968;-0,0005045047913489129;-0,004295589358442108;-0,0014290119589344258
-0,0013864432390149266;0,0015372505978775244;-0,006728990935661788;-0,0019335167502833386;0,0004084535940839934;-0,0007055687135167563
-0,0019836413800158044;0,002088356104059135;-0,006320537341577795;-0,002639085463800095;0,0015666888420535208;0,0055219910591544075
-0,0026581801910280155;0,002370301972814274;-0,004753848499524274;0,0028829055953543126;-0,00127203292988963;0,0029743310820259244
-0,0034382824205922307;0,0023994263479063015;-0,006025881429413904;0,005857236677380237;0,003922678025686979;-0,0004346163086260957
-0,004103068426342274;0,0022383967830173577;-0,002103203403726925;0,005422620368754141;0,001478623276568343;-0,0026005313191736767
-0,004533564964997107;0,0018363319609518577;-0,0006245801271585819;0,0028220890495804646;-6,5911429491387e-05;0,001990892728245236
-0,004747156688901774;0,0013501390027372809;-0,0006904915566499688;0,004812981777825701;0,004739984267100213;0,0070782964175658825
-0,004847864850823223;0,0008389628394363608;0,004049492710450244;0,011891278195391583;-0,004039674689708122;-0,0052951736269973015
-0,004756053741631644;0,00030016701386944184;9,818020742121542e-06;0,0065961045683942815;0,0015198555950452722;-0,010398034920287166
-0,0041885915046244015;-7,664910327946726e-05;0,0015296736157873938;-0,003801930351892885;-0,0019413262427055294;-0,005210063560211392
-0,003357285084881388;-0,0004530724995986916;-0,00041165262691813566;-0,009011993912104277;0,0018485267107157307;0,006584249799648487
-0,0026780558792140895;-0,0007683089512864201;0,001436874083797595;-0,0024277441124557902;0,0008335235113344115;0,0043590911587881725
-0,0023593064300309625;-0,001100011508050874;0,0022703975951320066;0,0019313470463323823;-0,0017127009629071197;-0,005982054088970283
-0,002137666745346067;-0,0013742391014634242;0,0005576966322248869;-0,004050707042637901;0,003890282745379843;-0,0013253476566173067
-0,001838773178807876;-0,0015576507910706942;0,00444797937760473;-0,0053760546992552075;-0,007084027349967277;0,005534256499899262
-0,001701907893975201;-0,0017187546153889686;-0,002636047972362547;0,0001582018006440547;0,0044088966383403205;0,0020629100133270004
-0,0017800847971127345;-0,0017019392646030538;0,0017728486659777734;0,002221111813971055;-0,0017672798226304742;-0,004435952700665005
-0,0018519336282245059;-0,001790565832711641;5,568843347299179e-06;-0,00221484088669395;-0,003561883158303851;-0,003075120135188486
-0,001834937986777435;-0,001808278454181117;-0,003556314314956552;-0,005289961021882436;0,004605494898629138;0,006243762016492349
-0,001906535980798122;-0,0018257683219167012;0,0010491805836725862;0,000953800994609913;-0,0033706976010364903;-0,0007341543308563916
-0,0021897324156941065;-0,0019855107622505476;-0,002321517017363904;0,00021964666375352132;0,0064939481931118315;-0,002719586951661475
-0,0024347768108056943;-0,0021032859792374905;0,004172431175747927;-0,0024999402879079535;-0,004455994432720073;0,0032404529766982687
-0,0026710353393671416;-0,0023139218769189893;-0,0002835632569721455;0,0007405126887903152;0,0024818506610368024;0,0054140373054989005
-0,003007291479444907;-0,002357660527570571;0,002198287404064657;0,006154549994289216;-0,003079382765825117;-0,001881206993989415
-0,0033139271119710595;-0,002412741708501039;-0,0008810953617604603;0,004273343000299801;-0,000176343615805305;-0,0008827140891771584
-0,0033743807447256437;-0,0023798913932689203;-0,0010574389775657653;0,0033906289111226423;0,0003489587365061442;-0,003996859315496051
-0,0032639006574682354;-0,00238228489250722;-0,0007084802410596211;-0,000606230404373409;6,945687648597654e-05;0,0028968809476492413
-0,003017795413765922;-0,0024269759508481507;-0,0006390233645736446;0,0022906505432758323;-0,0001858041415851372;0,0001272979481867012
-0,0027959393862385445;-0,002500006218831466;-0,0008248275061587818;0,0024179484914625335;-0,0020390377177349206;-0,003739555075945894
-0,002482457336980134;-0,002598597421397727;-0,0028638652238937023;-0,0013216065844833605;0,0022959806581832887;-0,0020217638683632452
-0,002072257348063222;-0,0027301817242103396;-0,0005678845657104137;-0,0033433704528466057;0,0030164110444116793;0,0010482571429132892
-0,0017149216225256444;-0,0029763206359786996;0,0024485264787012656;-0,0022951133099333165;0,000543821944080411;0,0037279967767827153
-0,0014913207151019312;-0,0032451749303754767;0,0029923484227816766;0,0014328834668493988;0,0017676489397794037;0,00199519107869138
-0,0013595243400755506;-0,003416088165624203;0,00475999736256108;0,003428074545540779;-0,0018113435862453925;-0,0028532940988847556
-0,001170412626375194;-0,0034673074639616627;0,002948653776315688;0,0005747804466560234;0,002629267473254926;0,0020400987090426082
-0,0008441779308532061;-0,0033281268677966785;0,005577921249570614;0,0026148791556986316;-0,004280755298774912;0,0012153683421467516
-0,0004949520174649775;-0,003071000120579067;0,001297165950795702;0,003830247497845383;-0,003896671531431202;-0,0038496568169170114
-4,113093784880351e-05;-0,0025907565233786313;-0,0025995055806355;-1,940931907162824e-05;0,0011589250108651195;-0,0005297815455252222
0,0005659000416811858;-0,002058626288146367;-0,0014405805697703805;-0,0005491908645968505;-0,0022038646670044584;-0,008131869702960693
0,00117215464844831;-0,0016304762761395232;-0,003644445236774839;-0,008681060567557543;0,0033549488558539987;0,0021277007750489622
0,0017564416206315601;-0,0012599494869234942;-0,0002894963809208402;-0,006553359792508581;-0,004008305674905021;0,006563004927509178
0,0019934861701125083;-0,001035200507178459;-0,004297802055825861;9,645135000596605e-06;0,003157911744899884;0,00014149316323954636
0,0019683963278931136;-0,0008220313826702573;-0,001139890310925977;0,00015113829824014297;0,002100653341625215;-0,0010171053533013091
0,0019436922910737427;-0,0007807743403950901;0,0009607630306992382;-0,0008659670550611662;-0,0017846468934509356;-0,003994908973772471
0,0019250337861839773;-0,000785112910556962;-0,0008238838627516974;-0,004860876028833637;0,0006054175825025848;0,006820871827770018
0,0018717365990917653;-0,0007510209594908643;-0,0002184662802491126;0,0019599957989363814;-0,003195069458862658;0,0026389164589206426
0,001624004370846208;-0,0007498843629348346;-0,0034135357391117706;0,004598912257857024;0,0038357155878130135;-0,004021861919821797
0,001454671974558106;-0,0007574864175887693;0,0004221798487012429;0,0005770503380352274;0,003951693472766832;-0,002280387007106033
0,0014692960685842847;-0,0009016299018071748;0,004373873321468075;-0,0017033366690708054;-0,0011561342922059535;-0,0017943633832719769
0,0015070021761318724;-0,0010288861920775307;0,003217739029262121;-0,0034977000523427823;-0,0007603850526959281;0,0008789141549183747
0,0014765748169166281;-0,0009811875494891635;0,002457353976566193;-0,0026187858974244076;-0,00276916624844997;-0,0010229015213314412
0,0013062394556076727;-0,0008047793457303115;-0,00031181227188377663;-0,003641687418755849;0,0006187415477896573;0,0020600791371186734
0,0010311526584017407;-0,0005300769829088118;0,00030692927590588066;-0,0015816082816371754;-0,005803617041790111;-0,001006940242654018
0,0006103983644455748;-0,00026784711096266314;-0,00549668776588423;-0,0025885485242911933;-0,002635012265066545;-0,002053934514802437
0,0001263797392239219;6,659932019720751e-06;-0,008131700030950775;-0,0046424830390936304;0,0013263327463394403;0,00888044279445448
-0,00046118082696937877;6,129946436673542e-05;-0,006805367284611335;0,00423795975536085;0,005066169925586402;0,0014405000112436804
-0,0012344407147264246;-0,00020932900452428095;-0,0017391973590249327;0,00567845976660453;0,002605117336908689;-0,003321902599199445
-0,0018381822122690364;-0,0007521721647997507;0,0008659199778837563;0,002356557167405085;0,0013268467103441407;0,0012498973747530895
-0,002214785319147467;-0,0013645832194362178;0,002192766688227897;0,0036064545421581745;0,0014161349242562335;0,00046351831619408784
-0,002497126139329694;-0,0019423574749573348;0,0036089016124841305;0,004069972858352262;0,006174947390981657;0,003810073941045565
-0,0026352087778255947;-0,0024324210629493356;0,009783849003465787;0,007880046799397827;-0,00441576331276769;-0,008268226941263203
-0,002610492501987404;-0,0027781285864419713;0,0053680856906980975;-0,00038818014186537547;0,0007563352174584162;-0,0028298743181344663
-0,002270574354173301;-0,0027324821497959756;0,006124420908156514;-0,0032180544599998417;-0,005504740635313116;0,0033093409763434445
-0,0019461834120338127;-0,002472112285522056;0,0006196802728433981;9,128651634360274e-05;-0,0025748573086452203;-0,003161964064216767
-0,0017505146482943179;-0,001966765584921876;-0,0019551770358018222;-0,0030706775478731643;-0,002419510963989801;-0,00388356705323991
-0,0015511944239010793;-0,0014366316734079594;-0,004374687999791623;-0,006954244601113074;-0,0011773397202690418;-0,0038040743276540334
-0,0014747013014227669;-0,0009847048433261163;-0,005552027720060665;-0,010758318928767108;0,0021779481925276525;0,00841542210852659
-0,0016763779629889778;-0,000707765533235938;-0,0033740795275330124;-0,0023428968202405184;0,0002580447303014849;0,00655117268090033
-0,002308387381705873;-0,0006529073319481863;-0,0031160347972315275;0,004208275860659812;0,003190892607660256;0,004705061655410923
-0,0030341126732323885;-0,000733012311761755;7,485781042872869e-05;0,008913337516070735;-0,00046167265674199737;-0,002096955734490799
-0,003591506930332512;-0,0009377586834645849;-0,0003868148463132687;0,006816381781579936;0,004364176869157629;-0,002552904716564608
-0,003792367686789806;-0,0011395107427502656;0,00397736202284436;0,004263477065015328;-0,0007946171175557785;0,0023976886211249243
-0,0037205731719839024;-0,001356735395888477;0,0031827449052885814;0,006661165686140252;-0,0026837611936369465;-0,00331883303229729
-0,003478239574577386;-0,001414865568112914;0,0004989837116516349;0,0033423326538429624;-0,0030276034306437882;-0,004672531597378404
-0,002969459349725259;-0,0013456859441258078;-0,0025286197189921533;-0,001330198943535442;-0,0015818798833229578;-0,006461007737910092
-0,002326985818719414;-0,0012565469716726363;-0,004110499602315111;-0,007791206681445534;0,0008972880818600426;0,0017103871895786243
-0,0017377202454549865;-0,0012685527879791507;-0,0032132115204550685;-0,0060808194918669095;-0,0009487747418727294;0,002560997736474488
-0,0014601029394483802;-0,00144497858837827;-0,004161986262327798;-0,0035198217553924216;0,0012993797279901714;-0,0008353051613898821
-0,0014257184131164506;-0,0017499328495955916;-0,0028626065343376264;-0,004355126916782304;0,0050960996588054405;0,0019483095593958721
-0,0015321267570002177;-0,0022213665613060253;0,002233493124467814;-0,0024068173573864315;0,0007898252520131543;0,00243253329350835
-0,0018127401775552769;-0,0028073045343899638;0,0030233183764809685;2,5715936121918637e-05;0,00024885135785983337;0,007995289155825841
-0,0021896262924057932;-0,00330390278249519;0,003272169734340802;0,00802100509194776;-0,0022868476708790275;-3,463464899330915e-05
-0,002565483769811433;-0,0036795682955411777;0,0009853220634617743;0,00798637044295445;0,0032117437494975226;-0,0029534719028036435
-0,0026205010435391626;-0,003924347019213533;0,004197065812959297;0,005032898540150807;-0,0013872664183395417;0,0007493605361534803
-0,002356063499548714;-0,004129712860347417;0,0028097993946197553;0,005782259076304287;-0,002800382479661495;-0,0027622937476265708
-0,0018903100139522327;-0,00416719606896293;9,416914958260136e-06;0,0030199653286777164;-0,0005032152279991903;-0,0022282822740129563
-0,0011932661653035804;-0,004092287301793652;-0,0004937983130409301;0,0007916830546647602;0,001242707023620282;-0,005615585613906824
-0,0003754237035078192;-0,0040170018580260435;0,0007489087105793518;-0,004823902559242064;0,001210769833081854;-0,0013605864642357753
0,0004740860804745323;-0,003961468346780073;0,0019596785436612058;-0,006184489023477839;-0,0002200611754159254;-0,0002704007874980881
0,0011306397620872012;-0,0038759784871109275;0,0017396173682452803;-0,006454889810975927;-0,0019171040655024396;0,0009767557282784507
0,0015398138827607565;-0,0037121014856953344;-0,00017748669725715926;-0,005478134082697476;-0,00023905358905877694;0,0036532814679589923
0,001690792410995275;-0,00347863978954993;-0,0004165402863159362;-0,0018248526147384841;-0,0035376100791539716;-0,0022802379186310437
0,0016226455759218942;-0,003252277561294812;-0,003954150365469908;-0,004105090533369528;0,0025385786346095035;-0,0003506951881357169
0,0014815046362589741;-0,003042576944492331;-0,0014155717308604043;-0,004455785721505245;0,0006033623542759936;0,0008317920840976503
0,0011761600752612728;-0,002991042342308647;-0,0008122093765844107;-0,0036239936374075944;0,0013846993465432833;0,00925024237184668
0,0006925840854033618;-0,0029961306093593786;0,0005724899699588726;0,005626248734439086;0,0018531097397216506;0,0026986867308892333
6,404835004914693e-05;-0,003033707251473487;0,002425599709680523;0,00832493546532832;-0,0005019741190972066;-0,0035022912473337796
-0,00033943743592750443;-0,0030483842947892407;0,0019236255905833166;0,00482264421799454;-0,0018589894096101983;-0,002050196095042269
-0,000409925803291023;-0,002966037349717773;6,46361809731183e-05;0,002772448122952271;-0,0030860246391681834;0,0043971483177794365
-0,00028750840193476;-0,0028067453810229725;-0,003021388458195065;0,0071695964407317075;0,0009711603080359982;-0,0018945727465791732
-5,419307566040612e-05;-0,0026448679650892476;-0,002050228150159067;0,005275023694152534;-0,0014945104853341662;-0,008230124181700882
0,00046590610824321613;-0,002603846087483325;-0,003544738635493233;-0,0029551004875483476;-0,0021586526079407503;-0,0012381168729237238
0,0011970062399129396;-0,0026448333358837658;-0,005703391243433983;-0,004193217360472071;0,0020067242676073543;0,0020845774735596505
0,001809902352080729;-0,002827610129703935;-0,003696666975826629;-0,002108639886912421;0,005772853691583868;0,0026665973763462247
0,002255069769829636;-0,0032385225732614645;0,002076186715757239;0,0005579574894338038;0,00025590162074609624;-0,0009153673164656664
0,002615891592102046;-0,0037973016958520586;0,002332088336503335;-0,00035740982703186264;0,0033194762055372834;0,00020923263444719287
0,002999031713951808;-0,004273033349812363;0,0056515645420406185;-0,00014817719258466977;-0,0011290034137182853;0,0029387522488858314
0,0033678754427202955;-0,004655481470312534;0,004522561128322333;0,0027905750563011616;-0,0004863336258926765;0,0012449771190429088
0,0037307920837853963;-0,0048118670091310805;0,004036227502429657;0,00403555217534407;0,0015726446445013115;-0,005026643345570986
0,004205331727102544;-0,0047873501028167335;0,005608872146930968;-0,0009910911702269154;-0,0058487348303087605;-0,0023354738317641482
0,004841293457433454;-0,004601384096405201;-0,00023986268337779226;-0,0033265650019910636;0,0029924171697341684;0,0014503026847120654
0,005437611540955288;-0,004191063204116429;0,002752554486356376;-0,0018762623172789983;-0,004032605562769728;0,0017528569343796263
0,005900867024397479;-0,0037903368191627685;-0,0012800510764133521;-0,00012340538289937197;0,0006249422107384717;-0,005171495286812378
0,006289072015148509;-0,003279508254754853;-0,0006551088656748805;-0,0052949006697117496;-0,0010892883741258075;0,0022979586835543686
0,006672340790583565;-0,002819881733403472;-0,001744397239800688;-0,002996941986157381;-0,0007175671214547027;-0,0014837763649787061
0,006843813539230152;-0,002386459566679086;-0,0024619643612553907;-0,004480718351136087;0,0014987974960329817;0,00029296284877355916
0,006895408608430443;-0,0020228132895467278;-0,000963166865222409;-0,004187755502362528;-0,0001925629059103054;-0,0019506936707892608
0,00676777494358529;-0,0017576455868645849;-0,0011557297711327144;-0,006138449173151789;0,0008142184695029107;-0,00044737638663705503
0,006472631058645636;-0,0015310045587913386;-0,00034151130162980367;-0,006585825559788844;-0,002523883079828159;0,004394678936720936
0,005931949206779911;-0,0013505927215634007;-0,0028653943814579627;-0,0021911466230679078;-0,0011900230835122684;-0,0022139979953766237
0,005127834332522631;-0,0011838413364006549;-0,004055417464970231;-0,004405144618444531;-0,00025236670152880766;0,001531854190946924
0,004236073593342636;-0,0011317057264962278;-0,004307784166499039;-0,0028732904274976073;0,0008173054567953489;0,004303725439370982
0,00316810706942486;-0,0012417868151906098;-0,00349047870970369;0,0014304350118733745;0,004054426487383821;0,004079041388947532
0,001985208928407179;-0,0015241792705449533;0,0005639477776801308;0,005509476400820907;-0,0024791270148726355;-0,006144995977928305
0,000859528187864433;-0,0019461908742874445;-0,0019151792371925047;-0,0006355195771073976;0,0005266327869731108;0,0009595940253506359
-4,577349664547657e-05;-0,0023456445669227306;-0,001388546450219394;0,00032407444824323825;0,0007211622896846348;0,003279180609669058
-0,0009764959642396822;-0,002821705429045717;-0,0006673841605347591;0,003603255057912296;0,006030226082411966;0,002248939695922988
-0,0018942554539041583;-0,0033533081491774787;0,005362841921877207;0,005852194753835284;-0,00492214106570639;-0,0010779960676529851
-0,0026678847412521423;-0,003911606235730631;0,000440700856170817;0,004774198686182299;0,0032435208666754256;-0,003308864902987027
-0,003207426238446715;-0,004255390645408695;0,0036842217228462426;0,0014653337831952717;2,557729311350454e-05;0,00479945658451332
-0,003555999788193996;-0,004581547020839926;0,003709799015959747;0,006264790367708592;-0,0011017036794032792;-0,0005089428625314613
-0,0038459599866134658;-0,004760334527357308;0,002608095336556468;0,005755847505177131;0,001680543609513696;-0,0036042518612352525
-0,003885328570324592;-0,0047907300732363;0,004288638946070164;0,002151595643941878;-0,002146381618776186;-0,002645545085708925
-0,0036944632538286333;-0,004716801805653033;0,0021422573272939782;-0,000493949441767047;0,00029698306329259405;0,0002183838258983939
-0,003417534111574999;-0,004471327980226959;0,0024392403905865723;-0,00027556561586865314;-0,00577402289003702;0,0009311821779316581
-0,0031603629469920467;-0,0041401638617091265;-0,0033347824994504477;0,000655616562063005;0,0026940111076132894;-0,0019137464891810854
-0,002914214407043841;-0,003711430127567831;-0,0006407713918371583;-0,0012581299271180804;-0,0029030089771367312;-0,0009639661031681374
-0,0026418412046131145;-0,003416087693404553;-0,0035437803689738895;-0,0022220960302862178;0,0016272215889511638;-0,0016440852102136277
-0,0024197931992671114;-0,003146376114914762;-0,0019165587800227257;-0,0038661812404998455;-0,0008111070954832655;0,0029333111561026942
-0,002286629035132557;-0,0030184157511839262;-0,0027276658755059913;-0,0009328700843971513;0,0020733519881720452;0,003555555309404594
-0,0023081121206179967;-0,002967117738653999;-0,000654313887333946;0,002622685225007443;0,003902627825717389;0,000610217083955096
-0,002366910009479322;-0,003024926361144312;0,003248313938383443;0,003232902308962539;0,00020337148826740648;0,0033440669998180475
-0,00232080048934035;-0,0031089075391279833;0,0034516854266508495;0,006576969308780586;0,0026358959561172193;-0,0005106243452559535
-0,0021453748768428763;-0,003062956159576316;0,006087581382768069;0,006066344963524633;-0,0012250297324558207;0,0017536399742072752
-0,001706870491994179;-0,0028789373629586152;0,004862551650312248;0,007819984937731908;-0,000586315515883791;-0,0015339480011906659
-0,0010257123086044966;-0,0024514153110301914;0,004276236134428457;0,006286036936541242;-0,0021166622903221882;-0,003074857798795589
-3,1754727705537696e-05;-0,001829391193089278;0,002159573844106269;0,003211179137745653;-0,001230390865079277;-0,0065995332772122405
0,0012136443306550709;-0,001036317629771226;0,000929182979026992;-0,0033883541394665873;-0,0015967570878801102;-0,0024754363188657647
0,0025874905545255054;-0,00015686111268892324;-0,0006675741088531181;-0,005863790458332352;-0,00211145973332625;-0,0033411793737225387
0,003825802612817277;0,0007597627235544591;-0,002779033842179368;-0,00920496983205489;-0,0018682373518999484;0,00013461746597449864
0,004829563052775754;0,0016496835954437168;-0,0046472711940793165;-0,009070352366080392;0,0025274629159416223;-0,0017043661584464354
0,005465124699452035;0,0024284431136457995;-0,0021198082781376942;-0,010774718524526827;0,00019066834302637614;0,003047518368159502
0,005737872251485102;0,00302131178408471;-0,001929139935111318;-0,007727200156367325;0,00010830764328104148;0,002560163654138789
0,005579631062537094;0,0035293881233981125;-0,0018208322918302766;-0,005167036502228536;-0,0008956051828195727;0,0027442092985448946
0,005112301867334394;0,003960298865307062;-0,0027164374746498493;-0,002422827203683642;-0,0010921930973551847;0,002481700395029221
0,0044382912120425515;0,004318376315542801;-0,003808630572005034;5,887319134557922e-05;0,002084926359507522;0,003880947418825935
0,0036673674686033644;0,004567796266792545;-0,0017237042124975122;0,003939820610171514;-0,0003376415247932363;0,002889382153269733
0,002898798652818;0,004664870995162089;-0,0020613457372907484;0,006829202763441247;-3,44611999363309e-05;-0,00044431483402430916
0,002287822661439496;0,0046929975550317315;-0,0020958069372270793;0,006384887929416938;-0,00015801080669899936;0,001867304877878985
0,0019500147805986423;0,004638670285409745;-0,0022538177439260787;0,008252192807295923;0,00013160166352420288;-0,0027653918845828573
0,001867602416934466;0,004500510738298674;-0,002122216080401876;0,005486800922713066;0,002077982923502225;-0,0010415881807072785
0,0021152777655621268;0,004272198481430561;-4,423315689965068e-05;0,004445212742005787;0,0016214805897560164;6,494074569386027e-05
0,00258242515109831;0,003958997581346373;0,0015772474328563657;0,004510153487699647;-0,000740724441365137;-0,0005682228317027971
0,0032273810463147247;0,0036440273549861978;0,0008365229914912287;0,00394193065599685;0,001348546012252455;-0,004925181581820703
0,004052743081039125;0,003392147025940278;0,0021850690037436837;-0,000983250925823853;0,0020195301497734353;-0,0036531192553481973
0,0050357823420033995;0,0031737276165540074;0,004204599153517119;-0,00463637018117205;-0,00263939169940218;0,0019025483299119905
0,00597949156593472;0,003042710967317484;0,0015652074541149391;-0,00273382185126006;-0,002634653695967895;-0,0006991347061610087
0,0067377459826191595;0,0030798782842216457;-0,001069446241852956;-0,0034329565574210685;-0,0012951625762045171;-0,0012970924786070703
0,007386647525253195;0,0031796538992904045;-0,002364608818057473;-0,004730049036028139;0,00251235813790969;-2,050743646273001e-05
0,007898230805590389;0,003236651664685045;0,00014774931985221673;-0,004750556472490869;-0,0025154763391813106;-0,00019065754753436193
0,008220612124486456;0,003199065077357387;-0,002367727019329094;-0,004941214020025231;0,0030852745510096258;0,0024996077352887613
0,00835297118448289;0,0031673884628238176;0,0007175475316805319;-0,0024416062847364695;-0,0009662444717243729;0,0013102945827404566
0,008287681683678313;0,0030410027675170843;-0,000248696940043841;-0,0011313117019960128;0,0018822024450211444;0,0016196078406024161
0,008124727931484279;0,0029433189734775723;0,0016335055049773034;0,0004882961386064033;-0,0016758414878304678;-0,000564263444380958
0,007916521711210402;0,0028356873018363067;-4,233598285316442e-05;-7,596730577455468e-05;-0,00013646434311476163;-0,0018562833561123482
0,007727847336480783;0,0027933958503941333;-0,00017880032596792605;-0,0019322506618869029;-0,0005885611512605471;0,0039888544248442015
0,007536134269520182;0,002749410959637833;-0,0007673614772284731;0,0020566037629572986;-0,001192238602371179;0,0008540196518431464
0,007267131176084104;0,002698274055842816;-0,001959600079599652;0,002910623414800445;-0,0035010318028518006;-0,0010804108798225798
0,007080392233166318;0,00261644269295866;-0,005460631882451453;0,0018302125349778653;0,002335001126045705;0,0006211080952584214
0,007010078226840551;0,0024562273268905178;-0,003125630756405748;0,0024513206302362867;0,0028627285369299607;-0,0021115335402233093
0,007012972721913898;0,0020775866855243176;-0,0002629022194757871;0,00033978709001297736;0,0013418826008396462;-0,003653989578479344
0,007113920042196696;0,0015739208139018874;0,0010789803813638591;-0,0033142024884663668;-0,00021421692296965354;-0,0013848068524311419
0,007228458846080013;0,0010597388535004257;0,0008647634583942056;-0,004699009340897509;0,0009003290648363638;0,0027817734399580574
0,007210429550424675;0,0005887161083535184;0,0017650925232305693;-0,0019172359009394513;-0,0008305577892980653;0,0005135799985295231
0,007004439881133437;0,00015228390154237934;0,0009345347339325041;-0,0014036559024099282;0,0026269868203988283;0,002314689049326246
0,006721760775804622;-0,00021354460433953694;0,0035615215543313324;0,000911033146916318;-0,0023426351607669198;0,002004862385772216
0,006382935434379409;-0,0005419917208641531;0,0012188863935644126;0,002915895532688534;0,0011650885880422103;-0,0009938078886387314
0,0060805514188308485;-0,0007279779752155159;0,002383974981606623;0,0019220876440498025;-0,001865261900523156;-0,0022799303038112395
0,00589480322458983;-0,0008652087738243023;0,0005187130810834668;-0,00035784265976143703;-0,003284879586890121;-0,002965742434724583
0,005785938536110803;-0,0009070805731688236;-0,002766166505806654;-0,00332358509448602;0,0002865401998752397;-0,001395241161434288
0,005662760141241318;-0,0009282038492700064;-0,0024796263059314143;-0,004718826255920308;0,001549392726535901;0,0015250513109730385
0,005406638342592394;-0,0010599737856034552;-0,0009302335793955133;-0,0031937749449472697;0,002461286227474997;0,0010927155566869823
0,004961763493706656;-0,0012909287741741608;0,001531052648079484;-0,0021010593882602874;0,0004813600713356944;0,00044999619509669686
0,0043891376470230285;-0,0015590931059206868;0,0020124127194151784;-0,0016510631931635905;0,0013013123069046742;0,00805181287798229
0,0037324694248089883;-0,0017660153317440334;0,0033137250263198526;0,006400749684818699;-0,00157795823454452;-0,0010517584622785833
0,003009758674868405;-0,0018924410487907728;0,0017357667917753325;0,005348991222540116;0,0007294113960150256;-0,0018428860271975517
0,00254307791232057;-0,0018863177647847182;0,002465178187790358;0,003506105195342564;-0,0018093892413021673;-0,0061717803695370416
0,0022903567986743392;-0,0018107638091076502;0,0006557889464881908;-0,0026656751741944776;-0,002601954908733786;-0,004303026235211012
0,002177879892841811;-0,0016366027259189682;-0,0019461659622455954;-0,006968701409405489;-0,0011624645491117025;0,002661641558000312
0,001958775980041504;-0,0014362100848707583;-0,003108630511357298;-0,0043070598514051775;-0,0007758776930846187;0,003974950811662013
0,001460924010864977;-0,0013136640823123722;-0,0038845082044419166;-0,0003321090397431642;0,0030924297069303067;-0,0013843776368657537
0,0007907896476322432;-0,0013154633002082782;-0,0007920784975116099;-0,001716486676608918;-0,0003170646607563582;-0,0026514195954135747
0,00010737092280978266;-0,0014726428462818607;-0,0011091431582679681;-0,004367906272022493;0,0031032995563663873;0,00321887406759426
-0,0006447072690770344;-0,0016615055322559075;0,001994156398098419;-0,0011490322044282325;0,0005901305031659615;0,006269581798912606
-0,0015715017118447514;-0,0018947339445606732;0,0025842869012643807;0,0051205495944843735;0,001152967722152863;0,0009856985301057927
-0,002544257442789598;-0,002048196100941502;0,003737254623417244;0,006106248124590166;-0,002385415421050051;-0,0072322281964755375
-0,003312191189955069;-0,0020982867812717556;0,001351839202367193;-0,0011259800718853713;-0,0016951337190904414;0,00032580993746318676
-0,0038358750121369333;-0,0019988872766653195;-0,00034329451672324846;-0,0008001701344221845;0,001717150722839865;0,010866494233584961
-0,004404598037194213;-0,0018454142039641957;0,0013738562061166165;0,010066324099162777;-0,003895431736701205;-0,0002728264212583653
-0,005005327867628379;-0,001705672911932002;-0,0025215755305845883;0,009793497677904411;-0,001185681593434157;-0,005935279968560844
-0,005203404734096036;-0,0015109773716551434;-0,003707257124018745;0,003858217709343567;-0,00025942604512812356;-0,004104819467920115
-0,0050097416934475145;-0,0014171448526016683;-0,003966683169146869;-0,00024660175857654787;0,001066143747300713;0,0019145251417010678
-0,004661749944425251;-0,0014716026185089433;-0,002900539421846156;0,00166792338312452;0,0020624214098166962;0,002261141650462012
-0,00432362226574605;-0,0016847277111820928;-0,0008381180120294596;0,003929065033586532;0,002103262980572236;-0,001744947162780161
-0,003918777651741868;-0,0020138743807290886;0,0012651449685427765;0,0021841178708063708;0,00024325033029334864;-0,005434685526912744
-0,003356770436394224;-0,0023765457707572626;0,0015083952988361252;-0,0032505676561063734;0,0030162772229882437;-0,0005422169226249607
-0,002707398506214326;-0,0026886113620437258;0,004524672521824369;-0,003792784578731334;-0,002152555771174486;-0,0014488453179500385
-0,0021880492822786823;-0,002940341141376744;0,002372116750649883;-0,005241629896681373;0,00019512986897469997;0,001610875731394533
-0,0018204114414922925;-0,0030110840198367874;0,002567246619624583;-0,0036307541652868397;-0,0014830182469250525;0,0025400280496320135
-0,0016624387965731573;-0,002986942228270835;0,0010842283726995305;-0,0010907261156548262;0,001899886751929973;-0,006105159843466816
-0,0016496963182654955;-0,0028601105719199;0,0029841151246295036;-0,007195885959121642;0,0013828616951743061;0,0022216106259452945
-0,001680582884584027;-0,0026899097806609837;0,00436697681980381;-0,004974275333176348;-0,0014875615518070706;0,003836771232648986
-0,0019993048892674244;-0,0024003443844168868;0,002879415267996739;-0,0011375041005273617;0,0022100396147158724;0,003418891554207923
-0,002516997907277875;-0,0019360999153806378;0,0050894548827126115;0,002281387453680561;-0,004986973634633695;0,0033997343752343034
-0,003080191089309421;-0,001356678835624519;0,00010248124807891654;0,005681121828914865;-0,00131081292545418;-0,008129167208084168
-0,003552128773193744;-0,0005736795605598959;-0,0012083316773752635;-0,002448045379169303;-0,0006075420612693776;0,004080287891298814
-0,0037968215839214725;0,00021341896442788382;-0,001815873738644641;0,0016322425121295114;-0,004943273180043957;-0,0010793279178012705
-0,004139436209815973;0,0009521842223206531;-0,006759146918688598;0,000552914594328241;-0,0014959733887113663;-0,001918486819333709
-0,004416761135225294;0,0016183145306676366;-0,008255120307399964;-0,001365572225005468;0,00015012582927155516;0,0008963079089983339
-0,004671969476861484;0,0020140789622670762;-0,00810499447812841;-0,00046926431600713414;0,005219242975893698;0,002586175000999974
-0,004981800707497893;0,0020796385815705174;-0,002885751502234711;0,00211691068499284;0,003137303015068583;0,004319475388280369
-0,005310402510774588;0,0018209984217488222;0,00025155151283387175;0,006436386073273209;-0,001050216874958109;-0,002225582133200038
-0,005554327886651569;0,0014469282018377382;-0,0007986653621242373;0,004210803940073171;0,0015673749759383994;-0,0027241444504022827
-0,005540797819597622;0,0010829200424400094;0,0007687096138141621;0,0014866594896708885;0,0035045383764564977;0,0021889674480176646
-0,005358835594940747;0,000686965268557311;0,00427324799027066;0,003675626937688553;0,004567345663990441;0,00402788506787069
-0,005117406990697038;0,0003217588792271792;0,008840593654261101;0,007703512005559243;-0,004063313493257859;-0,006025639536199362
-0,004728953308945786;0,00012748240950787365;0,004777280161003242;0,0016778724693598812;-0,00584587958266569;-0,005369169733332013
-0,004032359146972165;0,0002868296859590122;-0,001068599421662448;-0,003691297263972132;0,003915777654905316;-0,0004440128697196441
-0,0032686500862241477;0,0006372681688502804;0,0028471782332428683;-0,004135310133691776;-0,002060245520905061;0,0014841496613368574
-0,0026525929160350157;0,0009449626748750507;0,0007869327123378074;-0,0026511604723549187;-0,0003448845353731002;0,003226202247503973
-0,0022019481511935555;0,0013665443102295358;0,0004420481769647072;0,0005750417751490544;-0,005426505131186157;-0,0022915046917941703
-0,0018573498052462918;0,0018196032540775333;-0,00498445695422145;-0,001716462916645116;0,0015798561971615346;0,004211508415558722
-0,0014897497882930657;0,0022903441250041187;-0,0034046007570599154;0,002495045498913606;0,006292834291208048;0,002014044179404758
-0,0011908082880056445;0,0025617067177618465;0,0028882335341481324;0,004509089678318364;-0,0028265971874916335;-0,0025626431034495058
-0,0007920649677616789;0,0026968852802371776;6,163634665649897e-05;0,0019464465748688584;2,3542121696251694e-05;-0,0015109389745989257
-0,00021295806038497888;0,0029475931840784336;8,517846835275067e-05;0,0004355076002699326;-0,0012109401254193075;0,003366007296421135
0,0004440067099864756;0,00320076654178595;-0,0011257616570665568;0,0038015148966910675;0,0009977574615135792;-0,00494230049120915
0,0011183917843687274;0,003457347038227576;-0,0001280041955529776;-0,0011407855945180824;-0,0014828689380830956;-0,004743382416967441
0,0019448374546186219;0,0036688970683865403;-0,0016108731336360732;-0,005884168011485523;-0,00040645111830685254;-0,002728485643570054
0,002725651701087793;0,003875326930723385;-0,0020173242519429258;-0,008612653655055577;0,002123040809601462;0,005449587372979042
0,003271099227097543;0,004017321867714787;0,00010571655765853616;-0,003163066282076535;-0,0009400023819429171;-0,0005461127488989997
0,0034720406069050705;0,004078623834628472;-0,0008342858242843809;-0,0037091790309755346;0,002689771509061925;-0,001084324765247599
0,003546459335429536;0,004144154463848498;0,0018554856847775442;-0,004793503796223134;0,0005273478035777573;0,003644023671777172
0,0034725109027149803;0,00417631366009715;0,0023828334883553015;-0,0011494801244459618;-0,00041444620384578634;0,005164608349803423
0,0032068223181514993;0,004282692283736902;0,001968387284509515;0,004015128225357462;-0,0012431726689931533;0,00023597242201567337
0,00289515452861018;0,004484384246910868;0,0007252146155163619;0,004251100647373135;-0,0001191107746827541;-0,0033041855704008805
0,002744091868083159;0,004764811701465213;0,0006061038408336078;0,0009469150769722545;-0,0021764007054482365;0,0004753340956188262
0,002763073233451063;0,005074247740640213;-0,0015702968646146287;0,0014222491725910807;-0,0014309670673280095;-0,0008372785261200472
0,0028199312018978577;0,005407927933448558;-0,003001263931942638;0,0005849706464710336;0,0001267322293092843;-0,001712751754521874
0,002933679137248296;0,0056787962516723165;-0,002874531702633354;-0,0011277811080508404;0,00015832336194590568;-0,0009915080360394235
0,003070825898457575;0,00582961401261837;-0,002716208340687448;-0,002119289144090264;-0,0019331890175778854;-0,002526936760339285
0,0031628614153448205;0,00586545050545909;-0,004649397358265334;-0,004646225904429549;-0,0007823995334150791;4,195632507275615e-05
0,003170125366468455;0,005792638664672312;-0,005431796891680413;-0,004604269579356793;0,002405640820543814;0,003125685645804094
0,0029915402814149083;0,00553385092955492;-0,0030261560711365987;-0,001478583933552699;0,0070195045511026455;0,0015274903024309616
0,0026287844131870895;0,005057791318770311;0,003993348479966047;4,890636887826261e-05;-0,004749207867797145;0,0035284348570818677
0,002206885187617163;0,0044606854651402395;-0,0007558593878310982;0,0035773412259601303;0,005081022137395724;-0,0015456766013206974
0,001786942216802367;0,004023313550708809;0,004325162749564626;0,002031664624639433;0,0007578692033862189;0,0016651188120877652
0,001510092895025976;0,003555707260764135;0,005083031952950845;0,003696783436727198;-0,001552316782533994;0,00589640025700644
0,0013145101582351625;0,003261107480802046;0,003530715170416851;0,009593183693733638;0,0014427690267094229;0,002020056720975584
0,0012667987589134366;0,0031698289789579906;0,004973484197126274;0,011613240414709222;-0,0043116493722277355;-0,004048519493458122
0,0016028147073410565;0,0032197790839306093;0,0006618348248985384;0,0075647209212511;-0,0001996161589681994;-0,008894420699245509
0,002403360272357045;0,0034686685567882785;0,000462218665930339;-0,0013296997779944086;-0,00029153943584053765;-0,007823057642405304
0,0035064946742230777;0,00374403142264189;0,00017067923008980135;-0,009152757420399713;-0,0022475414599307936;0,004789754894444415
0,004556441084969334;0,004037883035132714;-0,0020768622298409922;-0,004363002525955298;-0,0031857681143364486;-0,0014057320989845218
0,005240277198899602;0,0043385618168271314;-0,005262630344177441;-0,00576873462493982;0,003862560572673396;-0,004635357706232163
0,005749593211791658;0,004556166109327908;-0,001400069771504045;-0,010404092331171982;-0,001712103402889048;0,0008378955125918075
0,006028159839686121;0,0045632651880615875;-0,003112173174393093;-0,009566196818580175;0,003576208488433874;0,010016209551425917
0,005890562774333706;0,004514361475935105;0,000464035314040781;0,00045001273284574206;0,00034558581295836277;0,006671844736572438
0,005370317836238082;0,004340970836832899;0,0008096211269991438;0,00712185746941818;0,0008608195761499876;-0,004370277269707887
0,004868073407456289;0,0041861416102923245;0,0016704407031491314;0,0027515801997102934;-0,00017055789234290963;-0,005717460582996256
0,0046507032774512225;0,0040636972288317155;0,0014998828108062218;-0,0029658803832859626;0,0009236305661518424;0,00017046138939665056
0,004543396355434568;0,004008070475497071;0,002423513376958064;-0,002795418993889312;-0,0021477779639240274;0,004504766760343157
0,004317454218086475;0,0040124390345946765;0,0002757354130340367;0,0017093477664538448;-0,0005876567550688744;-0,000888751637474261
0,00397969532098281;0,004113748128770604;-0,0003119213420348377;0,0008205961289795838;-0,0027179337657960573;-0,003970159124196598
0,0037103103345372977;0,004226086639467893;-0,003029855107830895;-0,0031495629952170145;0,0016642831995392765;-0,00021129896157381922
0,0034737491932509694;0,0043259482964837885;-0,0013655719082916185;-0,0033608619567908338;0,004645254350840483;0,0031744228480629078
0,0031112055321559605;0,0043046157491864485;0,0032796824425488647;-0,00018643910872792602;-0,00421837382911644;0,0029592784021903393
0,0026142273927893186;0,004228660325557443;-0,000938691386567575;0,0027728392934624133;0,0023138062073948945;-0,0006600243154574123
0,0021097916890735592;0,004283892199630393;0,0013751148208273195;0,002112814978005001;-0,0002553034447320829;-0,00507128959898941
0,0017162695570962963;0,00430157641824064;0,0011198113760952366;-0,002958474620984409;0,0014973570076984577;0,002621636275263836
0,0014072600242392335;0,004374265229683979;0,0026171683837936943;-0,0003368383457205727;-0,0032828419846308438;0,0010501329736228686
0,0009799115065427944;0,004491746496171128;-0,0006656736008371494;0,0007132946279022959;-0,0015308675995431426;0,0024054860420207463
0,0005390894550175325;0,004713914498010024;-0,002196541200380292;0,003118780669923042;7,75211678087917e-05;7,969127448808917e-05
0,00012679918860836236;0,004909455555815435;-0,0021190200325715003;0,0031984719444111314;-0,001126756320736777;-0,001730705644630539
-0,0001607398510038861;0,005017134965605634;-0,0032457763533082773;0,0014677662997805924;0,004257114057016953;0,0027744394036405785
-0,0003203400128396893;0,005040053574092973;0,0010113377037086757;0,004242205703421171;-0,0014094390704666587;0,0010570395940996402
-0,0004212295226842689;0,004933141128447981;-0,000398101366757983;0,005299245297520811;0,00233825616755233;0,0017365475932693657
-0,0003524308043920015;0,004866682190951336;0,001940154800794347;0,007035792890790177;-0,0035168918766385893;-0,0037935873130911565
-7,166227419890176e-05;0,0047842991987843714;-0,0015767370758442423;0,0032422055776990203;0,003114033088353646;-0,0027212337871426653
0,0004905379716258051;0,004779522398649181;0,0015372960125094037;0,000520971790556355;0,00028837283241517353;0,00016776119812923068
0,0011824264405584726;0,004711676115480221;0,0018256688449245773;0,0006887329886855857;0,0008018144160364254;-0,0023213719911628315
0,0018951537811133946;0,004705321672811636;0,0026274832609610027;-0,0016326390024772458;-0,004245165431523701;-0,003868217507987645
0,00263543044121574;0,004771993983940036;-0,0016176821705626981;-0,005500856510464891;0,0024691306937082436;0,0031215455747903853
0,0033104015412189955;0,004943765625506875;0,0008514485231455454;-0,0023793109356745057;-0,001923201640592384;0,0022925328808620637
0,003765338380803655;0,0050508299802512055;-0,0010717531174468387;-8,677805481244194e-05;0,003527098622836594;-0,0004473113771723547
0,004125102782961335;0,005191952275921358;0,0024553455053897555;-0,0005340894319847966;-0,0005015152934885192;0,0006196426557079499
0,004481396062926517;0,005290204446893638;0,0019538302119012363;8,555322372315322e-05;-0,0033888266626829755;0,001373067402061584
0,004816325765612307;0,005486670438081508;-0,0014349964507817392;0,0014586206257847373;0,00045168645821355713;-0,002696673905322536
0,0051546775972470225;0,005761289637745427;-0,000983309992568182;-0,0012380532795377985;-0,0017898264402578523;-0,0018571454471207338
0,005551374253913128;0,0059785089793780765;-0,0027731364328260344;-0,0030951987266585324;0,0001370148963157347;-0,004976839800697991
0,005898548779397722;0,006156395921307999;-0,0026361215365102997;-0,008072038527356523;0,00135685851746023;0,0034990403287289973
0,006121915355815974;0,006223357405924879;-0,0012792630190500698;-0,004572998198627526;-0,001472668212764372;0,003357100170499172
0,006022400391139966;0,006184874029081349;-0,0027519312318144418;-0,0012158980281283538;0,0006066304279807033;-0,0022769568121740746
0,005739965498518856;0,006095220131475815;-0,0021453008038337384;-0,0034928548403024284;-0,0005719713384398917;0,004995516863094615
0,005408894684772613;0,005895488984597704;-0,00271727214227363;0,0015026620227921866;0,0017958611252859025;-5,102186695676858e-05
0,004938109677414272;0,005609945805566242;-0,0009214110169877276;0,001451640155835418;0,005617949279447268;0,007715412566802818
0,004527431150967619;0,005215711740843836;0,00469653826245954;0,009167052722638236;-0,003988068645276482;-0,00418150563164521
0,004174818230754382;0,0047846212354419205;0,0007084696171830579;0,0049855470909930255;0,0004829188499902992;-0,005882034292705188
0,004188887419446675;0,004541392260538387;0,0011913884671733571;-0,0008964872017121622;-0,0006579012022540076;0,00027934437696085224
0,004402378491778688;0,0043265020703221755;0,0005334872649193495;-0,00061714282475131;0,0010157251773777465;-0,000711267348778355
0,004580010076042216;0,004159267418792898;0,001549212442297096;-0,001328410173529665;-0,0012882021437893576;-0,002387329229941171
0,004732955947315691;0,004013372257860395;0,0002610102985077384;-0,0037157394034708358;-0,001972136024650184;-0,0031408339883886305
0,004832765411647979;0,0039294455946197755;-0,0017111257261424456;-0,006856573391859466;0,002033746829292249;-0,001219657549765038
0,004783945299841434;0,0038559593433194657;0,0003226211031498033;-0,008076230941624504;-0,0029833579305287294;0,008259354218985757
0,00446086225236051;0,003714028062973458;-0,002660736827378926;0,00018312327736125233;0,002636438037937172;0,002698606839403858
0,0038147299672146064;0,0035850016267534425;-2,429878944175401e-05;0,0028817301167651105;0,0009617198947749345;0,0010224191479135808
0,0031759226131631525;0,00334954571743827;0,0009374211053331805;0,0039041492646786913;0,001813681632933814;0,0036919725310983614
0,002652384463782303;0,003113117856545427;0,0027511027382669945;0,007596121795777053;-0,003769200267610115;-0,0008765606232124107
0,002285012284988601;0,0029141868398659117;-0,0010180975293431205;0,006719561172564642;0,0006461919866424665;0,005063446160853538
0,0022214849780259815;0,0028252999327170757;-0,000371905542700654;0,01178300733341818;0,0036554038485210744;-0,006306290021809269
0,0024267401179659475;0,0026956891243945153;0,0032834983058204203;0,005476717311608911;0,0005901048984600643;-0,001541279883016472
0,0031033155512426407;0,002551202094363929;0,0038736032042804847;0,003935437428592439;-0,0015488154401073762;-0,004721892639430819
0,00399895967698369;0,0025380549965661587;0,0023247877641731085;-0,0007864552108383799;4,781190491838505e-05;-0,002856969447767352
0,005052021299868438;0,002679852026939608;0,0023725996690914936;-0,0036434246586057317;0,001069433260846242;-0,0016931919219263791
0,00607362471431965;0,002914640567879982;0,0034420329299377356;-0,005336616580532111;-0,0021803605026376738;-0,005284461874031338
0,0069494911424266325;0,0032443330955840154;0,0012616724273000618;-0,010621078454563448;-0,0034205687811789814;0,0017086663376481848
0,0076118929073123315;0,0037117069404855583;-0,0021588963538789196;-0,008912412116915264;-0,0015814950255619298;0,0028514356465123847
0,007849451534015492;0,004229547682479104;-0,0037403913794408494;-0,006060976470402879;0,00263592193484663;0,0036789571784759667
0,007730513676042041;0,004661032570317493;-0,0011044694445942194;-0,0023820192919269123;-0,001539602853354985;0,003085592139391885
0,007369136759252476;0,004942901802978248;-0,0026440722979492043;0,0007035728474649727;0,00024545371242763736;-0,001031077716171419
0,006912479070785835;0,005180592257855233;-0,002398618585521567;-0,00032750486870644635;0,005403926163908751;0,004188147449444568
0,006483964296217792;0,005312519820814251;0,003005307578387184;0,0038606425807381217;-0,005390930468092553;-0,004143046792999455
0,006042349326901491;0,005348502640352406;-0,002385622889705369;-0,0002824042122613335;0,0008532871932489527;-0,003266742740552858
0,005755160060814715;0,005504697763026049;-0,001532335696456416;-0,0035491469528141917;0,0011548616818271018;-0,0029174260756272413
0,005456674626237485;0,0055654679701114766;-0,0003774740146293143;-0,006466573028441433;-0,0020395633122792245;-0,002930569894113222
0,005016223313547689;0,005564944749338647;-0,002417037326908539;-0,009397142922554655;0,0012645891181477242;0,005150620943158109
0,004317109079720234;0,005549322567980646;-0,0011524482087608146;-0,004246521979396546;-0,0013607646511401283;0,0019413626231789133
0,003242109128990594;0,005437018893546303;-0,002513212859900943;-0,002305159356217633;0,004824004977121807;0,007207076342618517
0,001997248299085092;0,005278617290761527;0,002310792117220864;0,004901916986400884;0,0015250284174934958;0,003000108771211575
0,0006601810949308843;0,005019687173580714;0,00383582053471436;0,007902025757612459;-0,0029873556262582646;-0,00324163889377007
-0,00048080942976728796;0,004853188741088735;0,0008484649084560952;0,004660386863842389;-0,00018496000879859864;0,0061972027492237305
-0,0013057189241609617;0,004840123129985331;0,0006635048996574966;0,01085758961306612;-0,00046986511869299974;-0,0003089596920414564
-0,0019442129440009402;0,00486099611522017;0,00019363978096449685;0,010548629921024663;-0,00262052542705464;-0,006805054292670316
-0,0021484033793182735;0,004908409296441309;-0,0024268856460901433;0,0037435756283543467;0,0022748741464323347;-0,006421869776349162
-0,0019306486177946207;0,004963568068901028;-0,0001520114996578087;-0,0026782941479948155;-0,0023354101122722293;-0,002021568089814744
-0,0015631508311367936;0,0049216514155171415;-0,002487421611930038;-0,004699862237809559;0,0013735408707718777;0,001827391836262588
-0,0013027848103987594;0,004873654302146943;-0,0011138807411581603;-0,0028724704015469713;0,0026764867531730713;-0,00017765817514625928
-0,0012304132791731075;0,004726160324299542;0,001562606012014911;-0,0030501285766932305;-0,0006981407570407216;-0,0012417813910638835
-0,0012729405640093344;0,004534111116805815;0,0008644652549741894;-0,004291909967757114;0,002149575541673346;-0,0007605631000028035
-0,0014374729919132906;0,004404566149792685;0,003014040796647535;-0,0050524730677599175;-0,0019092595296570924;0,00519259499399756
-0,0017736818185275314;0,004309599792978522;0,0011047812669904428;0,00014012192623764214;-0,0027159088843839857;0,00231031772903538
-0,002311989567852169;0,00433519506803026;-0,001611127617393543;0,002450439655273022;0,0011798502451722676;0,0007551879401511905
-0,0028446924401273003;0,004404981593761617;-0,0004312773722212754;0,0032056275954242125;-0,0006519280833641034;0,0003536102591496504
-0,0032793777261915114;0,004410323014797231;-0,0010832054555853787;0,003559237854573863;-0,0002725630416375163;-0,004682063870050615
-0,0035858379084387536;0,004398413340943995;-0,001355768497222895;-0,0011228260154767522;0,0010695258822888132;0,005727593493944985
-0,0037499285765030415;0,004343175448867343;-0,0002862426149340819;0,004604767478468233;-0,0010475693393574015;0,00024430990296991917
-0,0039589322851864;0,004233706816901776;-0,0013338119542914834;0,004849077381438152;0,0028155143388707837;-0,0038350092292574467
-0,003983745294731028;0,004112788480338845;0,0014817023845793004;0,0010140681521807055;-0,0005582995879316599;-0,005138671682122786
-0,0038145952090181305;0,003938517665604255;0,0009234027966476405;-0,004124603529942081;-0,0012327925678247975;0,0005646767552929949
-0,003604882397218005;0,003823514946252837;-0,00030938977117715705;-0,003559926774649086;0,00021576291430823458;0,0020716968435531835
-0,0035601537266155624;0,0037454483387673243;-9,362685686892247e-05;-0,0014882299310959024;9,991456533929577e-05;0,0025555316217404644
-0,003657822126999084;0,0036550061404347256;6,287708470373299e-06;0,001067301690644562;-0,0005255247338426944;-0,0031270814718978163
-0,0038150197246264407;0,00356081886782737;-0,0005192370253723211;-0,0020597797812532542;0,0026560230047486533;0,004538209969398924
-0,003929525254628015;0,0034668831035588295;0,002136785979376332;0,0024784301881456694;-0,002841172705249806;0,0032680280178596643
-0,00412642197587972;0,0033521778582753957;-0,0007043867258734737;0,005746458206005334;0,0034755699038704346;0,0006038649401027274
-0,004224181489605598;0,0033229440521670155;0,002771183177996961;0,006350323146108061;-0,003436057938323328;-0,0010407293850473315
-0,004092082675091263;0,0032655347770236963;-0,0006648747603263672;0,00530959376106073;-0,00014588514244609496;-0,003592125123219353
-0,003705970934732605;0,0033189728290002555;-0,0008107599027724621;0,0017174686378413767;0,0007131682754624169;-0,004458718600129877
-0,0031074754439315176;0,00334581589056376;-9,759162731004523e-05;-0,0027412499622885;-0,0032820063492634277;-0,0021329298841243557
-0,0024402812076167756;0,0033402285560163664;-0,003379597976573473;-0,004874179846412856;0,0054296945831950605;0,0008644896257006263
-0,0018827369697935737;0,0033307375563765705;0,0020500966066215875;-0,0040096902207122295;-0,002517641323539252;-0,0020820816828480415
-0,0015201599258268857;0,003186062637673836;-0,0004675447169176644;-0,006091771903560271;0,002736505189165822;0,00016979577603695034
-0,001317970490688687;0,003123391583235965;0,0022689604722481577;-0,005921976127523321;-0,002857228551734023;0,0007205382158753174
-0,0013594519316928993;0,0030420187401213874;-0,0005882680794858652;-0,005201437911648003;0,0010923613034413276;0,000648730045704829
-0,0016378124177980444;0,003051404315896736;0,0005040932239554624;-0,004552707865943174;0,0015699504567694839;0,003960871594407667
-0,0021242304203691097;0,0030372591684926496;0,0020740436807249463;-0,0005918362715355077;-0,0025442232190397845;-0,0002697671951770661
-0,002792756737577902;0,0030432777500467825;-0,0004701795383148383;-0,0008616034667125738;-0,0015675209243716098;0,0006924648963611696
-0,003484956505648114;0,0031322580788299124;-0,002037700462686448;-0,00016913857035140423;0,0009880444303361213;0,002802387494632033
-0,00421162041238683;0,0032024312260804494;-0,0010496560323503268;0,002633248924280629;0,002942910316659969;-0,0004084424619904825
-0,004945049861939601;0,0031910963548235282;0,0018932542843096423;0,0022248064622901464;-2,2527257165214087e-05;0,0013429431225077948
-0,005573149354521148;0,003137775242272594;0,0018707270271444282;0,0035677495847979412;;
-0,006112256588611089;0,0031601843010940454;;;;
-0,006508653839309111;0,0032574224410012744;;;;
